0.283900	101.00
0.283920	50.00
0.283940	103.00
0.283960	142.00
0.283980	146.00
0.284000	126.00
0.284020	113.00
0.284040	118.00
0.284060	131.00
0.284080	134.00
0.284100	126.00
0.284120	119.00
0.284140	122.00
0.284160	129.00
0.284180	131.00
0.284200	126.00
0.284220	121.00
0.284240	123.00
0.284260	127.00
0.284280	128.00
0.284300	124.00
0.284320	120.00
0.284340	122.00
0.284360	126.00
0.284380	127.00
0.284400	124.00
0.284420	122.00
0.284440	124.00
0.284460	128.00
0.284480	129.00
0.284500	126.00
0.284520	123.00
0.284540	124.00
0.284560	127.00
0.284580	129.00
0.284600	126.00
0.284620	124.00
0.284640	124.00
0.284660	127.00
0.284680	128.00
0.284700	126.00
0.284720	124.00
0.284740	125.00
0.284760	127.00
0.284780	127.00
0.284800	125.00
0.284820	124.00
0.284840	125.00
0.284860	127.00
0.284880	128.00
0.284900	127.00
0.284920	125.00
0.284940	125.00
0.284960	127.00
0.284980	127.00
0.285000	126.00
0.285020	124.00
0.285040	124.00
0.285060	126.00
0.285080	126.00
0.285100	125.00
0.285120	124.00
0.285140	124.00
0.285160	125.00
0.285180	125.00
0.285200	124.00
0.285220	124.00
0.285240	124.00
0.285260	126.00
0.285280	127.00
0.285300	126.00
0.285320	124.00
0.285340	125.00
0.285360	126.00
0.285380	127.00
0.285400	125.00
0.285420	124.00
0.285440	124.00
0.285460	126.00
0.285480	126.00
0.285500	125.00
0.285520	124.00
0.285540	124.00
0.285560	126.00
0.285580	127.00
0.285600	127.00
0.285620	126.00
0.285640	126.00
0.285660	127.00
0.285680	127.00
0.285700	126.00
0.285720	125.00
0.285740	125.00
0.285760	126.00
0.285780	125.00
0.285800	124.00
0.285820	123.00
0.285840	124.00
0.285860	126.00
0.285880	126.00
0.285900	126.00
0.285920	125.00
0.285940	125.00
0.285960	127.00
0.285980	127.00
0.286000	127.00
0.286020	126.00
0.286040	126.00
0.286060	126.00
0.286080	126.00
0.286100	126.00
0.286120	125.00
0.286140	126.00
0.286160	126.00
0.286180	126.00
0.286200	125.00
0.286220	124.00
0.286240	124.00
0.286260	125.00
0.286280	125.00
0.286300	124.00
0.286320	123.00
0.286340	124.00
0.286360	125.00
0.286380	126.00
0.286400	125.00
0.286420	125.00
0.286440	125.00
0.286460	125.00
0.286480	125.00
0.286500	124.00
0.286520	124.00
0.286540	125.00
0.286560	126.00
0.286580	126.00
0.286600	126.00
0.286620	125.00
0.286640	125.00
0.286660	126.00
0.286680	125.00
0.286700	124.00
0.286720	123.00
0.286740	124.00
0.286760	126.00
0.286780	127.00
0.286800	126.00
0.286820	126.00
0.286840	126.00
0.286860	127.00
0.286880	127.00
0.286900	126.00
0.286920	125.00
0.286940	125.00
0.286960	126.00
0.286980	126.00
0.287000	126.00
0.287020	124.00
0.287040	123.00
0.287060	123.00
0.287080	124.00
0.287100	124.00
0.287120	124.00
0.287140	124.00
0.287160	125.00
0.287180	125.00
0.287200	125.00
0.287220	125.00
0.287240	125.00
0.287260	126.00
0.287280	126.00
0.287300	126.00
0.287320	126.00
0.287340	125.00
0.287360	125.00
0.287380	124.00
0.287400	123.00
0.287420	123.00
0.287440	124.00
0.287460	125.00
0.287480	125.00
0.287500	124.00
0.287520	124.00
0.287540	124.00
0.287560	125.00
0.287580	126.00
0.287600	126.00
0.287620	126.00
0.287640	126.00
0.287660	126.00
0.287680	126.00
0.287700	126.00
0.287720	125.00
0.287740	125.00
0.287760	125.00
0.287780	125.00
0.287800	125.00
0.287820	125.00
0.287840	125.00
0.287860	126.00
0.287880	126.00
0.287900	126.00
0.287920	125.00
0.287940	126.00
0.287960	126.00
0.287980	126.00
0.288000	126.00
0.288020	125.00
0.288040	124.00
0.288060	125.00
0.288080	125.00
0.288100	125.00
0.288120	124.00
0.288140	124.00
0.288160	124.00
0.288180	125.00
0.288200	125.00
0.288220	125.00
0.288240	125.00
0.288260	126.00
0.288280	126.00
0.288300	126.00
0.288320	125.00
0.288340	125.00
0.288360	126.00
0.288380	126.00
0.288400	126.00
0.288420	125.00
0.288440	126.00
0.288460	127.00
0.288480	128.00
0.288500	128.00
0.288520	127.00
0.288540	126.00
0.288560	125.00
0.288580	125.00
0.288600	125.00
0.288620	124.00
0.288640	124.00
0.288660	124.00
0.288680	125.00
0.288700	125.00
0.288720	126.00
0.288740	126.00
0.288760	127.00
0.288780	127.00
0.288800	126.00
0.288820	126.00
0.288840	126.00
0.288860	127.00
0.288880	127.00
0.288900	126.00
0.288920	125.00
0.288940	125.00
0.288960	125.00
0.288980	126.00
0.289000	126.00
0.289020	126.00
0.289040	125.00
0.289060	125.00
0.289080	125.00
0.289100	125.00
0.289120	125.00
0.289140	125.00
0.289160	125.00
0.289180	125.00
0.289200	124.00
0.289220	124.00
0.289240	124.00
0.289260	125.00
0.289280	125.00
0.289300	124.00
0.289320	124.00
0.289340	124.00
0.289360	125.00
0.289380	125.00
0.289400	125.00
0.289420	125.00
0.289440	125.00
0.289460	127.00
0.289480	127.00
0.289500	127.00
0.289520	127.00
0.289540	127.00
0.289560	127.00
0.289580	127.00
0.289600	126.00
0.289620	125.00
0.289640	125.00
0.289660	125.00
0.289680	126.00
0.289700	126.00
0.289720	126.00
0.289740	125.00
0.289760	126.00
0.289780	126.00
0.289800	126.00
0.289820	126.00
0.289840	126.00
0.289860	126.00
0.289880	126.00
0.289900	126.00
0.289920	125.00
0.289940	125.00
0.289960	126.00
0.289980	126.00
0.290000	127.00
0.290020	126.00
0.290040	126.00
0.290060	125.00
0.290080	125.00
0.290100	125.00
0.290120	125.00
0.290140	125.00
0.290160	126.00
0.290180	126.00
0.290200	125.00
0.290220	125.00
0.290240	124.00
0.290260	124.00
0.290280	125.00
0.290300	125.00
0.290320	125.00
0.290340	126.00
0.290360	126.00
0.290380	126.00
0.290400	126.00
0.290420	125.00
0.290440	126.00
0.290460	126.00
0.290480	126.00
0.290500	125.00
0.290520	124.00
0.290540	124.00
0.290560	124.00
0.290580	125.00
0.290600	125.00
0.290620	125.00
0.290640	125.00
0.290660	125.00
0.290680	126.00
0.290700	126.00
0.290720	126.00
0.290740	126.00
0.290760	126.00
0.290780	126.00
0.290800	126.00
0.290820	126.00
0.290840	126.00
0.290860	125.00
0.290880	125.00
0.290900	125.00
0.290920	125.00
0.290940	125.00
0.290960	125.00
0.290980	125.00
0.291000	125.00
0.291020	124.00
0.291040	124.00
0.291060	123.00
0.291080	123.00
0.291100	124.00
0.291120	124.00
0.291140	125.00
0.291160	125.00
0.291180	125.00
0.291200	125.00
0.291220	126.00
0.291240	126.00
0.291260	126.00
0.291280	125.00
0.291300	125.00
0.291320	125.00
0.291340	126.00
0.291360	126.00
0.291380	126.00
0.291400	125.00
0.291420	125.00
0.291440	125.00
0.291460	125.00
0.291480	125.00
0.291500	125.00
0.291520	125.00
0.291540	125.00
0.291560	125.00
0.291580	125.00
0.291600	125.00
0.291620	124.00
0.291640	125.00
0.291660	126.00
0.291680	126.00
0.291700	126.00
0.291720	126.00
0.291740	127.00
0.291760	127.00
0.291780	127.00
0.291800	127.00
0.291820	125.00
0.291840	125.00
0.291860	125.00
0.291880	125.00
0.291900	126.00
0.291920	126.00
0.291940	126.00
0.291960	126.00
0.291980	126.00
0.292000	126.00
0.292020	126.00
0.292040	126.00
0.292060	126.00
0.292080	126.00
0.292100	126.00
0.292120	126.00
0.292140	126.00
0.292160	126.00
0.292180	125.00
0.292200	124.00
0.292220	124.00
0.292240	124.00
0.292260	125.00
0.292280	124.00
0.292300	124.00
0.292320	124.00
0.292340	124.00
0.292360	126.00
0.292380	126.00
0.292400	125.00
0.292420	124.00
0.292440	124.00
0.292460	124.00
0.292480	125.00
0.292500	125.00
0.292520	125.00
0.292540	125.00
0.292560	125.00
0.292580	125.00
0.292600	125.00
0.292620	126.00
0.292640	126.00
0.292660	128.00
0.292680	129.00
0.292700	128.00
0.292720	127.00
0.292740	126.00
0.292760	125.00
0.292780	125.00
0.292800	126.00
0.292820	125.00
0.292840	125.00
0.292860	124.00
0.292880	124.00
0.292900	124.00
0.292920	124.00
0.292940	124.00
0.292960	125.00
0.292980	125.00
0.293000	125.00
0.293020	125.00
0.293040	124.00
0.293060	124.00
0.293080	124.00
0.293100	124.00
0.293120	124.00
0.293140	125.00
0.293160	125.00
0.293180	125.00
0.293200	124.00
0.293220	124.00
0.293240	125.00
0.293260	125.00
0.293280	126.00
0.293300	126.00
0.293320	126.00
0.293340	126.00
0.293360	125.00
0.293380	125.00
0.293400	125.00
0.293420	125.00
0.293440	126.00
0.293460	126.00
0.293480	127.00
0.293500	126.00
0.293520	126.00
0.293540	126.00
0.293560	126.00
0.293580	126.00
0.293600	127.00
0.293620	126.00
0.293640	126.00
0.293660	126.00
0.293680	125.00
0.293700	125.00
0.293720	124.00
0.293740	124.00
0.293760	125.00
0.293780	126.00
0.293800	126.00
0.293820	126.00
0.293840	126.00
0.293860	126.00
0.293880	126.00
0.293900	125.00
0.293920	124.00
0.293940	124.00
0.293960	124.00
0.293980	125.00
0.294000	125.00
0.294020	124.00
0.294040	125.00
0.294060	125.00
0.294080	126.00
0.294100	126.00
0.294120	125.00
0.294140	125.00
0.294160	125.00
0.294180	126.00
0.294200	126.00
0.294220	126.00
0.294240	126.00
0.294260	126.00
0.294280	127.00
0.294300	126.00
0.294320	126.00
0.294340	125.00
0.294360	126.00
0.294380	126.00
0.294400	126.00
0.294420	125.00
0.294440	125.00
0.294460	125.00
0.294480	125.00
0.294500	126.00
0.294520	126.00
0.294540	125.00
0.294560	125.00
0.294580	125.00
0.294600	126.00
0.294620	127.00
0.294640	127.00
0.294660	127.00
0.294680	127.00
0.294700	126.00
0.294720	126.00
0.294740	126.00
0.294760	125.00
0.294780	124.00
0.294800	124.00
0.294820	123.00
0.294840	124.00
0.294860	124.00
0.294880	125.00
0.294900	125.00
0.294920	125.00
0.294940	125.00
0.294960	125.00
0.294980	125.00
0.295000	125.00
0.295020	125.00
0.295040	125.00
0.295060	124.00
0.295080	124.00
0.295100	124.00
0.295120	124.00
0.295140	125.00
0.295160	125.00
0.295180	125.00
0.295200	124.00
0.295220	125.00
0.295240	126.00
0.295260	127.00
0.295280	128.00
0.295300	127.00
0.295320	126.00
0.295340	126.00
0.295360	126.00
0.295380	127.00
0.295400	126.00
0.295420	126.00
0.295440	125.00
0.295460	126.00
0.295480	127.00
0.295500	127.00
0.295520	126.00
0.295540	126.00
0.295560	126.00
0.295580	126.00
0.295600	127.00
0.295620	127.00
0.295640	127.00
0.295660	127.00
0.295680	127.00
0.295700	126.00
0.295720	125.00
0.295740	124.00
0.295760	125.00
0.295780	125.00
0.295800	125.00
0.295820	125.00
0.295840	124.00
0.295860	124.00
0.295880	125.00
0.295900	126.00
0.295920	125.00
0.295940	124.00
0.295960	123.00
0.295980	123.00
0.296000	123.00
0.296020	124.00
0.296040	125.00
0.296060	125.00
0.296080	125.00
0.296100	125.00
0.296120	125.00
0.296140	125.00
0.296160	125.00
0.296180	125.00
0.296200	125.00
0.296220	125.00
0.296240	126.00
0.296260	127.00
0.296280	127.00
0.296300	127.00
0.296320	126.00
0.296340	126.00
0.296360	126.00
0.296380	126.00
0.296400	126.00
0.296420	126.00
0.296440	126.00
0.296460	126.00
0.296480	126.00
0.296500	126.00
0.296520	126.00
0.296540	127.00
0.296560	127.00
0.296580	128.00
0.296600	127.00
0.296620	126.00
0.296640	125.00
0.296660	125.00
0.296680	126.00
0.296700	127.00
0.296720	127.00
0.296740	126.00
0.296760	125.00
0.296780	125.00
0.296800	125.00
0.296820	125.00
0.296840	125.00
0.296860	125.00
0.296880	125.00
0.296900	125.00
0.296920	125.00
0.296940	125.00
0.296960	125.00
0.296980	125.00
0.297000	125.00
0.297020	125.00
0.297040	125.00
0.297060	125.00
0.297080	125.00
0.297100	125.00
0.297120	125.00
0.297140	125.00
0.297160	126.00
0.297180	126.00
0.297200	126.00
0.297220	127.00
0.297240	127.00
0.297260	127.00
0.297280	127.00
0.297300	126.00
0.297320	125.00
0.297340	126.00
0.297360	126.00
0.297380	126.00
0.297400	126.00
0.297420	125.00
0.297440	125.00
0.297460	126.00
0.297480	126.00
0.297500	125.00
0.297520	125.00
0.297540	125.00
0.297560	125.00
0.297580	125.00
0.297600	125.00
0.297620	126.00
0.297640	126.00
0.297660	126.00
0.297680	126.00
0.297700	125.00
0.297720	124.00
0.297740	124.00
0.297760	124.00
0.297780	124.00
0.297800	124.00
0.297820	124.00
0.297840	124.00
0.297860	125.00
0.297880	125.00
0.297900	125.00
0.297920	125.00
0.297940	125.00
0.297960	125.00
0.297980	125.00
0.298000	125.00
0.298020	124.00
0.298040	125.00
0.298060	125.00
0.298080	125.00
0.298100	126.00
0.298120	126.00
0.298140	125.00
0.298160	125.00
0.298180	125.00
0.298200	125.00
0.298220	126.00
0.298240	126.00
0.298260	126.00
0.298280	125.00
0.298300	125.00
0.298320	124.00
0.298340	124.00
0.298360	124.00
0.298380	125.00
0.298400	125.00
0.298420	125.00
0.298440	125.00
0.298460	125.00
0.298480	126.00
0.298500	127.00
0.298520	127.00
0.298540	127.00
0.298560	126.00
0.298580	125.00
0.298600	125.00
0.298620	126.00
0.298640	126.00
0.298660	126.00
0.298680	125.00
0.298700	124.00
0.298720	124.00
0.298740	124.00
0.298760	125.00
0.298780	125.00
0.298800	125.00
0.298820	125.00
0.298840	125.00
0.298860	125.00
0.298880	125.00
0.298900	124.00
0.298920	124.00
0.298940	124.00
0.298960	125.00
0.298980	125.00
0.299000	125.00
0.299020	126.00
0.299040	127.00
0.299060	127.00
0.299080	127.00
0.299100	127.00
0.299120	126.00
0.299140	126.00
0.299160	126.00
0.299180	126.00
0.299200	125.00
0.299220	125.00
0.299240	125.00
0.299260	125.00
0.299280	125.00
0.299300	125.00
0.299320	124.00
0.299340	124.00
0.299360	124.00
0.299380	124.00
0.299400	125.00
0.299420	125.00
0.299440	126.00
0.299460	127.00
0.299480	126.00
0.299500	126.00
0.299520	125.00
0.299540	124.00
0.299560	123.00
0.299580	123.00
0.299600	124.00
0.299620	124.00
0.299640	125.00
0.299660	125.00
0.299680	124.00
0.299700	124.00
0.299720	124.00
0.299740	125.00
0.299760	126.00
0.299780	127.00
0.299800	126.00
0.299820	125.00
0.299840	123.00
0.299860	123.00
0.299880	123.00
0.299900	123.00
0.299920	123.00
0.299940	125.00
0.299960	128.00
0.299980	129.00
0.300000	130.00
0.300020	128.00
0.300040	125.00
0.300060	122.00
0.300080	120.00
0.300100	121.00
0.300120	125.00
0.300140	129.00
0.300160	133.00
0.300180	135.00
0.300200	133.00
0.300220	129.00
0.300240	123.00
0.300260	117.00
0.300280	114.00
0.300300	116.00
0.300320	121.00
0.300340	128.00
0.300360	134.00
0.300380	137.00
0.300400	134.00
0.300420	129.00
0.300440	122.00
0.300460	116.00
0.300480	113.00
0.300500	115.00
0.300520	120.00
0.300540	128.00
0.300560	135.00
0.300580	139.00
0.300600	139.00
0.300620	136.00
0.300640	130.00
0.300660	124.00
0.300680	117.00
0.300700	113.00
0.300720	111.00
0.300740	114.00
0.300760	119.00
0.300780	125.00
0.300800	131.00
0.300820	135.00
0.300840	137.00
0.300860	136.00
0.300880	132.00
0.300900	127.00
0.300920	121.00
0.300940	116.00
0.300960	114.00
0.300980	114.00
0.301000	118.00
0.301020	124.00
0.301040	130.00
0.301060	135.00
0.301080	136.00
0.301100	133.00
0.301120	129.00
0.301140	125.00
0.301160	122.00
0.301180	122.00
0.301200	124.00
0.301220	126.00
0.301240	127.00
0.301260	127.00
0.301280	126.00
0.301300	123.00
0.301320	119.00
0.301340	117.00
0.301360	116.00
0.301380	117.00
0.301400	121.00
0.301420	127.00
0.301440	136.00
0.301460	143.00
0.301480	146.00
0.301500	144.00
0.301520	136.00
0.301540	125.00
0.301560	112.00
0.301580	101.00
0.301600	95.00
0.301620	97.00
0.301640	107.00
0.301660	123.00
0.301680	139.00
0.301700	151.00
0.301720	157.00
0.301740	156.00
0.301760	147.00
0.301780	134.00
0.301800	119.00
0.301820	106.00
0.301840	100.00
0.301860	100.00
0.301880	108.00
0.301900	119.00
0.301920	130.00
0.301940	138.00
0.301960	139.00
0.301980	135.00
0.302000	127.00
0.302020	120.00
0.302040	117.00
0.302060	120.00
0.302080	126.00
0.302100	132.00
0.302120	136.00
0.302140	137.00
0.302160	135.00
0.302180	130.00
0.302200	123.00
0.302220	115.00
0.302240	108.00
0.302260	105.00
0.302280	108.00
0.302300	116.00
0.302320	128.00
0.302340	140.00
0.302360	149.00
0.302380	153.00
0.302400	149.00
0.302420	139.00
0.302440	124.00
0.302460	107.00
0.302480	95.00
0.302500	91.00
0.302520	97.00
0.302540	111.00
0.302560	130.00
0.302580	147.00
0.302600	158.00
0.302620	160.00
0.302640	152.00
0.302660	137.00
0.302680	120.00
0.302700	105.00
0.302720	97.00
0.302740	97.00
0.302760	104.00
0.302780	116.00
0.302800	127.00
0.302820	135.00
0.302840	139.00
0.302860	138.00
0.302880	135.00
0.302900	131.00
0.302920	129.00
0.302940	129.00
0.302960	130.00
0.302980	130.00
0.303000	127.00
0.303020	121.00
0.303040	114.00
0.303060	109.00
0.303080	108.00
0.303100	113.00
0.303120	122.00
0.303140	133.00
0.303160	142.00
0.303180	147.00
0.303200	146.00
0.303220	140.00
0.303240	131.00
0.303260	122.00
0.303280	114.00
0.303300	110.00
0.303320	110.00
0.303340	114.00
0.303360	120.00
0.303380	126.00
0.303400	129.00
0.303420	130.00
0.303440	128.00
0.303460	127.00
0.303480	127.00
0.303500	129.00
0.303520	131.00
0.303540	135.00
0.303560	137.00
0.303580	136.00
0.303600	130.00
0.303620	120.00
0.303640	109.00
0.303660	101.00
0.303680	100.00
0.303700	107.00
0.303720	119.00
0.303740	133.00
0.303760	145.00
0.303780	151.00
0.303800	151.00
0.303820	143.00
0.303840	130.00
0.303860	116.00
0.303880	106.00
0.303900	103.00
0.303920	109.00
0.303940	119.00
0.303960	129.00
0.303980	135.00
0.304000	136.00
0.304020	131.00
0.304040	125.00
0.304060	121.00
0.304080	121.00
0.304100	125.00
0.304120	132.00
0.304140	138.00
0.304160	140.00
0.304180	135.00
0.304200	125.00
0.304220	113.00
0.304240	105.00
0.304260	104.00
0.304280	110.00
0.304300	122.00
0.304320	134.00
0.304340	143.00
0.304360	146.00
0.304380	143.00
0.304400	134.00
0.304420	123.00
0.304440	113.00
0.304460	109.00
0.304480	111.00
0.304500	117.00
0.304520	126.00
0.304540	133.00
0.304560	136.00
0.304580	136.00
0.304600	131.00
0.304620	125.00
0.304640	120.00
0.304660	117.00
0.304680	117.00
0.304700	119.00
0.304720	121.00
0.304740	124.00
0.304760	126.00
0.304780	128.00
0.304800	131.00
0.304820	132.00
0.304840	133.00
0.304860	131.00
0.304880	128.00
0.304900	124.00
0.304920	119.00
0.304940	115.00
0.304960	114.00
0.304980	115.00
0.305000	118.00
0.305020	124.00
0.305040	130.00
0.305060	135.00
0.305080	138.00
0.305100	137.00
0.305120	132.00
0.305140	126.00
0.305160	121.00
0.305180	117.00
0.305200	116.00
0.305220	116.00
0.305240	118.00
0.305260	121.00
0.305280	125.00
0.305300	130.00
0.305320	135.00
0.305340	137.00
0.305360	137.00
0.305380	133.00
0.305400	129.00
0.305420	124.00
0.305440	119.00
0.305460	116.00
0.305480	115.00
0.305500	116.00
0.305520	119.00
0.305540	123.00
0.305560	126.00
0.305580	129.00
0.305600	132.00
0.305620	133.00
0.305640	133.00
0.305660	132.00
0.305680	129.00
0.305700	126.00
0.305720	122.00
0.305740	118.00
0.305760	115.00
0.305780	114.00
0.305800	116.00
0.305820	120.00
0.305840	125.00
0.305860	131.00
0.305880	134.00
0.305900	136.00
0.305920	134.00
0.305940	130.00
0.305960	127.00
0.305980	123.00
0.306000	120.00
0.306020	118.00
0.306040	117.00
0.306060	118.00
0.306080	121.00
0.306100	125.00
0.306120	129.00
0.306140	132.00
0.306160	133.00
0.306180	133.00
0.306200	131.00
0.306220	130.00
0.306240	128.00
0.306260	125.00
0.306280	122.00
0.306300	119.00
0.306320	118.00
0.306340	119.00
0.306360	120.00
0.306380	123.00
0.306400	126.00
0.306420	129.00
0.306440	131.00
0.306460	132.00
0.306480	131.00
0.306500	129.00
0.306520	127.00
0.306540	125.00
0.306560	123.00
0.306580	121.00
0.306600	120.00
0.306620	121.00
0.306640	123.00
0.306660	125.00
0.306680	126.00
0.306700	127.00
0.306720	127.00
0.306740	127.00
0.306760	128.00
0.306780	129.00
0.306800	130.00
0.306820	129.00
0.306840	127.00
0.306860	125.00
0.306880	124.00
0.306900	123.00
0.306920	123.00
0.306940	123.00
0.306960	123.00
0.306980	124.00
0.307000	124.00
0.307020	125.00
0.307040	126.00
0.307060	126.00
0.307080	126.00
0.307100	126.00
0.307120	126.00
0.307140	126.00
0.307160	126.00
0.307180	126.00
0.307200	126.00
0.307220	125.00
0.307240	125.00
0.307260	124.00
0.307280	124.00
0.307300	124.00
0.307320	124.00
0.307340	125.00
0.307360	125.00
0.307380	126.00
0.307400	127.00
0.307420	127.00
0.307440	127.00
0.307460	126.00
0.307480	125.00
0.307500	125.00
0.307520	125.00
0.307540	125.00
0.307560	125.00
0.307580	124.00
0.307600	124.00
0.307620	124.00
0.307640	125.00
0.307660	126.00
0.307680	127.00
0.307700	127.00
0.307720	127.00
0.307740	127.00
0.307760	127.00
0.307780	127.00
0.307800	126.00
0.307820	126.00
0.307840	126.00
0.307860	125.00
0.307880	125.00
0.307900	125.00
0.307920	125.00
0.307940	125.00
0.307960	125.00
0.307980	125.00
0.308000	126.00
0.308020	126.00
0.308040	126.00
0.308060	126.00
0.308080	126.00
0.308100	125.00
0.308120	125.00
0.308140	124.00
0.308160	124.00
0.308180	124.00
0.308200	124.00
0.308220	125.00
0.308240	127.00
0.308260	128.00
0.308280	128.00
0.308300	127.00
0.308320	126.00
0.308340	125.00
0.308360	124.00
0.308380	124.00
0.308400	124.00
0.308420	123.00
0.308440	123.00
0.308460	123.00
0.308480	123.00
0.308500	124.00
0.308520	125.00
0.308540	125.00
0.308560	126.00
0.308580	126.00
0.308600	125.00
0.308620	125.00
0.308640	124.00
0.308660	123.00
0.308680	123.00
0.308700	123.00
0.308720	124.00
0.308740	125.00
0.308760	125.00
0.308780	125.00
0.308800	125.00
0.308820	125.00
0.308840	126.00
0.308860	126.00
0.308880	126.00
0.308900	126.00
0.308920	125.00
0.308940	125.00
0.308960	126.00
0.308980	127.00
0.309000	128.00
0.309020	128.00
0.309040	127.00
0.309060	127.00
0.309080	127.00
0.309100	127.00
0.309120	127.00
0.309140	127.00
0.309160	126.00
0.309180	124.00
0.309200	123.00
0.309220	123.00
0.309240	123.00
0.309260	124.00
0.309280	124.00
0.309300	125.00
0.309320	125.00
0.309340	125.00
0.309360	125.00
0.309380	125.00
0.309400	125.00
0.309420	126.00
0.309440	126.00
0.309460	126.00
0.309480	126.00
0.309500	126.00
0.309520	125.00
0.309540	124.00
0.309560	123.00
0.309580	123.00
0.309600	124.00
0.309620	124.00
0.309640	125.00
0.309660	126.00
0.309680	127.00
0.309700	127.00
0.309720	127.00
0.309740	126.00
0.309760	125.00
0.309780	125.00
0.309800	125.00
0.309820	125.00
0.309840	126.00
0.309860	126.00
0.309880	126.00
0.309900	126.00
0.309920	126.00
0.309940	127.00
0.309960	127.00
0.309980	126.00
0.310000	126.00
0.310020	125.00
0.310040	125.00
0.310060	125.00
0.310080	125.00
0.310100	125.00
0.310120	125.00
0.310140	125.00
0.310160	125.00
0.310180	125.00
0.310200	125.00
0.310220	125.00
0.310240	125.00
0.310260	125.00
0.310280	124.00
0.310300	124.00
0.310320	124.00
0.310340	125.00
0.310360	125.00
0.310380	126.00
0.310400	126.00
0.310420	127.00
0.310440	127.00
0.310460	127.00
0.310480	126.00
0.310500	125.00
0.310520	125.00
0.310540	126.00
0.310560	126.00
0.310580	126.00
0.310600	125.00
0.310620	125.00
0.310640	124.00
0.310660	125.00
0.310680	126.00
0.310700	128.00
0.310720	128.00
0.310740	128.00
0.310760	127.00
0.310780	126.00
0.310800	126.00
0.310820	127.00
0.310840	127.00
0.310860	126.00
0.310880	126.00
0.310900	125.00
0.310920	125.00
0.310940	126.00
0.310960	126.00
0.310980	126.00
0.311000	125.00
0.311020	126.00
0.311040	126.00
0.311060	126.00
0.311080	125.00
0.311100	124.00
0.311120	124.00
0.311140	124.00
0.311160	125.00
0.311180	125.00
0.311200	125.00
0.311220	125.00
0.311240	125.00
0.311260	125.00
0.311280	126.00
0.311300	126.00
0.311320	126.00
0.311340	125.00
0.311360	125.00
0.311380	125.00
0.311400	125.00
0.311420	125.00
0.311440	125.00
0.311460	125.00
0.311480	125.00
0.311500	126.00
0.311520	126.00
0.311540	126.00
0.311560	126.00
0.311580	125.00
0.311600	125.00
0.311620	125.00
0.311640	126.00
0.311660	127.00
0.311680	126.00
0.311700	125.00
0.311720	124.00
0.311740	124.00
0.311760	125.00
0.311780	126.00
0.311800	126.00
0.311820	126.00
0.311840	126.00
0.311860	126.00
0.311880	126.00
0.311900	126.00
0.311920	126.00
0.311940	126.00
0.311960	127.00
0.311980	127.00
0.312000	126.00
0.312020	126.00
0.312040	125.00
0.312060	124.00
0.312080	125.00
0.312100	125.00
0.312120	125.00
0.312140	126.00
0.312160	126.00
0.312180	125.00
0.312200	125.00
0.312220	124.00
0.312240	124.00
0.312260	125.00
0.312280	126.00
0.312300	126.00
0.312320	125.00
0.312340	125.00
0.312360	125.00
0.312380	125.00
0.312400	125.00
0.312420	125.00
0.312440	125.00
0.312460	125.00
0.312480	125.00
0.312500	126.00
0.312520	125.00
0.312540	125.00
0.312560	125.00
0.312580	126.00
0.312600	125.00
0.312620	125.00
0.312640	124.00
0.312660	124.00
0.312680	124.00
0.312700	124.00
0.312720	125.00
0.312740	125.00
0.312760	125.00
0.312780	125.00
0.312800	126.00
0.312820	126.00
0.312840	126.00
0.312860	126.00
0.312880	127.00
0.312900	127.00
0.312920	127.00
0.312940	127.00
0.312960	127.00
0.312980	127.00
0.313000	126.00
0.313020	125.00
0.313040	125.00
0.313060	125.00
0.313080	126.00
0.313100	126.00
0.313120	126.00
0.313140	126.00
0.313160	126.00
0.313180	126.00
0.313200	126.00
0.313220	125.00
0.313240	125.00
0.313260	125.00
0.313280	124.00
0.313300	124.00
0.313320	124.00
0.313340	124.00
0.313360	124.00
0.313380	124.00
0.313400	124.00
0.313420	123.00
0.313440	124.00
0.313460	124.00
0.313480	125.00
0.313500	125.00
0.313520	125.00
0.313540	125.00
0.313560	125.00
0.313580	125.00
0.313600	126.00
0.313620	125.00
0.313640	125.00
0.313660	125.00
0.313680	126.00
0.313700	125.00
0.313720	125.00
0.313740	125.00
0.313760	126.00
0.313780	127.00
0.313800	127.00
0.313820	126.00
0.313840	125.00
0.313860	126.00
0.313880	126.00
0.313900	126.00
0.313920	126.00
0.313940	125.00
0.313960	124.00
0.313980	125.00
0.314000	126.00
0.314020	126.00
0.314040	126.00
0.314060	126.00
0.314080	126.00
0.314100	126.00
0.314120	125.00
0.314140	125.00
0.314160	125.00
0.314180	125.00
0.314200	126.00
0.314220	125.00
0.314240	125.00
0.314260	124.00
0.314280	125.00
0.314300	125.00
0.314320	126.00
0.314340	126.00
0.314360	125.00
0.314380	125.00
0.314400	126.00
0.314420	125.00
0.314440	125.00
0.314460	125.00
0.314480	125.00
0.314500	126.00
0.314520	126.00
0.314540	126.00
0.314560	125.00
0.314580	125.00
0.314600	125.00
0.314620	125.00
0.314640	125.00
0.314660	125.00
0.314680	125.00
0.314700	126.00
0.314720	126.00
0.314740	126.00
0.314760	126.00
0.314780	126.00
0.314800	126.00
0.314820	126.00
0.314840	125.00
0.314860	125.00
0.314880	125.00
0.314900	126.00
0.314920	126.00
0.314940	127.00
0.314960	126.00
0.314980	126.00
0.315000	126.00
0.315020	126.00
0.315040	126.00
0.315060	126.00
0.315080	126.00
0.315100	126.00
0.315120	125.00
0.315140	125.00
0.315160	125.00
0.315180	125.00
0.315200	126.00
0.315220	126.00
0.315240	126.00
0.315260	126.00
0.315280	126.00
0.315300	126.00
0.315320	125.00
0.315340	125.00
0.315360	124.00
0.315380	124.00
0.315400	125.00
0.315420	125.00
0.315440	125.00
0.315460	124.00
0.315480	124.00
0.315500	125.00
0.315520	126.00
0.315540	126.00
0.315560	125.00
0.315580	125.00
0.315600	125.00
0.315620	125.00
0.315640	125.00
0.315660	125.00
0.315680	124.00
0.315700	125.00
0.315720	125.00
0.315740	126.00
0.315760	125.00
0.315780	125.00
0.315800	124.00
0.315820	124.00
0.315840	125.00
0.315860	126.00
0.315880	126.00
0.315900	126.00
0.315920	125.00
0.315940	126.00
0.315960	126.00
0.315980	126.00
0.316000	125.00
0.316020	125.00
0.316040	125.00
0.316060	125.00
0.316080	126.00
0.316100	126.00
0.316120	126.00
0.316140	125.00
0.316160	125.00
0.316180	125.00
0.316200	125.00
0.316220	125.00
0.316240	125.00
0.316260	124.00
0.316280	124.00
0.316300	124.00
0.316320	124.00
0.316340	124.00
0.316360	124.00
0.316380	124.00
0.316400	125.00
0.316420	126.00
0.316440	126.00
0.316460	126.00
0.316480	126.00
0.316500	126.00
0.316520	127.00
0.316540	127.00
0.316560	127.00
0.316580	127.00
0.316600	127.00
0.316620	127.00
0.316640	126.00
0.316660	125.00
0.316680	125.00
0.316700	125.00
0.316720	125.00
0.316740	125.00
0.316760	125.00
0.316780	126.00
0.316800	126.00
0.316820	127.00
0.316840	126.00
0.316860	125.00
0.316880	125.00
0.316900	125.00
0.316920	126.00
0.316940	126.00
0.316960	126.00
0.316980	126.00
0.317000	126.00
0.317020	126.00
0.317040	126.00
0.317060	126.00
0.317080	126.00
0.317100	126.00
0.317120	126.00
0.317140	126.00
0.317160	126.00
0.317180	126.00
0.317200	125.00
0.317220	125.00
0.317240	125.00
0.317260	124.00
0.317280	124.00
0.317300	124.00
0.317320	125.00
0.317340	125.00
0.317360	124.00
0.317380	125.00
0.317400	126.00
0.317420	127.00
0.317440	128.00
0.317460	127.00
0.317480	126.00
0.317500	125.00
0.317520	125.00
0.317540	126.00
0.317560	126.00
0.317580	125.00
0.317600	124.00
0.317620	124.00
0.317640	125.00
0.317660	125.00
0.317680	125.00
0.317700	125.00
0.317720	125.00
0.317740	125.00
0.317760	126.00
0.317780	127.00
0.317800	127.00
0.317820	126.00
0.317840	126.00
0.317860	125.00
0.317880	125.00
0.317900	125.00
0.317920	125.00
0.317940	126.00
0.317960	126.00
0.317980	125.00
0.318000	125.00
0.318020	125.00
0.318040	125.00
0.318060	125.00
0.318080	125.00
0.318100	125.00
0.318120	125.00
0.318140	126.00
0.318160	126.00
0.318180	125.00
0.318200	124.00
0.318220	123.00
0.318240	124.00
0.318260	125.00
0.318280	125.00
0.318300	125.00
0.318320	124.00
0.318340	124.00
0.318360	125.00
0.318380	126.00
0.318400	127.00
0.318420	126.00
0.318440	126.00
0.318460	126.00
0.318480	126.00
0.318500	127.00
0.318520	127.00
0.318540	127.00
0.318560	127.00
0.318580	127.00
0.318600	127.00
0.318620	127.00
0.318640	126.00
0.318660	126.00
0.318680	126.00
0.318700	126.00
0.318720	125.00
0.318740	125.00
0.318760	125.00
0.318780	126.00
0.318800	127.00
0.318820	127.00
0.318840	127.00
0.318860	126.00
0.318880	125.00
0.318900	125.00
0.318920	126.00
0.318940	126.00
0.318960	125.00
0.318980	124.00
0.319000	124.00
0.319020	125.00
0.319040	126.00
0.319060	126.00
0.319080	125.00
0.319100	124.00
0.319120	124.00
0.319140	124.00
0.319160	124.00
0.319180	124.00
0.319200	124.00
0.319220	124.00
0.319240	125.00
0.319260	125.00
0.319280	125.00
0.319300	125.00
0.319320	125.00
0.319340	126.00
0.319360	126.00
0.319380	125.00
0.319400	125.00
0.319420	124.00
0.319440	124.00
0.319460	124.00
0.319480	124.00
0.319500	124.00
0.319520	125.00
0.319540	126.00
0.319560	126.00
0.319580	126.00
0.319600	126.00
0.319620	125.00
0.319640	125.00
0.319660	125.00
0.319680	125.00
0.319700	126.00
0.319720	126.00
0.319740	126.00
0.319760	125.00
0.319780	125.00
0.319800	125.00
0.319820	126.00
0.319840	127.00
0.319860	127.00
0.319880	126.00
0.319900	124.00
0.319920	123.00
0.319940	124.00
0.319960	125.00
0.319980	126.00
0.320000	125.00
0.320020	124.00
0.320040	124.00
0.320060	125.00
0.320080	125.00
0.320100	125.00
0.320120	125.00
0.320140	125.00
0.320160	125.00
0.320180	125.00
0.320200	125.00
0.320220	125.00
0.320240	125.00
0.320260	125.00
0.320280	125.00
0.320300	126.00
0.320320	126.00
0.320340	127.00
0.320360	127.00
0.320380	127.00
0.320400	126.00
0.320420	126.00
0.320440	125.00
0.320460	125.00
0.320480	124.00
0.320500	124.00
0.320520	125.00
0.320540	126.00
0.320560	126.00
0.320580	126.00
0.320600	125.00
0.320620	125.00
0.320640	125.00
0.320660	125.00
0.320680	125.00
0.320700	125.00
0.320720	125.00
0.320740	126.00
0.320760	126.00
0.320780	126.00
0.320800	127.00
0.320820	127.00
0.320840	127.00
0.320860	127.00
0.320880	126.00
0.320900	124.00
0.320920	124.00
0.320940	124.00
0.320960	125.00
0.320980	126.00
0.321000	126.00
0.321020	125.00
0.321040	124.00
0.321060	124.00
0.321080	124.00
0.321100	125.00
0.321120	124.00
0.321140	123.00
0.321160	123.00
0.321180	123.00
0.321200	124.00
0.321220	125.00
0.321240	126.00
0.321260	126.00
0.321280	127.00
0.321300	127.00
0.321320	126.00
0.321340	126.00
0.321360	125.00
0.321380	125.00
0.321400	125.00
0.321420	126.00
0.321440	127.00
0.321460	127.00
0.321480	126.00
0.321500	126.00
0.321520	126.00
0.321540	126.00
0.321560	126.00
0.321580	126.00
0.321600	126.00
0.321620	126.00
0.321640	126.00
0.321660	126.00
0.321680	126.00
0.321700	127.00
0.321720	127.00
0.321740	126.00
0.321760	125.00
0.321780	124.00
0.321800	124.00
0.321820	124.00
0.321840	124.00
0.321860	123.00
0.321880	124.00
0.321900	124.00
0.321920	125.00
0.321940	125.00
0.321960	126.00
0.321980	126.00
0.322000	126.00
0.322020	126.00
0.322040	126.00
0.322060	126.00
0.322080	126.00
0.322100	125.00
0.322120	125.00
0.322140	125.00
0.322160	126.00
0.322180	127.00
0.322200	127.00
0.322220	126.00
0.322240	126.00
0.322260	125.00
0.322280	124.00
0.322300	124.00
0.322320	124.00
0.322340	125.00
0.322360	125.00
0.322380	125.00
0.322400	125.00
0.322420	125.00
0.322440	125.00
0.322460	125.00
0.322480	124.00
0.322500	124.00
0.322520	125.00
0.322540	125.00
0.322560	126.00
0.322580	126.00
0.322600	126.00
0.322620	126.00
0.322640	126.00
0.322660	126.00
0.322680	126.00
0.322700	126.00
0.322720	125.00
0.322740	125.00
0.322760	125.00
0.322780	126.00
0.322800	126.00
0.322820	126.00
0.322840	126.00
0.322860	126.00
0.322880	126.00
0.322900	126.00
0.322920	126.00
0.322940	126.00
0.322960	126.00
0.322980	125.00
0.323000	124.00
0.323020	123.00
0.323040	123.00
0.323060	124.00
0.323080	125.00
0.323100	126.00
0.323120	126.00
0.323140	125.00
0.323160	125.00
0.323180	125.00
0.323200	125.00
0.323220	126.00
0.323240	126.00
0.323260	126.00
0.323280	126.00
0.323300	126.00
0.323320	125.00
0.323340	126.00
0.323360	126.00
0.323380	126.00
0.323400	126.00
0.323420	126.00
0.323440	126.00
0.323460	126.00
0.323480	126.00
0.323500	126.00
0.323520	125.00
0.323540	125.00
0.323560	125.00
0.323580	126.00
0.323600	126.00
0.323620	126.00
0.323640	125.00
0.323660	125.00
0.323680	125.00
0.323700	125.00
0.323720	125.00
0.323740	125.00
0.323760	125.00
0.323780	126.00
0.323800	126.00
0.323820	125.00
0.323840	125.00
0.323860	125.00
0.323880	125.00
