0.283900	101.00
0.283920	49.00
0.283940	102.00
0.283960	141.00
0.283980	144.00
0.284000	126.00
0.284020	113.00
0.284040	119.00
0.284060	132.00
0.284080	134.00
0.284100	126.00
0.284120	119.00
0.284140	122.00
0.284160	129.00
0.284180	131.00
0.284200	126.00
0.284220	121.00
0.284240	123.00
0.284260	128.00
0.284280	130.00
0.284300	126.00
0.284320	123.00
0.284340	125.00
0.284360	129.00
0.284380	130.00
0.284400	127.00
0.284420	124.00
0.284440	125.00
0.284460	127.00
0.284480	128.00
0.284500	125.00
0.284520	123.00
0.284540	124.00
0.284560	127.00
0.284580	128.00
0.284600	125.00
0.284620	122.00
0.284640	123.00
0.284660	126.00
0.284680	127.00
0.284700	126.00
0.284720	124.00
0.284740	125.00
0.284760	127.00
0.284780	127.00
0.284800	126.00
0.284820	124.00
0.284840	124.00
0.284860	126.00
0.284880	126.00
0.284900	124.00
0.284920	122.00
0.284940	123.00
0.284960	124.00
0.284980	125.00
0.285000	125.00
0.285020	124.00
0.285040	125.00
0.285060	127.00
0.285080	128.00
0.285100	127.00
0.285120	126.00
0.285140	126.00
0.285160	127.00
0.285180	127.00
0.285200	124.00
0.285220	123.00
0.285240	123.00
0.285260	125.00
0.285280	126.00
0.285300	125.00
0.285320	125.00
0.285340	125.00
0.285360	126.00
0.285380	126.00
0.285400	125.00
0.285420	125.00
0.285440	126.00
0.285460	128.00
0.285480	128.00
0.285500	126.00
0.285520	124.00
0.285540	123.00
0.285560	124.00
0.285580	125.00
0.285600	125.00
0.285620	124.00
0.285640	124.00
0.285660	125.00
0.285680	126.00
0.285700	126.00
0.285720	125.00
0.285740	124.00
0.285760	124.00
0.285780	124.00
0.285800	125.00
0.285820	125.00
0.285840	125.00
0.285860	126.00
0.285880	125.00
0.285900	124.00
0.285920	124.00
0.285940	125.00
0.285960	126.00
0.285980	126.00
0.286000	125.00
0.286020	125.00
0.286040	126.00
0.286060	127.00
0.286080	126.00
0.286100	125.00
0.286120	124.00
0.286140	124.00
0.286160	126.00
0.286180	127.00
0.286200	126.00
0.286220	125.00
0.286240	126.00
0.286260	127.00
0.286280	128.00
0.286300	127.00
0.286320	126.00
0.286340	125.00
0.286360	126.00
0.286380	127.00
0.286400	127.00
0.286420	126.00
0.286440	125.00
0.286460	125.00
0.286480	125.00
0.286500	124.00
0.286520	123.00
0.286540	124.00
0.286560	124.00
0.286580	125.00
0.286600	125.00
0.286620	125.00
0.286640	125.00
0.286660	126.00
0.286680	126.00
0.286700	125.00
0.286720	124.00
0.286740	125.00
0.286760	125.00
0.286780	126.00
0.286800	125.00
0.286820	124.00
0.286840	124.00
0.286860	125.00
0.286880	126.00
0.286900	125.00
0.286920	125.00
0.286940	125.00
0.286960	126.00
0.286980	127.00
0.287000	127.00
0.287020	126.00
0.287040	126.00
0.287060	126.00
0.287080	126.00
0.287100	125.00
0.287120	124.00
0.287140	124.00
0.287160	125.00
0.287180	126.00
0.287200	126.00
0.287220	126.00
0.287240	126.00
0.287260	126.00
0.287280	126.00
0.287300	126.00
0.287320	125.00
0.287340	125.00
0.287360	125.00
0.287380	125.00
0.287400	125.00
0.287420	125.00
0.287440	125.00
0.287460	125.00
0.287480	125.00
0.287500	125.00
0.287520	125.00
0.287540	126.00
0.287560	126.00
0.287580	126.00
0.287600	125.00
0.287620	125.00
0.287640	125.00
0.287660	125.00
0.287680	125.00
0.287700	123.00
0.287720	123.00
0.287740	123.00
0.287760	125.00
0.287780	126.00
0.287800	126.00
0.287820	126.00
0.287840	125.00
0.287860	126.00
0.287880	126.00
0.287900	126.00
0.287920	126.00
0.287940	126.00
0.287960	126.00
0.287980	126.00
0.288000	126.00
0.288020	126.00
0.288040	127.00
0.288060	127.00
0.288080	127.00
0.288100	127.00
0.288120	126.00
0.288140	126.00
0.288160	127.00
0.288180	127.00
0.288200	127.00
0.288220	127.00
0.288240	126.00
0.288260	126.00
0.288280	125.00
0.288300	125.00
0.288320	125.00
0.288340	125.00
0.288360	125.00
0.288380	125.00
0.288400	126.00
0.288420	126.00
0.288440	126.00
0.288460	125.00
0.288480	125.00
0.288500	124.00
0.288520	124.00
0.288540	125.00
0.288560	125.00
0.288580	125.00
0.288600	125.00
0.288620	125.00
0.288640	125.00
0.288660	126.00
0.288680	125.00
0.288700	125.00
0.288720	124.00
0.288740	124.00
0.288760	125.00
0.288780	125.00
0.288800	125.00
0.288820	125.00
0.288840	125.00
0.288860	126.00
0.288880	126.00
0.288900	125.00
0.288920	124.00
0.288940	124.00
0.288960	125.00
0.288980	126.00
0.289000	126.00
0.289020	126.00
0.289040	126.00
0.289060	126.00
0.289080	126.00
0.289100	126.00
0.289120	126.00
0.289140	125.00
0.289160	126.00
0.289180	126.00
0.289200	125.00
0.289220	125.00
0.289240	124.00
0.289260	124.00
0.289280	124.00
0.289300	125.00
0.289320	126.00
0.289340	127.00
0.289360	127.00
0.289380	126.00
0.289400	125.00
0.289420	125.00
0.289440	125.00
0.289460	126.00
0.289480	126.00
0.289500	125.00
0.289520	125.00
0.289540	125.00
0.289560	125.00
0.289580	124.00
0.289600	124.00
0.289620	124.00
0.289640	124.00
0.289660	125.00
0.289680	125.00
0.289700	125.00
0.289720	125.00
0.289740	126.00
0.289760	126.00
0.289780	126.00
0.289800	125.00
0.289820	125.00
0.289840	126.00
0.289860	127.00
0.289880	127.00
0.289900	126.00
0.289920	125.00
0.289940	125.00
0.289960	126.00
0.289980	127.00
0.290000	127.00
0.290020	126.00
0.290040	126.00
0.290060	127.00
0.290080	128.00
0.290100	127.00
0.290120	127.00
0.290140	126.00
0.290160	126.00
0.290180	126.00
0.290200	126.00
0.290220	125.00
0.290240	125.00
0.290260	125.00
0.290280	125.00
0.290300	125.00
0.290320	124.00
0.290340	124.00
0.290360	124.00
0.290380	125.00
0.290400	125.00
0.290420	125.00
0.290440	126.00
0.290460	126.00
0.290480	125.00
0.290500	125.00
0.290520	124.00
0.290540	125.00
0.290560	125.00
0.290580	126.00
0.290600	126.00
0.290620	126.00
0.290640	125.00
0.290660	125.00
0.290680	125.00
0.290700	125.00
0.290720	125.00
0.290740	126.00
0.290760	126.00
0.290780	126.00
0.290800	126.00
0.290820	126.00
0.290840	126.00
0.290860	126.00
0.290880	126.00
0.290900	126.00
0.290920	125.00
0.290940	126.00
0.290960	126.00
0.290980	127.00
0.291000	127.00
0.291020	126.00
0.291040	126.00
0.291060	126.00
0.291080	125.00
0.291100	125.00
0.291120	125.00
0.291140	126.00
0.291160	126.00
0.291180	126.00
0.291200	125.00
0.291220	124.00
0.291240	124.00
0.291260	124.00
0.291280	125.00
0.291300	125.00
0.291320	125.00
0.291340	126.00
0.291360	127.00
0.291380	127.00
0.291400	127.00
0.291420	126.00
0.291440	126.00
0.291460	126.00
0.291480	126.00
0.291500	126.00
0.291520	125.00
0.291540	126.00
0.291560	126.00
0.291580	126.00
0.291600	125.00
0.291620	125.00
0.291640	125.00
0.291660	125.00
0.291680	125.00
0.291700	125.00
0.291720	125.00
0.291740	126.00
0.291760	126.00
0.291780	125.00
0.291800	125.00
0.291820	125.00
0.291840	126.00
0.291860	127.00
0.291880	127.00
0.291900	126.00
0.291920	125.00
0.291940	125.00
0.291960	126.00
0.291980	126.00
0.292000	126.00
0.292020	125.00
0.292040	126.00
0.292060	126.00
0.292080	125.00
0.292100	124.00
0.292120	124.00
0.292140	124.00
0.292160	126.00
0.292180	126.00
0.292200	125.00
0.292220	124.00
0.292240	124.00
0.292260	124.00
0.292280	126.00
0.292300	127.00
0.292320	126.00
0.292340	126.00
0.292360	125.00
0.292380	125.00
0.292400	125.00
0.292420	124.00
0.292440	125.00
0.292460	125.00
0.292480	126.00
0.292500	126.00
0.292520	126.00
0.292540	125.00
0.292560	125.00
0.292580	125.00
0.292600	125.00
0.292620	125.00
0.292640	125.00
0.292660	126.00
0.292680	125.00
0.292700	124.00
0.292720	123.00
0.292740	123.00
0.292760	124.00
0.292780	125.00
0.292800	126.00
0.292820	126.00
0.292840	125.00
0.292860	125.00
0.292880	125.00
0.292900	125.00
0.292920	125.00
0.292940	126.00
0.292960	126.00
0.292980	126.00
0.293000	125.00
0.293020	125.00
0.293040	125.00
0.293060	126.00
0.293080	125.00
0.293100	125.00
0.293120	124.00
0.293140	125.00
0.293160	125.00
0.293180	125.00
0.293200	124.00
0.293220	124.00
0.293240	125.00
0.293260	126.00
0.293280	126.00
0.293300	125.00
0.293320	124.00
0.293340	124.00
0.293360	124.00
0.293380	124.00
0.293400	124.00
0.293420	124.00
0.293440	124.00
0.293460	125.00
0.293480	125.00
0.293500	124.00
0.293520	124.00
0.293540	124.00
0.293560	125.00
0.293580	125.00
0.293600	126.00
0.293620	126.00
0.293640	126.00
0.293660	126.00
0.293680	126.00
0.293700	125.00
0.293720	124.00
0.293740	124.00
0.293760	125.00
0.293780	126.00
0.293800	127.00
0.293820	126.00
0.293840	126.00
0.293860	127.00
0.293880	127.00
0.293900	127.00
0.293920	127.00
0.293940	127.00
0.293960	127.00
0.293980	127.00
0.294000	126.00
0.294020	126.00
0.294040	126.00
0.294060	126.00
0.294080	127.00
0.294100	126.00
0.294120	125.00
0.294140	125.00
0.294160	125.00
0.294180	126.00
0.294200	126.00
0.294220	125.00
0.294240	124.00
0.294260	124.00
0.294280	124.00
0.294300	125.00
0.294320	125.00
0.294340	125.00
0.294360	125.00
0.294380	125.00
0.294400	125.00
0.294420	124.00
0.294440	125.00
0.294460	125.00
0.294480	125.00
0.294500	126.00
0.294520	126.00
0.294540	126.00
0.294560	126.00
0.294580	126.00
0.294600	126.00
0.294620	126.00
0.294640	125.00
0.294660	126.00
0.294680	126.00
0.294700	126.00
0.294720	125.00
0.294740	125.00
0.294760	125.00
0.294780	125.00
0.294800	125.00
0.294820	124.00
0.294840	124.00
0.294860	125.00
0.294880	126.00
0.294900	126.00
0.294920	125.00
0.294940	125.00
0.294960	125.00
0.294980	126.00
0.295000	126.00
0.295020	126.00
0.295040	126.00
0.295060	125.00
0.295080	125.00
0.295100	125.00
0.295120	125.00
0.295140	124.00
0.295160	124.00
0.295180	124.00
0.295200	125.00
0.295220	125.00
0.295240	125.00
0.295260	124.00
0.295280	125.00
0.295300	125.00
0.295320	125.00
0.295340	126.00
0.295360	126.00
0.295380	125.00
0.295400	125.00
0.295420	125.00
0.295440	125.00
0.295460	124.00
0.295480	125.00
0.295500	125.00
0.295520	125.00
0.295540	126.00
0.295560	125.00
0.295580	125.00
0.295600	125.00
0.295620	125.00
0.295640	125.00
0.295660	126.00
0.295680	126.00
0.295700	126.00
0.295720	126.00
0.295740	127.00
0.295760	127.00
0.295780	127.00
0.295800	127.00
0.295820	127.00
0.295840	127.00
0.295860	126.00
0.295880	126.00
0.295900	126.00
0.295920	126.00
0.295940	126.00
0.295960	126.00
0.295980	126.00
0.296000	126.00
0.296020	126.00
0.296040	126.00
0.296060	125.00
0.296080	125.00
0.296100	125.00
0.296120	124.00
0.296140	124.00
0.296160	124.00
0.296180	125.00
0.296200	125.00
0.296220	125.00
0.296240	125.00
0.296260	124.00
0.296280	124.00
0.296300	124.00
0.296320	125.00
0.296340	125.00
0.296360	126.00
0.296380	126.00
0.296400	126.00
0.296420	126.00
0.296440	125.00
0.296460	125.00
0.296480	125.00
0.296500	126.00
0.296520	126.00
0.296540	126.00
0.296560	126.00
0.296580	126.00
0.296600	126.00
0.296620	126.00
0.296640	125.00
0.296660	125.00
0.296680	125.00
0.296700	126.00
0.296720	126.00
0.296740	126.00
0.296760	126.00
0.296780	125.00
0.296800	125.00
0.296820	126.00
0.296840	127.00
0.296860	127.00
0.296880	126.00
0.296900	126.00
0.296920	126.00
0.296940	126.00
0.296960	125.00
0.296980	125.00
0.297000	124.00
0.297020	124.00
0.297040	124.00
0.297060	125.00
0.297080	125.00
0.297100	125.00
0.297120	125.00
0.297140	125.00
0.297160	125.00
0.297180	125.00
0.297200	125.00
0.297220	125.00
0.297240	125.00
0.297260	126.00
0.297280	126.00
0.297300	126.00
0.297320	126.00
0.297340	126.00
0.297360	126.00
0.297380	126.00
0.297400	126.00
0.297420	126.00
0.297440	126.00
0.297460	126.00
0.297480	127.00
0.297500	127.00
0.297520	127.00
0.297540	127.00
0.297560	126.00
0.297580	125.00
0.297600	125.00
0.297620	125.00
0.297640	125.00
0.297660	125.00
0.297680	125.00
0.297700	125.00
0.297720	126.00
0.297740	127.00
0.297760	127.00
0.297780	128.00
0.297800	127.00
0.297820	126.00
0.297840	126.00
0.297860	126.00
0.297880	126.00
0.297900	126.00
0.297920	126.00
0.297940	126.00
0.297960	126.00
0.297980	126.00
0.298000	126.00
0.298020	126.00
0.298040	126.00
0.298060	126.00
0.298080	125.00
0.298100	125.00
0.298120	123.00
0.298140	123.00
0.298160	123.00
0.298180	124.00
0.298200	125.00
0.298220	125.00
0.298240	124.00
0.298260	124.00
0.298280	125.00
0.298300	125.00
0.298320	126.00
0.298340	126.00
0.298360	126.00
0.298380	126.00
0.298400	126.00
0.298420	126.00
0.298440	126.00
0.298460	125.00
0.298480	125.00
0.298500	125.00
0.298520	125.00
0.298540	126.00
0.298560	126.00
0.298580	126.00
0.298600	126.00
0.298620	125.00
0.298640	125.00
0.298660	125.00
0.298680	125.00
0.298700	125.00
0.298720	125.00
0.298740	125.00
0.298760	125.00
0.298780	125.00
0.298800	126.00
0.298820	126.00
0.298840	126.00
0.298860	126.00
0.298880	125.00
0.298900	125.00
0.298920	125.00
0.298940	125.00
0.298960	125.00
0.298980	126.00
0.299000	126.00
0.299020	126.00
0.299040	126.00
0.299060	125.00
0.299080	125.00
0.299100	124.00
0.299120	124.00
0.299140	125.00
0.299160	125.00
0.299180	124.00
0.299200	124.00
0.299220	125.00
0.299240	125.00
0.299260	125.00
0.299280	125.00
0.299300	124.00
0.299320	124.00
0.299340	124.00
0.299360	125.00
0.299380	126.00
0.299400	126.00
0.299420	126.00
0.299440	126.00
0.299460	126.00
0.299480	126.00
0.299500	126.00
0.299520	125.00
0.299540	125.00
0.299560	125.00
0.299580	126.00
0.299600	126.00
0.299620	126.00
0.299640	126.00
0.299660	126.00
0.299680	127.00
0.299700	127.00
0.299720	128.00
0.299740	127.00
0.299760	126.00
0.299780	126.00
0.299800	126.00
0.299820	125.00
0.299840	125.00
0.299860	124.00
0.299880	124.00
0.299900	124.00
0.299920	125.00
0.299940	125.00
0.299960	126.00
0.299980	126.00
0.300000	126.00
0.300020	125.00
0.300040	125.00
0.300060	124.00
0.300080	124.00
0.300100	123.00
0.300120	123.00
0.300140	123.00
0.300160	124.00
0.300180	125.00
0.300200	127.00
0.300220	128.00
0.300240	128.00
0.300260	127.00
0.300280	125.00
0.300300	125.00
0.300320	125.00
0.300340	125.00
0.300360	125.00
0.300380	125.00
0.300400	125.00
0.300420	127.00
0.300440	127.00
0.300460	127.00
0.300480	127.00
0.300500	126.00
0.300520	126.00
0.300540	126.00
0.300560	126.00
0.300580	125.00
0.300600	124.00
0.300620	124.00
0.300640	124.00
0.300660	125.00
0.300680	126.00
0.300700	126.00
0.300720	127.00
0.300740	128.00
0.300760	128.00
0.300780	127.00
0.300800	125.00
0.300820	125.00
0.300840	124.00
0.300860	124.00
0.300880	124.00
0.300900	125.00
0.300920	126.00
0.300940	127.00
0.300960	127.00
0.300980	127.00
0.301000	126.00
0.301020	125.00
0.301040	125.00
0.301060	125.00
0.301080	125.00
0.301100	125.00
0.301120	125.00
0.301140	125.00
0.301160	125.00
0.301180	126.00
0.301200	126.00
0.301220	127.00
0.301240	126.00
0.301260	125.00
0.301280	124.00
0.301300	124.00
0.301320	125.00
0.301340	125.00
0.301360	125.00
0.301380	125.00
0.301400	125.00
0.301420	126.00
0.301440	127.00
0.301460	127.00
0.301480	126.00
0.301500	126.00
0.301520	125.00
0.301540	126.00
0.301560	126.00
0.301580	126.00
0.301600	126.00
0.301620	126.00
0.301640	126.00
0.301660	127.00
0.301680	128.00
0.301700	128.00
0.301720	128.00
0.301740	127.00
0.301760	127.00
0.301780	126.00
0.301800	125.00
0.301820	124.00
0.301840	123.00
0.301860	123.00
0.301880	123.00
0.301900	124.00
0.301920	125.00
0.301940	125.00
0.301960	125.00
0.301980	125.00
0.302000	125.00
0.302020	125.00
0.302040	125.00
0.302060	125.00
0.302080	125.00
0.302100	124.00
0.302120	125.00
0.302140	125.00
0.302160	125.00
0.302180	124.00
0.302200	124.00
0.302220	125.00
0.302240	126.00
0.302260	126.00
0.302280	126.00
0.302300	126.00
0.302320	126.00
0.302340	126.00
0.302360	127.00
0.302380	126.00
0.302400	125.00
0.302420	125.00
0.302440	125.00
0.302460	125.00
0.302480	126.00
0.302500	126.00
0.302520	127.00
0.302540	128.00
0.302560	128.00
0.302580	127.00
0.302600	125.00
0.302620	124.00
0.302640	125.00
0.302660	126.00
0.302680	127.00
0.302700	127.00
0.302720	125.00
0.302740	124.00
0.302760	123.00
0.302780	123.00
0.302800	124.00
0.302820	124.00
0.302840	124.00
0.302860	124.00
0.302880	124.00
0.302900	124.00
0.302920	125.00
0.302940	125.00
0.302960	126.00
0.302980	125.00
0.303000	125.00
0.303020	125.00
0.303040	125.00
0.303060	125.00
0.303080	125.00
0.303100	125.00
0.303120	125.00
0.303140	126.00
0.303160	126.00
0.303180	127.00
0.303200	126.00
0.303220	126.00
0.303240	126.00
0.303260	126.00
0.303280	125.00
0.303300	125.00
0.303320	124.00
0.303340	124.00
0.303360	124.00
0.303380	125.00
0.303400	125.00
0.303420	126.00
0.303440	127.00
0.303460	128.00
0.303480	128.00
0.303500	126.00
0.303520	125.00
0.303540	124.00
0.303560	124.00
0.303580	125.00
0.303600	126.00
0.303620	126.00
0.303640	126.00
0.303660	126.00
0.303680	126.00
0.303700	126.00
0.303720	126.00
0.303740	126.00
0.303760	126.00
0.303780	126.00
0.303800	126.00
0.303820	126.00
0.303840	126.00
0.303860	126.00
0.303880	125.00
0.303900	124.00
0.303920	124.00
0.303940	124.00
0.303960	124.00
0.303980	125.00
0.304000	125.00
0.304020	124.00
0.304040	123.00
0.304060	123.00
0.304080	124.00
0.304100	125.00
0.304120	126.00
0.304140	127.00
0.304160	127.00
0.304180	127.00
0.304200	126.00
0.304220	126.00
0.304240	126.00
0.304260	125.00
0.304280	125.00
0.304300	125.00
0.304320	126.00
0.304340	127.00
0.304360	127.00
0.304380	127.00
0.304400	125.00
0.304420	125.00
0.304440	125.00
0.304460	126.00
0.304480	125.00
0.304500	124.00
0.304520	124.00
0.304540	125.00
0.304560	126.00
0.304580	126.00
0.304600	125.00
0.304620	124.00
0.304640	124.00
0.304660	124.00
0.304680	125.00
0.304700	125.00
0.304720	125.00
0.304740	125.00
0.304760	125.00
0.304780	125.00
0.304800	124.00
0.304820	123.00
0.304840	124.00
0.304860	124.00
0.304880	125.00
0.304900	125.00
0.304920	125.00
0.304940	125.00
0.304960	125.00
0.304980	126.00
0.305000	126.00
0.305020	126.00
0.305040	125.00
0.305060	126.00
0.305080	126.00
0.305100	126.00
0.305120	126.00
0.305140	125.00
0.305160	125.00
0.305180	125.00
0.305200	124.00
0.305220	124.00
0.305240	124.00
0.305260	124.00
0.305280	124.00
0.305300	125.00
0.305320	125.00
0.305340	126.00
0.305360	127.00
0.305380	127.00
0.305400	127.00
0.305420	128.00
0.305440	127.00
0.305460	126.00
0.305480	125.00
0.305500	124.00
0.305520	124.00
0.305540	125.00
0.305560	127.00
0.305580	127.00
0.305600	127.00
0.305620	126.00
0.305640	126.00
0.305660	126.00
0.305680	126.00
0.305700	126.00
0.305720	125.00
0.305740	125.00
0.305760	126.00
0.305780	126.00
0.305800	126.00
0.305820	126.00
0.305840	126.00
0.305860	126.00
0.305880	127.00
0.305900	126.00
0.305920	125.00
0.305940	125.00
0.305960	124.00
0.305980	124.00
0.306000	124.00
0.306020	125.00
0.306040	125.00
0.306060	125.00
0.306080	125.00
0.306100	125.00
0.306120	125.00
0.306140	125.00
0.306160	126.00
0.306180	126.00
0.306200	127.00
0.306220	127.00
0.306240	126.00
0.306260	126.00
0.306280	125.00
0.306300	124.00
0.306320	124.00
0.306340	124.00
0.306360	125.00
0.306380	126.00
0.306400	126.00
0.306420	125.00
0.306440	125.00
0.306460	126.00
0.306480	126.00
0.306500	126.00
0.306520	126.00
0.306540	125.00
0.306560	125.00
0.306580	126.00
0.306600	126.00
0.306620	126.00
0.306640	126.00
0.306660	126.00
0.306680	126.00
0.306700	126.00
0.306720	125.00
0.306740	125.00
0.306760	125.00
0.306780	125.00
0.306800	125.00
0.306820	125.00
0.306840	125.00
0.306860	125.00
0.306880	125.00
0.306900	125.00
0.306920	125.00
0.306940	125.00
0.306960	125.00
0.306980	124.00
0.307000	124.00
0.307020	124.00
0.307040	125.00
0.307060	125.00
0.307080	125.00
0.307100	125.00
0.307120	126.00
0.307140	126.00
0.307160	126.00
0.307180	126.00
0.307200	126.00
0.307220	126.00
0.307240	125.00
0.307260	125.00
0.307280	126.00
0.307300	126.00
0.307320	126.00
0.307340	126.00
0.307360	126.00
0.307380	126.00
0.307400	125.00
0.307420	125.00
0.307440	125.00
0.307460	125.00
0.307480	126.00
0.307500	126.00
0.307520	126.00
0.307540	126.00
0.307560	125.00
0.307580	125.00
0.307600	126.00
0.307620	126.00
0.307640	126.00
0.307660	126.00
0.307680	125.00
0.307700	125.00
0.307720	124.00
0.307740	124.00
0.307760	124.00
0.307780	125.00
0.307800	125.00
0.307820	125.00
0.307840	125.00
0.307860	125.00
0.307880	124.00
0.307900	125.00
0.307920	125.00
0.307940	125.00
0.307960	125.00
0.307980	124.00
0.308000	125.00
0.308020	125.00
0.308040	125.00
0.308060	125.00
0.308080	125.00
0.308100	125.00
0.308120	125.00
0.308140	125.00
0.308160	125.00
0.308180	125.00
0.308200	125.00
0.308220	125.00
0.308240	127.00
0.308260	128.00
0.308280	128.00
0.308300	127.00
0.308320	127.00
0.308340	126.00
0.308360	126.00
0.308380	127.00
0.308400	126.00
0.308420	126.00
0.308440	126.00
0.308460	126.00
0.308480	125.00
0.308500	125.00
0.308520	126.00
0.308540	126.00
0.308560	126.00
0.308580	125.00
0.308600	125.00
0.308620	125.00
0.308640	125.00
0.308660	126.00
0.308680	126.00
0.308700	125.00
0.308720	125.00
0.308740	124.00
0.308760	124.00
0.308780	125.00
0.308800	125.00
0.308820	125.00
0.308840	125.00
0.308860	125.00
0.308880	124.00
0.308900	124.00
0.308920	125.00
0.308940	126.00
0.308960	126.00
0.308980	126.00
0.309000	126.00
0.309020	126.00
0.309040	126.00
0.309060	126.00
0.309080	126.00
0.309100	125.00
0.309120	125.00
0.309140	124.00
0.309160	125.00
0.309180	125.00
0.309200	126.00
0.309220	126.00
0.309240	126.00
0.309260	126.00
0.309280	126.00
0.309300	126.00
0.309320	126.00
0.309340	126.00
0.309360	126.00
0.309380	125.00
0.309400	124.00
0.309420	124.00
0.309440	124.00
0.309460	125.00
0.309480	126.00
0.309500	126.00
0.309520	125.00
0.309540	125.00
0.309560	125.00
0.309580	125.00
0.309600	125.00
0.309620	124.00
0.309640	125.00
0.309660	126.00
0.309680	127.00
0.309700	127.00
0.309720	126.00
0.309740	125.00
0.309760	125.00
0.309780	125.00
0.309800	125.00
0.309820	124.00
0.309840	124.00
0.309860	124.00
0.309880	125.00
0.309900	125.00
0.309920	125.00
0.309940	124.00
0.309960	125.00
0.309980	125.00
0.310000	126.00
0.310020	127.00
0.310040	127.00
0.310060	126.00
0.310080	126.00
0.310100	126.00
0.310120	126.00
0.310140	126.00
0.310160	126.00
0.310180	126.00
0.310200	126.00
0.310220	126.00
0.310240	125.00
0.310260	126.00
0.310280	126.00
0.310300	126.00
0.310320	126.00
0.310340	126.00
0.310360	126.00
0.310380	127.00
0.310400	126.00
0.310420	126.00
0.310440	125.00
0.310460	125.00
0.310480	125.00
0.310500	125.00
0.310520	124.00
0.310540	124.00
0.310560	125.00
0.310580	125.00
0.310600	125.00
0.310620	124.00
0.310640	124.00
0.310660	124.00
0.310680	124.00
0.310700	124.00
0.310720	125.00
0.310740	125.00
0.310760	124.00
0.310780	124.00
0.310800	125.00
0.310820	125.00
0.310840	125.00
0.310860	125.00
0.310880	125.00
0.310900	125.00
0.310920	125.00
0.310940	125.00
0.310960	126.00
0.310980	127.00
0.311000	128.00
0.311020	128.00
0.311040	127.00
0.311060	126.00
0.311080	126.00
0.311100	125.00
0.311120	125.00
0.311140	125.00
0.311160	125.00
0.311180	125.00
0.311200	125.00
0.311220	125.00
0.311240	126.00
0.311260	126.00
0.311280	127.00
0.311300	127.00
0.311320	126.00
0.311340	125.00
0.311360	125.00
0.311380	125.00
0.311400	125.00
0.311420	126.00
0.311440	126.00
0.311460	127.00
0.311480	127.00
0.311500	126.00
0.311520	126.00
0.311540	126.00
0.311560	126.00
0.311580	126.00
0.311600	126.00
0.311620	126.00
0.311640	126.00
0.311660	126.00
0.311680	126.00
0.311700	126.00
0.311720	125.00
0.311740	124.00
0.311760	124.00
0.311780	124.00
0.311800	125.00
0.311820	125.00
0.311840	124.00
0.311860	124.00
0.311880	125.00
0.311900	126.00
0.311920	126.00
0.311940	126.00
0.311960	125.00
0.311980	125.00
0.312000	125.00
0.312020	125.00
0.312040	125.00
0.312060	125.00
0.312080	125.00
0.312100	125.00
0.312120	125.00
0.312140	125.00
0.312160	125.00
0.312180	125.00
0.312200	125.00
0.312220	126.00
0.312240	126.00
0.312260	127.00
0.312280	127.00
0.312300	127.00
0.312320	126.00
0.312340	126.00
0.312360	126.00
0.312380	126.00
0.312400	126.00
0.312420	126.00
0.312440	126.00
0.312460	126.00
0.312480	126.00
0.312500	125.00
0.312520	124.00
0.312540	124.00
0.312560	125.00
0.312580	125.00
0.312600	126.00
0.312620	125.00
0.312640	125.00
0.312660	125.00
0.312680	125.00
0.312700	125.00
0.312720	125.00
0.312740	125.00
0.312760	125.00
0.312780	125.00
0.312800	125.00
0.312820	125.00
0.312840	125.00
0.312860	126.00
0.312880	126.00
0.312900	126.00
0.312920	126.00
0.312940	125.00
0.312960	125.00
0.312980	125.00
0.313000	125.00
0.313020	125.00
0.313040	125.00
0.313060	124.00
0.313080	125.00
0.313100	125.00
0.313120	125.00
0.313140	126.00
0.313160	126.00
0.313180	126.00
0.313200	126.00
0.313220	125.00
0.313240	125.00
0.313260	125.00
0.313280	125.00
0.313300	126.00
0.313320	127.00
0.313340	127.00
0.313360	126.00
0.313380	126.00
0.313400	126.00
0.313420	126.00
0.313440	126.00
0.313460	126.00
0.313480	124.00
0.313500	124.00
0.313520	124.00
0.313540	125.00
0.313560	125.00
0.313580	126.00
0.313600	126.00
0.313620	125.00
0.313640	125.00
0.313660	125.00
0.313680	125.00
0.313700	126.00
0.313720	126.00
0.313740	125.00
0.313760	124.00
0.313780	124.00
0.313800	124.00
0.313820	125.00
0.313840	126.00
0.313860	126.00
0.313880	126.00
0.313900	126.00
0.313920	126.00
0.313940	126.00
0.313960	126.00
0.313980	125.00
0.314000	125.00
0.314020	125.00
0.314040	126.00
0.314060	126.00
0.314080	126.00
0.314100	126.00
0.314120	125.00
0.314140	125.00
0.314160	125.00
0.314180	125.00
0.314200	125.00
0.314220	125.00
0.314240	125.00
0.314260	125.00
0.314280	125.00
0.314300	125.00
0.314320	125.00
0.314340	125.00
0.314360	125.00
0.314380	125.00
0.314400	125.00
0.314420	125.00
0.314440	125.00
0.314460	125.00
0.314480	125.00
0.314500	125.00
0.314520	125.00
0.314540	125.00
0.314560	125.00
0.314580	125.00
0.314600	125.00
0.314620	125.00
0.314640	125.00
0.314660	125.00
0.314680	125.00
0.314700	126.00
0.314720	126.00
0.314740	126.00
0.314760	126.00
0.314780	126.00
0.314800	126.00
0.314820	126.00
0.314840	126.00
0.314860	125.00
0.314880	125.00
0.314900	124.00
0.314920	125.00
0.314940	125.00
0.314960	125.00
0.314980	125.00
0.315000	125.00
0.315020	125.00
0.315040	125.00
0.315060	125.00
0.315080	126.00
0.315100	126.00
0.315120	126.00
0.315140	127.00
0.315160	127.00
0.315180	126.00
0.315200	125.00
0.315220	124.00
0.315240	124.00
0.315260	124.00
0.315280	125.00
0.315300	125.00
0.315320	125.00
0.315340	125.00
0.315360	125.00
0.315380	126.00
0.315400	126.00
0.315420	126.00
0.315440	126.00
0.315460	125.00
0.315480	125.00
0.315500	125.00
0.315520	125.00
0.315540	124.00
0.315560	124.00
0.315580	124.00
0.315600	124.00
0.315620	124.00
0.315640	124.00
0.315660	124.00
0.315680	124.00
0.315700	123.00
0.315720	124.00
0.315740	125.00
0.315760	125.00
0.315780	126.00
0.315800	126.00
0.315820	127.00
0.315840	127.00
0.315860	127.00
0.315880	126.00
0.315900	125.00
0.315920	124.00
0.315940	124.00
0.315960	125.00
0.315980	126.00
0.316000	126.00
0.316020	126.00
0.316040	126.00
0.316060	126.00
0.316080	127.00
0.316100	127.00
0.316120	126.00
0.316140	126.00
0.316160	126.00
0.316180	126.00
0.316200	126.00
0.316220	126.00
0.316240	125.00
0.316260	126.00
0.316280	126.00
0.316300	127.00
0.316320	127.00
0.316340	127.00
0.316360	126.00
0.316380	126.00
0.316400	125.00
0.316420	125.00
0.316440	125.00
0.316460	124.00
0.316480	124.00
0.316500	124.00
0.316520	124.00
0.316540	125.00
0.316560	125.00
0.316580	125.00
0.316600	126.00
0.316620	126.00
0.316640	126.00
0.316660	125.00
0.316680	125.00
0.316700	124.00
0.316720	124.00
0.316740	125.00
0.316760	126.00
0.316780	126.00
0.316800	127.00
0.316820	126.00
0.316840	126.00
0.316860	126.00
0.316880	125.00
0.316900	126.00
0.316920	126.00
0.316940	126.00
0.316960	126.00
0.316980	127.00
0.317000	127.00
0.317020	128.00
0.317040	128.00
0.317060	128.00
0.317080	128.00
0.317100	127.00
0.317120	126.00
0.317140	125.00
0.317160	126.00
0.317180	126.00
0.317200	127.00
0.317220	127.00
0.317240	126.00
0.317260	125.00
0.317280	125.00
0.317300	125.00
0.317320	125.00
0.317340	124.00
0.317360	124.00
0.317380	125.00
0.317400	125.00
0.317420	126.00
0.317440	126.00
0.317460	126.00
0.317480	126.00
0.317500	126.00
0.317520	125.00
0.317540	125.00
0.317560	125.00
0.317580	124.00
0.317600	124.00
0.317620	124.00
0.317640	124.00
0.317660	124.00
0.317680	124.00
0.317700	124.00
0.317720	124.00
0.317740	126.00
0.317760	127.00
0.317780	127.00
0.317800	126.00
0.317820	126.00
0.317840	126.00
0.317860	126.00
0.317880	126.00
0.317900	126.00
0.317920	126.00
0.317940	126.00
0.317960	126.00
0.317980	127.00
0.318000	126.00
0.318020	125.00
0.318040	125.00
0.318060	125.00
0.318080	125.00
0.318100	125.00
0.318120	125.00
0.318140	124.00
0.318160	125.00
0.318180	125.00
0.318200	125.00
0.318220	125.00
0.318240	125.00
0.318260	126.00
0.318280	126.00
0.318300	125.00
0.318320	124.00
0.318340	124.00
0.318360	125.00
0.318380	126.00
0.318400	126.00
0.318420	126.00
0.318440	125.00
0.318460	125.00
0.318480	125.00
0.318500	125.00
0.318520	125.00
0.318540	125.00
0.318560	126.00
0.318580	126.00
0.318600	125.00
0.318620	125.00
0.318640	124.00
0.318660	125.00
0.318680	126.00
0.318700	126.00
0.318720	126.00
0.318740	126.00
0.318760	126.00
0.318780	126.00
0.318800	126.00
0.318820	126.00
0.318840	125.00
0.318860	125.00
0.318880	125.00
0.318900	126.00
0.318920	125.00
0.318940	125.00
0.318960	125.00
0.318980	125.00
0.319000	126.00
0.319020	126.00
0.319040	126.00
0.319060	125.00
0.319080	124.00
0.319100	124.00
0.319120	125.00
0.319140	125.00
0.319160	126.00
0.319180	126.00
0.319200	126.00
0.319220	126.00
0.319240	125.00
0.319260	125.00
0.319280	125.00
0.319300	125.00
0.319320	124.00
0.319340	124.00
0.319360	124.00
0.319380	125.00
0.319400	125.00
0.319420	125.00
0.319440	125.00
0.319460	125.00
0.319480	126.00
0.319500	126.00
0.319520	126.00
0.319540	126.00
0.319560	126.00
0.319580	125.00
0.319600	126.00
0.319620	126.00
0.319640	127.00
0.319660	127.00
0.319680	127.00
0.319700	127.00
0.319720	125.00
0.319740	124.00
0.319760	125.00
0.319780	126.00
0.319800	126.00
0.319820	126.00
0.319840	126.00
0.319860	125.00
0.319880	125.00
0.319900	126.00
0.319920	125.00
0.319940	125.00
0.319960	124.00
0.319980	124.00
0.320000	124.00
0.320020	125.00
0.320040	125.00
0.320060	125.00
0.320080	125.00
0.320100	126.00
0.320120	126.00
0.320140	126.00
0.320160	126.00
0.320180	126.00
0.320200	126.00
0.320220	127.00
0.320240	127.00
0.320260	126.00
0.320280	126.00
0.320300	126.00
0.320320	126.00
0.320340	126.00
0.320360	125.00
0.320380	124.00
0.320400	123.00
0.320420	123.00
0.320440	124.00
0.320460	124.00
0.320480	124.00
0.320500	125.00
0.320520	125.00
0.320540	125.00
0.320560	125.00
0.320580	126.00
0.320600	126.00
0.320620	126.00
0.320640	126.00
0.320660	126.00
0.320680	126.00
0.320700	126.00
0.320720	127.00
0.320740	127.00
0.320760	127.00
0.320780	126.00
0.320800	126.00
0.320820	126.00
0.320840	126.00
0.320860	125.00
0.320880	125.00
0.320900	125.00
0.320920	125.00
0.320940	125.00
0.320960	125.00
0.320980	126.00
0.321000	126.00
0.321020	126.00
0.321040	126.00
0.321060	126.00
0.321080	125.00
0.321100	124.00
0.321120	124.00
0.321140	125.00
0.321160	126.00
0.321180	126.00
0.321200	125.00
0.321220	125.00
0.321240	124.00
0.321260	124.00
0.321280	124.00
0.321300	124.00
0.321320	124.00
0.321340	124.00
0.321360	125.00
0.321380	125.00
0.321400	125.00
0.321420	125.00
0.321440	125.00
0.321460	124.00
0.321480	124.00
0.321500	124.00
0.321520	123.00
0.321540	124.00
0.321560	125.00
0.321580	125.00
0.321600	126.00
0.321620	126.00
0.321640	125.00
0.321660	124.00
0.321680	124.00
0.321700	124.00
0.321720	125.00
0.321740	126.00
0.321760	126.00
0.321780	126.00
0.321800	126.00
0.321820	126.00
0.321840	127.00
0.321860	127.00
0.321880	128.00
0.321900	127.00
0.321920	125.00
0.321940	125.00
0.321960	125.00
0.321980	125.00
0.322000	126.00
0.322020	125.00
0.322040	124.00
0.322060	124.00
0.322080	124.00
0.322100	125.00
0.322120	126.00
0.322140	126.00
0.322160	126.00
0.322180	126.00
0.322200	126.00
0.322220	126.00
0.322240	125.00
0.322260	124.00
0.322280	124.00
0.322300	124.00
0.322320	124.00
0.322340	125.00
0.322360	125.00
0.322380	125.00
0.322400	125.00
0.322420	125.00
0.322440	125.00
0.322460	125.00
0.322480	125.00
0.322500	125.00
0.322520	124.00
0.322540	124.00
0.322560	125.00
0.322580	126.00
0.322600	126.00
0.322620	126.00
0.322640	126.00
0.322660	125.00
0.322680	125.00
0.322700	125.00
0.322720	124.00
0.322740	124.00
0.322760	125.00
0.322780	126.00
0.322800	127.00
0.322820	128.00
0.322840	128.00
0.322860	128.00
0.322880	127.00
0.322900	127.00
0.322920	127.00
0.322940	126.00
0.322960	126.00
0.322980	126.00
0.323000	126.00
0.323020	125.00
0.323040	125.00
0.323060	124.00
0.323080	125.00
0.323100	125.00
0.323120	125.00
0.323140	125.00
0.323160	124.00
0.323180	124.00
0.323200	125.00
0.323220	125.00
0.323240	126.00
0.323260	126.00
0.323280	125.00
0.323300	125.00
0.323320	125.00
0.323340	125.00
0.323360	125.00
0.323380	125.00
0.323400	125.00
0.323420	125.00
0.323440	126.00
0.323460	126.00
0.323480	126.00
0.323500	126.00
0.323520	126.00
0.323540	125.00
0.323560	124.00
0.323580	124.00
0.323600	124.00
0.323620	126.00
0.323640	126.00
0.323660	126.00
0.323680	125.00
0.323700	125.00
0.323720	125.00
0.323740	127.00
0.323760	128.00
0.323780	127.00
0.323800	126.00
0.323820	125.00
0.323840	125.00
0.323860	125.00
0.323880	126.00
