0.283900	101.00
0.283920	49.00
0.283940	101.00
0.283960	140.00
0.283980	143.00
0.284000	125.00
0.284020	113.00
0.284040	119.00
0.284060	131.00
0.284080	132.00
0.284100	123.00
0.284120	117.00
0.284140	121.00
0.284160	129.00
0.284180	131.00
0.284200	125.00
0.284220	120.00
0.284240	122.00
0.284260	128.00
0.284280	129.00
0.284300	125.00
0.284320	121.00
0.284340	123.00
0.284360	127.00
0.284380	129.00
0.284400	126.00
0.284420	124.00
0.284440	125.00
0.284460	128.00
0.284480	128.00
0.284500	125.00
0.284520	123.00
0.284540	124.00
0.284560	128.00
0.284580	129.00
0.284600	126.00
0.284620	123.00
0.284640	124.00
0.284660	128.00
0.284680	129.00
0.284700	126.00
0.284720	124.00
0.284740	124.00
0.284760	127.00
0.284780	129.00
0.284800	127.00
0.284820	125.00
0.284840	125.00
0.284860	127.00
0.284880	127.00
0.284900	126.00
0.284920	124.00
0.284940	124.00
0.284960	126.00
0.284980	126.00
0.285000	125.00
0.285020	123.00
0.285040	124.00
0.285060	126.00
0.285080	127.00
0.285100	125.00
0.285120	124.00
0.285140	124.00
0.285160	125.00
0.285180	126.00
0.285200	125.00
0.285220	124.00
0.285240	125.00
0.285260	126.00
0.285280	126.00
0.285300	124.00
0.285320	123.00
0.285340	124.00
0.285360	126.00
0.285380	127.00
0.285400	125.00
0.285420	124.00
0.285440	125.00
0.285460	126.00
0.285480	127.00
0.285500	125.00
0.285520	124.00
0.285540	125.00
0.285560	126.00
0.285580	126.00
0.285600	125.00
0.285620	123.00
0.285640	124.00
0.285660	126.00
0.285680	127.00
0.285700	127.00
0.285720	125.00
0.285740	125.00
0.285760	126.00
0.285780	126.00
0.285800	125.00
0.285820	124.00
0.285840	123.00
0.285860	124.00
0.285880	125.00
0.285900	125.00
0.285920	124.00
0.285940	124.00
0.285960	125.00
0.285980	126.00
0.286000	125.00
0.286020	125.00
0.286040	125.00
0.286060	125.00
0.286080	125.00
0.286100	125.00
0.286120	124.00
0.286140	125.00
0.286160	126.00
0.286180	126.00
0.286200	125.00
0.286220	124.00
0.286240	123.00
0.286260	124.00
0.286280	124.00
0.286300	125.00
0.286320	125.00
0.286340	125.00
0.286360	126.00
0.286380	126.00
0.286400	124.00
0.286420	123.00
0.286440	124.00
0.286460	125.00
0.286480	125.00
0.286500	125.00
0.286520	124.00
0.286540	125.00
0.286560	126.00
0.286580	126.00
0.286600	125.00
0.286620	125.00
0.286640	126.00
0.286660	127.00
0.286680	127.00
0.286700	127.00
0.286720	125.00
0.286740	125.00
0.286760	126.00
0.286780	126.00
0.286800	125.00
0.286820	125.00
0.286840	125.00
0.286860	125.00
0.286880	126.00
0.286900	125.00
0.286920	124.00
0.286940	124.00
0.286960	124.00
0.286980	124.00
0.287000	124.00
0.287020	124.00
0.287040	125.00
0.287060	125.00
0.287080	126.00
0.287100	126.00
0.287120	126.00
0.287140	125.00
0.287160	125.00
0.287180	125.00
0.287200	125.00
0.287220	125.00
0.287240	126.00
0.287260	126.00
0.287280	126.00
0.287300	125.00
0.287320	125.00
0.287340	125.00
0.287360	126.00
0.287380	126.00
0.287400	125.00
0.287420	124.00
0.287440	124.00
0.287460	126.00
0.287480	126.00
0.287500	127.00
0.287520	127.00
0.287540	128.00
0.287560	128.00
0.287580	127.00
0.287600	125.00
0.287620	125.00
0.287640	126.00
0.287660	127.00
0.287680	127.00
0.287700	125.00
0.287720	124.00
0.287740	125.00
0.287760	127.00
0.287780	128.00
0.287800	128.00
0.287820	126.00
0.287840	125.00
0.287860	125.00
0.287880	126.00
0.287900	126.00
0.287920	125.00
0.287940	125.00
0.287960	126.00
0.287980	126.00
0.288000	126.00
0.288020	125.00
0.288040	124.00
0.288060	124.00
0.288080	125.00
0.288100	125.00
0.288120	126.00
0.288140	126.00
0.288160	126.00
0.288180	126.00
0.288200	126.00
0.288220	126.00
0.288240	126.00
0.288260	126.00
0.288280	126.00
0.288300	126.00
0.288320	125.00
0.288340	125.00
0.288360	125.00
0.288380	125.00
0.288400	125.00
0.288420	124.00
0.288440	124.00
0.288460	124.00
0.288480	124.00
0.288500	124.00
0.288520	124.00
0.288540	125.00
0.288560	126.00
0.288580	126.00
0.288600	126.00
0.288620	126.00
0.288640	127.00
0.288660	127.00
0.288680	127.00
0.288700	126.00
0.288720	126.00
0.288740	127.00
0.288760	127.00
0.288780	127.00
0.288800	126.00
0.288820	125.00
0.288840	126.00
0.288860	126.00
0.288880	126.00
0.288900	126.00
0.288920	126.00
0.288940	125.00
0.288960	125.00
0.288980	124.00
0.289000	124.00
0.289020	123.00
0.289040	124.00
0.289060	125.00
0.289080	125.00
0.289100	124.00
0.289120	124.00
0.289140	124.00
0.289160	126.00
0.289180	126.00
0.289200	126.00
0.289220	125.00
0.289240	125.00
0.289260	126.00
0.289280	126.00
0.289300	125.00
0.289320	124.00
0.289340	124.00
0.289360	124.00
0.289380	125.00
0.289400	125.00
0.289420	125.00
0.289440	125.00
0.289460	125.00
0.289480	125.00
0.289500	125.00
0.289520	125.00
0.289540	126.00
0.289560	126.00
0.289580	127.00
0.289600	127.00
0.289620	126.00
0.289640	126.00
0.289660	126.00
0.289680	126.00
0.289700	126.00
0.289720	126.00
0.289740	127.00
0.289760	127.00
0.289780	127.00
0.289800	126.00
0.289820	126.00
0.289840	126.00
0.289860	126.00
0.289880	125.00
0.289900	125.00
0.289920	124.00
0.289940	125.00
0.289960	126.00
0.289980	126.00
0.290000	126.00
0.290020	125.00
0.290040	126.00
0.290060	126.00
0.290080	126.00
0.290100	125.00
0.290120	124.00
0.290140	123.00
0.290160	124.00
0.290180	124.00
0.290200	125.00
0.290220	124.00
0.290240	124.00
0.290260	124.00
0.290280	124.00
0.290300	124.00
0.290320	125.00
0.290340	125.00
0.290360	126.00
0.290380	126.00
0.290400	126.00
0.290420	125.00
0.290440	125.00
0.290460	126.00
0.290480	126.00
0.290500	126.00
0.290520	125.00
0.290540	125.00
0.290560	125.00
0.290580	126.00
0.290600	126.00
0.290620	126.00
0.290640	126.00
0.290660	125.00
0.290680	125.00
0.290700	126.00
0.290720	126.00
0.290740	126.00
0.290760	126.00
0.290780	126.00
0.290800	125.00
0.290820	125.00
0.290840	125.00
0.290860	126.00
0.290880	126.00
0.290900	126.00
0.290920	125.00
0.290940	125.00
0.290960	126.00
0.290980	126.00
0.291000	126.00
0.291020	125.00
0.291040	125.00
0.291060	126.00
0.291080	127.00
0.291100	126.00
0.291120	126.00
0.291140	125.00
0.291160	125.00
0.291180	126.00
0.291200	126.00
0.291220	126.00
0.291240	125.00
0.291260	126.00
0.291280	126.00
0.291300	127.00
0.291320	126.00
0.291340	126.00
0.291360	126.00
0.291380	126.00
0.291400	126.00
0.291420	125.00
0.291440	124.00
0.291460	125.00
0.291480	125.00
0.291500	125.00
0.291520	125.00
0.291540	124.00
0.291560	125.00
0.291580	125.00
0.291600	126.00
0.291620	126.00
0.291640	126.00
0.291660	126.00
0.291680	126.00
0.291700	126.00
0.291720	126.00
0.291740	125.00
0.291760	125.00
0.291780	124.00
0.291800	124.00
0.291820	124.00
0.291840	124.00
0.291860	125.00
0.291880	125.00
0.291900	125.00
0.291920	124.00
0.291940	123.00
0.291960	124.00
0.291980	124.00
0.292000	125.00
0.292020	125.00
0.292040	124.00
0.292060	124.00
0.292080	124.00
0.292100	125.00
0.292120	126.00
0.292140	127.00
0.292160	126.00
0.292180	125.00
0.292200	124.00
0.292220	125.00
0.292240	125.00
0.292260	125.00
0.292280	124.00
0.292300	123.00
0.292320	124.00
0.292340	125.00
0.292360	127.00
0.292380	127.00
0.292400	126.00
0.292420	126.00
0.292440	125.00
0.292460	125.00
0.292480	125.00
0.292500	125.00
0.292520	125.00
0.292540	126.00
0.292560	127.00
0.292580	127.00
0.292600	126.00
0.292620	125.00
0.292640	125.00
0.292660	125.00
0.292680	126.00
0.292700	126.00
0.292720	125.00
0.292740	126.00
0.292760	126.00
0.292780	126.00
0.292800	126.00
0.292820	125.00
0.292840	124.00
0.292860	125.00
0.292880	125.00
0.292900	126.00
0.292920	126.00
0.292940	125.00
0.292960	125.00
0.292980	125.00
0.293000	125.00
0.293020	125.00
0.293040	125.00
0.293060	126.00
0.293080	126.00
0.293100	126.00
0.293120	125.00
0.293140	125.00
0.293160	125.00
0.293180	125.00
0.293200	125.00
0.293220	125.00
0.293240	126.00
0.293260	126.00
0.293280	126.00
0.293300	126.00
0.293320	127.00
0.293340	127.00
0.293360	128.00
0.293380	128.00
0.293400	127.00
0.293420	127.00
0.293440	126.00
0.293460	126.00
0.293480	126.00
0.293500	126.00
0.293520	126.00
0.293540	126.00
0.293560	126.00
0.293580	126.00
0.293600	126.00
0.293620	126.00
0.293640	126.00
0.293660	126.00
0.293680	126.00
0.293700	125.00
0.293720	125.00
0.293740	125.00
0.293760	125.00
0.293780	125.00
0.293800	125.00
0.293820	124.00
0.293840	125.00
0.293860	126.00
0.293880	126.00
0.293900	126.00
0.293920	125.00
0.293940	125.00
0.293960	125.00
0.293980	125.00
0.294000	125.00
0.294020	124.00
0.294040	123.00
0.294060	124.00
0.294080	124.00
0.294100	124.00
0.294120	124.00
0.294140	124.00
0.294160	125.00
0.294180	126.00
0.294200	126.00
0.294220	125.00
0.294240	124.00
0.294260	124.00
0.294280	124.00
0.294300	125.00
0.294320	125.00
0.294340	125.00
0.294360	125.00
0.294380	125.00
0.294400	125.00
0.294420	125.00
0.294440	125.00
0.294460	125.00
0.294480	126.00
0.294500	126.00
0.294520	126.00
0.294540	126.00
0.294560	126.00
0.294580	126.00
0.294600	125.00
0.294620	125.00
0.294640	125.00
0.294660	126.00
0.294680	126.00
0.294700	126.00
0.294720	125.00
0.294740	125.00
0.294760	126.00
0.294780	126.00
0.294800	126.00
0.294820	125.00
0.294840	125.00
0.294860	125.00
0.294880	126.00
0.294900	126.00
0.294920	126.00
0.294940	126.00
0.294960	126.00
0.294980	126.00
0.295000	126.00
0.295020	125.00
0.295040	125.00
0.295060	125.00
0.295080	125.00
0.295100	125.00
0.295120	125.00
0.295140	125.00
0.295160	126.00
0.295180	127.00
0.295200	127.00
0.295220	126.00
0.295240	126.00
0.295260	126.00
0.295280	126.00
0.295300	126.00
0.295320	125.00
0.295340	125.00
0.295360	125.00
0.295380	126.00
0.295400	126.00
0.295420	126.00
0.295440	126.00
0.295460	125.00
0.295480	126.00
0.295500	126.00
0.295520	127.00
0.295540	127.00
0.295560	127.00
0.295580	126.00
0.295600	127.00
0.295620	127.00
0.295640	127.00
0.295660	126.00
0.295680	126.00
0.295700	125.00
0.295720	125.00
0.295740	125.00
0.295760	125.00
0.295780	125.00
0.295800	125.00
0.295820	125.00
0.295840	126.00
0.295860	126.00
0.295880	126.00
0.295900	125.00
0.295920	125.00
0.295940	125.00
0.295960	124.00
0.295980	124.00
0.296000	125.00
0.296020	126.00
0.296040	126.00
0.296060	127.00
0.296080	126.00
0.296100	125.00
0.296120	125.00
0.296140	126.00
0.296160	126.00
0.296180	126.00
0.296200	126.00
0.296220	126.00
0.296240	126.00
0.296260	125.00
0.296280	125.00
0.296300	125.00
0.296320	125.00
0.296340	126.00
0.296360	127.00
0.296380	127.00
0.296400	126.00
0.296420	126.00
0.296440	125.00
0.296460	125.00
0.296480	125.00
0.296500	125.00
0.296520	125.00
0.296540	126.00
0.296560	126.00
0.296580	126.00
0.296600	125.00
0.296620	124.00
0.296640	124.00
0.296660	125.00
0.296680	125.00
0.296700	125.00
0.296720	125.00
0.296740	125.00
0.296760	125.00
0.296780	125.00
0.296800	125.00
0.296820	125.00
0.296840	125.00
0.296860	125.00
0.296880	125.00
0.296900	125.00
0.296920	124.00
0.296940	124.00
0.296960	124.00
0.296980	125.00
0.297000	125.00
0.297020	125.00
0.297040	125.00
0.297060	126.00
0.297080	126.00
0.297100	126.00
0.297120	125.00
0.297140	124.00
0.297160	124.00
0.297180	125.00
0.297200	125.00
0.297220	125.00
0.297240	125.00
0.297260	126.00
0.297280	126.00
0.297300	126.00
0.297320	126.00
0.297340	126.00
0.297360	125.00
0.297380	125.00
0.297400	125.00
0.297420	125.00
0.297440	125.00
0.297460	125.00
0.297480	125.00
0.297500	125.00
0.297520	125.00
0.297540	125.00
0.297560	125.00
0.297580	125.00
0.297600	125.00
0.297620	125.00
0.297640	125.00
0.297660	125.00
0.297680	126.00
0.297700	125.00
0.297720	125.00
0.297740	125.00
0.297760	125.00
0.297780	125.00
0.297800	125.00
0.297820	125.00
0.297840	124.00
0.297860	125.00
0.297880	125.00
0.297900	125.00
0.297920	126.00
0.297940	126.00
0.297960	127.00
0.297980	126.00
0.298000	126.00
0.298020	125.00
0.298040	125.00
0.298060	126.00
0.298080	127.00
0.298100	127.00
0.298120	126.00
0.298140	126.00
0.298160	126.00
0.298180	125.00
0.298200	125.00
0.298220	125.00
0.298240	125.00
0.298260	125.00
0.298280	126.00
0.298300	126.00
0.298320	126.00
0.298340	125.00
0.298360	125.00
0.298380	125.00
0.298400	126.00
0.298420	126.00
0.298440	125.00
0.298460	125.00
0.298480	124.00
0.298500	124.00
0.298520	124.00
0.298540	125.00
0.298560	125.00
0.298580	125.00
0.298600	125.00
0.298620	125.00
0.298640	125.00
0.298660	126.00
0.298680	126.00
0.298700	126.00
0.298720	125.00
0.298740	125.00
0.298760	126.00
0.298780	126.00
0.298800	127.00
0.298820	127.00
0.298840	127.00
0.298860	127.00
0.298880	126.00
0.298900	126.00
0.298920	126.00
0.298940	126.00
0.298960	126.00
0.298980	125.00
0.299000	124.00
0.299020	124.00
0.299040	125.00
0.299060	126.00
0.299080	126.00
0.299100	125.00
0.299120	125.00
0.299140	124.00
0.299160	125.00
0.299180	126.00
0.299200	127.00
0.299220	126.00
0.299240	125.00
0.299260	125.00
0.299280	124.00
0.299300	125.00
0.299320	125.00
0.299340	125.00
0.299360	125.00
0.299380	125.00
0.299400	125.00
0.299420	125.00
0.299440	125.00
0.299460	125.00
0.299480	125.00
0.299500	125.00
0.299520	125.00
0.299540	125.00
0.299560	126.00
0.299580	125.00
0.299600	125.00
0.299620	124.00
0.299640	123.00
0.299660	124.00
0.299680	125.00
0.299700	125.00
0.299720	125.00
0.299740	125.00
0.299760	126.00
0.299780	126.00
0.299800	126.00
0.299820	126.00
0.299840	126.00
0.299860	126.00
0.299880	126.00
0.299900	126.00
0.299920	127.00
0.299940	127.00
0.299960	127.00
0.299980	126.00
0.300000	126.00
0.300020	126.00
0.300040	125.00
0.300060	125.00
0.300080	126.00
0.300100	126.00
0.300120	126.00
0.300140	126.00
0.300160	126.00
0.300180	125.00
0.300200	124.00
0.300220	125.00
0.300240	126.00
0.300260	127.00
0.300280	128.00
0.300300	127.00
0.300320	126.00
0.300340	124.00
0.300360	124.00
0.300380	124.00
0.300400	125.00
0.300420	126.00
0.300440	126.00
0.300460	126.00
0.300480	126.00
0.300500	125.00
0.300520	124.00
0.300540	124.00
0.300560	124.00
0.300580	124.00
0.300600	124.00
0.300620	124.00
0.300640	124.00
0.300660	125.00
0.300680	125.00
0.300700	125.00
0.300720	125.00
0.300740	126.00
0.300760	126.00
0.300780	126.00
0.300800	126.00
0.300820	125.00
0.300840	125.00
0.300860	124.00
0.300880	124.00
0.300900	123.00
0.300920	123.00
0.300940	124.00
0.300960	125.00
0.300980	126.00
0.301000	126.00
0.301020	126.00
0.301040	126.00
0.301060	127.00
0.301080	126.00
0.301100	126.00
0.301120	125.00
0.301140	124.00
0.301160	124.00
0.301180	124.00
0.301200	124.00
0.301220	125.00
0.301240	126.00
0.301260	128.00
0.301280	129.00
0.301300	128.00
0.301320	127.00
0.301340	126.00
0.301360	126.00
0.301380	126.00
0.301400	125.00
0.301420	125.00
0.301440	125.00
0.301460	126.00
0.301480	127.00
0.301500	127.00
0.301520	127.00
0.301540	126.00
0.301560	125.00
0.301580	125.00
0.301600	125.00
0.301620	124.00
0.301640	124.00
0.301660	123.00
0.301680	123.00
0.301700	124.00
0.301720	125.00
0.301740	126.00
0.301760	127.00
0.301780	127.00
0.301800	128.00
0.301820	128.00
0.301840	127.00
0.301860	126.00
0.301880	124.00
0.301900	123.00
0.301920	122.00
0.301940	123.00
0.301960	124.00
0.301980	125.00
0.302000	125.00
0.302020	125.00
0.302040	126.00
0.302060	126.00
0.302080	126.00
0.302100	126.00
0.302120	126.00
0.302140	126.00
0.302160	126.00
0.302180	126.00
0.302200	125.00
0.302220	125.00
0.302240	125.00
0.302260	125.00
0.302280	125.00
0.302300	126.00
0.302320	127.00
0.302340	127.00
0.302360	127.00
0.302380	127.00
0.302400	126.00
0.302420	125.00
0.302440	125.00
0.302460	125.00
0.302480	125.00
0.302500	125.00
0.302520	125.00
0.302540	125.00
0.302560	125.00
0.302580	124.00
0.302600	124.00
0.302620	124.00
0.302640	125.00
0.302660	125.00
0.302680	125.00
0.302700	125.00
0.302720	125.00
0.302740	125.00
0.302760	125.00
0.302780	125.00
0.302800	125.00
0.302820	125.00
0.302840	125.00
0.302860	125.00
0.302880	125.00
0.302900	126.00
0.302920	126.00
0.302940	126.00
0.302960	127.00
0.302980	127.00
0.303000	126.00
0.303020	125.00
0.303040	124.00
0.303060	123.00
0.303080	124.00
0.303100	124.00
0.303120	125.00
0.303140	125.00
0.303160	126.00
0.303180	127.00
0.303200	127.00
0.303220	127.00
0.303240	126.00
0.303260	125.00
0.303280	125.00
0.303300	124.00
0.303320	124.00
0.303340	124.00
0.303360	125.00
0.303380	125.00
0.303400	125.00
0.303420	124.00
0.303440	124.00
0.303460	123.00
0.303480	123.00
0.303500	123.00
0.303520	123.00
0.303540	124.00
0.303560	124.00
0.303580	125.00
0.303600	125.00
0.303620	125.00
0.303640	126.00
0.303660	126.00
0.303680	126.00
0.303700	126.00
0.303720	125.00
0.303740	126.00
0.303760	126.00
0.303780	126.00
0.303800	125.00
0.303820	124.00
0.303840	124.00
0.303860	125.00
0.303880	125.00
0.303900	126.00
0.303920	126.00
0.303940	126.00
0.303960	126.00
0.303980	127.00
0.304000	127.00
0.304020	127.00
0.304040	126.00
0.304060	126.00
0.304080	126.00
0.304100	127.00
0.304120	126.00
0.304140	126.00
0.304160	126.00
0.304180	126.00
0.304200	126.00
0.304220	125.00
0.304240	125.00
0.304260	125.00
0.304280	126.00
0.304300	126.00
0.304320	127.00
0.304340	126.00
0.304360	125.00
0.304380	124.00
0.304400	124.00
0.304420	125.00
0.304440	126.00
0.304460	126.00
0.304480	126.00
0.304500	126.00
0.304520	126.00
0.304540	126.00
0.304560	126.00
0.304580	126.00
0.304600	126.00
0.304620	126.00
0.304640	126.00
0.304660	125.00
0.304680	126.00
0.304700	126.00
0.304720	126.00
0.304740	126.00
0.304760	125.00
0.304780	124.00
0.304800	124.00
0.304820	124.00
0.304840	125.00
0.304860	125.00
0.304880	124.00
0.304900	123.00
0.304920	124.00
0.304940	125.00
0.304960	125.00
0.304980	126.00
0.305000	125.00
0.305020	125.00
0.305040	125.00
0.305060	126.00
0.305080	126.00
0.305100	126.00
0.305120	125.00
0.305140	126.00
0.305160	126.00
0.305180	126.00
0.305200	126.00
0.305220	125.00
0.305240	125.00
0.305260	125.00
0.305280	125.00
0.305300	126.00
0.305320	126.00
0.305340	126.00
0.305360	125.00
0.305380	125.00
0.305400	125.00
0.305420	125.00
0.305440	125.00
0.305460	125.00
0.305480	124.00
0.305500	124.00
0.305520	124.00
0.305540	125.00
0.305560	125.00
0.305580	125.00
0.305600	124.00
0.305620	124.00
0.305640	125.00
0.305660	126.00
0.305680	127.00
0.305700	126.00
0.305720	126.00
0.305740	126.00
0.305760	127.00
0.305780	127.00
0.305800	127.00
0.305820	126.00
0.305840	125.00
0.305860	126.00
0.305880	126.00
0.305900	126.00
0.305920	126.00
0.305940	126.00
0.305960	126.00
0.305980	126.00
0.306000	126.00
0.306020	125.00
0.306040	125.00
0.306060	125.00
0.306080	125.00
0.306100	125.00
0.306120	125.00
0.306140	126.00
0.306160	126.00
0.306180	126.00
0.306200	125.00
0.306220	125.00
0.306240	124.00
0.306260	125.00
0.306280	125.00
0.306300	125.00
0.306320	126.00
0.306340	126.00
0.306360	126.00
0.306380	126.00
0.306400	126.00
0.306420	125.00
0.306440	124.00
0.306460	124.00
0.306480	123.00
0.306500	123.00
0.306520	123.00
0.306540	123.00
0.306560	124.00
0.306580	126.00
0.306600	126.00
0.306620	127.00
0.306640	126.00
0.306660	126.00
0.306680	125.00
0.306700	124.00
0.306720	124.00
0.306740	124.00
0.306760	125.00
0.306780	126.00
0.306800	126.00
0.306820	126.00
0.306840	125.00
0.306860	125.00
0.306880	125.00
0.306900	125.00
0.306920	125.00
0.306940	125.00
0.306960	125.00
0.306980	125.00
0.307000	125.00
0.307020	126.00
0.307040	125.00
0.307060	125.00
0.307080	124.00
0.307100	124.00
0.307120	125.00
0.307140	126.00
0.307160	126.00
0.307180	125.00
0.307200	125.00
0.307220	125.00
0.307240	125.00
0.307260	125.00
0.307280	124.00
0.307300	124.00
0.307320	124.00
0.307340	124.00
0.307360	125.00
0.307380	125.00
0.307400	126.00
0.307420	126.00
0.307440	127.00
0.307460	127.00
0.307480	127.00
0.307500	127.00
0.307520	126.00
0.307540	125.00
0.307560	125.00
0.307580	126.00
0.307600	126.00
0.307620	126.00
0.307640	126.00
0.307660	126.00
0.307680	127.00
0.307700	127.00
0.307720	127.00
0.307740	126.00
0.307760	126.00
0.307780	126.00
0.307800	126.00
0.307820	126.00
0.307840	126.00
0.307860	125.00
0.307880	125.00
0.307900	126.00
0.307920	126.00
0.307940	126.00
0.307960	126.00
0.307980	125.00
0.308000	125.00
0.308020	126.00
0.308040	126.00
0.308060	127.00
0.308080	127.00
0.308100	127.00
0.308120	126.00
0.308140	126.00
0.308160	125.00
0.308180	125.00
0.308200	125.00
0.308220	125.00
0.308240	125.00
0.308260	125.00
0.308280	125.00
0.308300	124.00
0.308320	125.00
0.308340	125.00
0.308360	125.00
0.308380	125.00
0.308400	125.00
0.308420	125.00
0.308440	125.00
0.308460	125.00
0.308480	125.00
0.308500	126.00
0.308520	126.00
0.308540	126.00
0.308560	126.00
0.308580	126.00
0.308600	126.00
0.308620	126.00
0.308640	126.00
0.308660	126.00
0.308680	126.00
0.308700	125.00
0.308720	126.00
0.308740	127.00
0.308760	127.00
0.308780	127.00
0.308800	126.00
0.308820	125.00
0.308840	125.00
0.308860	125.00
0.308880	126.00
0.308900	126.00
0.308920	126.00
0.308940	126.00
0.308960	126.00
0.308980	126.00
0.309000	125.00
0.309020	125.00
0.309040	124.00
0.309060	124.00
0.309080	125.00
0.309100	125.00
0.309120	126.00
0.309140	126.00
0.309160	126.00
0.309180	126.00
0.309200	125.00
0.309220	126.00
0.309240	126.00
0.309260	126.00
0.309280	126.00
0.309300	125.00
0.309320	124.00
0.309340	124.00
0.309360	125.00
0.309380	125.00
0.309400	125.00
0.309420	125.00
0.309440	124.00
0.309460	125.00
0.309480	126.00
0.309500	127.00
0.309520	126.00
0.309540	125.00
0.309560	125.00
0.309580	125.00
0.309600	126.00
0.309620	126.00
0.309640	126.00
0.309660	126.00
0.309680	126.00
0.309700	126.00
0.309720	126.00
0.309740	126.00
0.309760	126.00
0.309780	126.00
0.309800	126.00
0.309820	125.00
0.309840	125.00
0.309860	125.00
0.309880	125.00
0.309900	126.00
0.309920	126.00
0.309940	125.00
0.309960	124.00
0.309980	124.00
0.310000	124.00
0.310020	125.00
0.310040	125.00
0.310060	125.00
0.310080	125.00
0.310100	125.00
0.310120	125.00
0.310140	124.00
0.310160	124.00
0.310180	123.00
0.310200	123.00
0.310220	123.00
0.310240	124.00
0.310260	125.00
0.310280	126.00
0.310300	126.00
0.310320	126.00
0.310340	125.00
0.310360	125.00
0.310380	125.00
0.310400	125.00
0.310420	125.00
0.310440	125.00
0.310460	125.00
0.310480	125.00
0.310500	125.00
0.310520	126.00
0.310540	125.00
0.310560	125.00
0.310580	125.00
0.310600	125.00
0.310620	126.00
0.310640	127.00
0.310660	127.00
0.310680	126.00
0.310700	125.00
0.310720	125.00
0.310740	125.00
0.310760	125.00
0.310780	125.00
0.310800	126.00
0.310820	126.00
0.310840	127.00
0.310860	127.00
0.310880	127.00
0.310900	127.00
0.310920	127.00
0.310940	127.00
0.310960	127.00
0.310980	127.00
0.311000	127.00
0.311020	126.00
0.311040	125.00
0.311060	124.00
0.311080	124.00
0.311100	125.00
0.311120	125.00
0.311140	126.00
0.311160	126.00
0.311180	125.00
0.311200	124.00
0.311220	124.00
0.311240	124.00
0.311260	125.00
0.311280	126.00
0.311300	125.00
0.311320	124.00
0.311340	124.00
0.311360	124.00
0.311380	125.00
0.311400	125.00
0.311420	126.00
0.311440	126.00
0.311460	126.00
0.311480	127.00
0.311500	126.00
0.311520	125.00
0.311540	125.00
0.311560	124.00
0.311580	125.00
0.311600	126.00
0.311620	126.00
0.311640	125.00
0.311660	124.00
0.311680	124.00
0.311700	125.00
0.311720	126.00
0.311740	127.00
0.311760	127.00
0.311780	126.00
0.311800	126.00
0.311820	125.00
0.311840	126.00
0.311860	126.00
0.311880	126.00
0.311900	126.00
0.311920	127.00
0.311940	127.00
0.311960	127.00
0.311980	127.00
0.312000	126.00
0.312020	125.00
0.312040	125.00
0.312060	125.00
0.312080	125.00
0.312100	125.00
0.312120	124.00
0.312140	124.00
0.312160	124.00
0.312180	124.00
0.312200	124.00
0.312220	124.00
0.312240	124.00
0.312260	124.00
0.312280	125.00
0.312300	125.00
0.312320	125.00
0.312340	126.00
0.312360	125.00
0.312380	125.00
0.312400	125.00
0.312420	125.00
0.312440	126.00
0.312460	126.00
0.312480	126.00
0.312500	126.00
0.312520	125.00
0.312540	125.00
0.312560	125.00
0.312580	125.00
0.312600	126.00
0.312620	126.00
0.312640	126.00
0.312660	125.00
0.312680	126.00
0.312700	126.00
0.312720	126.00
0.312740	126.00
0.312760	126.00
0.312780	126.00
0.312800	126.00
0.312820	126.00
0.312840	125.00
0.312860	125.00
0.312880	124.00
0.312900	124.00
0.312920	124.00
0.312940	124.00
0.312960	124.00
0.312980	124.00
0.313000	124.00
0.313020	125.00
0.313040	126.00
0.313060	126.00
0.313080	126.00
0.313100	125.00
0.313120	125.00
0.313140	125.00
0.313160	125.00
0.313180	125.00
0.313200	125.00
0.313220	125.00
0.313240	125.00
0.313260	125.00
0.313280	125.00
0.313300	125.00
0.313320	125.00
0.313340	125.00
0.313360	126.00
0.313380	126.00
0.313400	126.00
0.313420	126.00
0.313440	126.00
0.313460	127.00
0.313480	127.00
0.313500	128.00
0.313520	128.00
0.313540	127.00
0.313560	126.00
0.313580	126.00
0.313600	127.00
0.313620	127.00
0.313640	127.00
0.313660	126.00
0.313680	126.00
0.313700	126.00
0.313720	126.00
0.313740	125.00
0.313760	124.00
0.313780	124.00
0.313800	124.00
0.313820	125.00
0.313840	125.00
0.313860	125.00
0.313880	124.00
0.313900	124.00
0.313920	125.00
0.313940	126.00
0.313960	126.00
0.313980	126.00
0.314000	125.00
0.314020	124.00
0.314040	124.00
0.314060	125.00
0.314080	125.00
0.314100	125.00
0.314120	124.00
0.314140	124.00
0.314160	124.00
0.314180	125.00
0.314200	125.00
0.314220	125.00
0.314240	125.00
0.314260	125.00
0.314280	124.00
0.314300	125.00
0.314320	125.00
0.314340	126.00
0.314360	127.00
0.314380	126.00
0.314400	126.00
0.314420	125.00
0.314440	125.00
0.314460	126.00
0.314480	127.00
0.314500	127.00
0.314520	128.00
0.314540	127.00
0.314560	127.00
0.314580	127.00
0.314600	127.00
0.314620	127.00
0.314640	126.00
0.314660	125.00
0.314680	126.00
0.314700	126.00
0.314720	126.00
0.314740	125.00
0.314760	125.00
0.314780	124.00
0.314800	125.00
0.314820	125.00
0.314840	125.00
0.314860	126.00
0.314880	126.00
0.314900	125.00
0.314920	125.00
0.314940	125.00
0.314960	124.00
0.314980	125.00
0.315000	125.00
0.315020	125.00
0.315040	125.00
0.315060	124.00
0.315080	124.00
0.315100	123.00
0.315120	123.00
0.315140	124.00
0.315160	124.00
0.315180	125.00
0.315200	126.00
0.315220	126.00
0.315240	126.00
0.315260	125.00
0.315280	125.00
0.315300	126.00
0.315320	127.00
0.315340	127.00
0.315360	127.00
0.315380	126.00
0.315400	126.00
0.315420	126.00
0.315440	126.00
0.315460	125.00
0.315480	125.00
0.315500	125.00
0.315520	125.00
0.315540	126.00
0.315560	126.00
0.315580	127.00
0.315600	127.00
0.315620	127.00
0.315640	126.00
0.315660	126.00
0.315680	126.00
0.315700	125.00
0.315720	125.00
0.315740	126.00
0.315760	126.00
0.315780	125.00
0.315800	125.00
0.315820	125.00
0.315840	124.00
0.315860	125.00
0.315880	125.00
0.315900	125.00
0.315920	125.00
0.315940	125.00
0.315960	124.00
0.315980	124.00
0.316000	124.00
0.316020	124.00
0.316040	124.00
0.316060	125.00
0.316080	125.00
0.316100	125.00
0.316120	125.00
0.316140	126.00
0.316160	126.00
0.316180	126.00
0.316200	125.00
0.316220	125.00
0.316240	126.00
0.316260	126.00
0.316280	126.00
0.316300	126.00
0.316320	125.00
0.316340	125.00
0.316360	125.00
0.316380	126.00
0.316400	125.00
0.316420	125.00
0.316440	125.00
0.316460	125.00
0.316480	125.00
0.316500	125.00
0.316520	125.00
0.316540	125.00
0.316560	125.00
0.316580	124.00
0.316600	124.00
0.316620	124.00
0.316640	125.00
0.316660	125.00
0.316680	126.00
0.316700	127.00
0.316720	127.00
0.316740	127.00
0.316760	127.00
0.316780	126.00
0.316800	126.00
0.316820	126.00
0.316840	126.00
0.316860	126.00
0.316880	126.00
0.316900	125.00
0.316920	125.00
0.316940	125.00
0.316960	125.00
0.316980	125.00
0.317000	125.00
0.317020	125.00
0.317040	125.00
0.317060	125.00
0.317080	125.00
0.317100	125.00
0.317120	125.00
0.317140	124.00
0.317160	124.00
0.317180	123.00
0.317200	124.00
0.317220	125.00
0.317240	126.00
0.317260	126.00
0.317280	126.00
0.317300	125.00
0.317320	124.00
0.317340	124.00
0.317360	125.00
0.317380	125.00
0.317400	125.00
0.317420	124.00
0.317440	124.00
0.317460	124.00
0.317480	125.00
0.317500	126.00
0.317520	127.00
0.317540	127.00
0.317560	127.00
0.317580	126.00
0.317600	125.00
0.317620	125.00
0.317640	126.00
0.317660	126.00
0.317680	127.00
0.317700	126.00
0.317720	125.00
0.317740	125.00
0.317760	124.00
0.317780	124.00
0.317800	124.00
0.317820	124.00
0.317840	125.00
0.317860	125.00
0.317880	125.00
0.317900	125.00
0.317920	124.00
0.317940	125.00
0.317960	125.00
0.317980	125.00
0.318000	125.00
0.318020	125.00
0.318040	125.00
0.318060	125.00
0.318080	125.00
0.318100	125.00
0.318120	125.00
0.318140	125.00
0.318160	125.00
0.318180	126.00
0.318200	126.00
0.318220	126.00
0.318240	126.00
0.318260	125.00
0.318280	125.00
0.318300	125.00
0.318320	125.00
0.318340	125.00
0.318360	125.00
0.318380	125.00
0.318400	126.00
0.318420	125.00
0.318440	125.00
0.318460	125.00
0.318480	125.00
0.318500	126.00
0.318520	127.00
0.318540	127.00
0.318560	126.00
0.318580	126.00
0.318600	125.00
0.318620	124.00
0.318640	124.00
0.318660	124.00
0.318680	125.00
0.318700	126.00
0.318720	126.00
0.318740	125.00
0.318760	125.00
0.318780	125.00
0.318800	125.00
0.318820	125.00
0.318840	125.00
0.318860	126.00
0.318880	126.00
0.318900	126.00
0.318920	127.00
0.318940	127.00
0.318960	127.00
0.318980	126.00
0.319000	126.00
0.319020	125.00
0.319040	124.00
0.319060	123.00
0.319080	123.00
0.319100	123.00
0.319120	124.00
0.319140	125.00
0.319160	126.00
0.319180	126.00
0.319200	126.00
0.319220	126.00
0.319240	125.00
0.319260	125.00
0.319280	125.00
0.319300	124.00
0.319320	125.00
0.319340	125.00
0.319360	125.00
0.319380	126.00
0.319400	126.00
0.319420	126.00
0.319440	127.00
0.319460	127.00
0.319480	126.00
0.319500	126.00
0.319520	126.00
0.319540	126.00
0.319560	126.00
0.319580	126.00
0.319600	126.00
0.319620	125.00
0.319640	125.00
0.319660	125.00
0.319680	125.00
0.319700	125.00
0.319720	126.00
0.319740	126.00
0.319760	126.00
0.319780	125.00
0.319800	124.00
0.319820	124.00
0.319840	124.00
0.319860	125.00
0.319880	126.00
0.319900	126.00
0.319920	126.00
0.319940	126.00
0.319960	126.00
0.319980	126.00
0.320000	125.00
0.320020	125.00
0.320040	125.00
0.320060	126.00
0.320080	125.00
0.320100	125.00
0.320120	125.00
0.320140	125.00
0.320160	125.00
0.320180	125.00
0.320200	125.00
0.320220	126.00
0.320240	126.00
0.320260	127.00
0.320280	127.00
0.320300	126.00
0.320320	125.00
0.320340	124.00
0.320360	125.00
0.320380	125.00
0.320400	126.00
0.320420	126.00
0.320440	126.00
0.320460	126.00
0.320480	126.00
0.320500	126.00
0.320520	126.00
0.320540	126.00
0.320560	126.00
0.320580	127.00
0.320600	126.00
0.320620	126.00
0.320640	125.00
0.320660	125.00
0.320680	125.00
0.320700	124.00
0.320720	124.00
0.320740	123.00
0.320760	123.00
0.320780	124.00
0.320800	125.00
0.320820	125.00
0.320840	125.00
0.320860	124.00
0.320880	124.00
0.320900	125.00
0.320920	125.00
0.320940	126.00
0.320960	127.00
0.320980	127.00
0.321000	126.00
0.321020	126.00
0.321040	126.00
0.321060	126.00
0.321080	125.00
0.321100	125.00
0.321120	125.00
0.321140	125.00
0.321160	126.00
0.321180	126.00
0.321200	126.00
0.321220	126.00
0.321240	126.00
0.321260	126.00
0.321280	126.00
0.321300	126.00
0.321320	126.00
0.321340	126.00
0.321360	126.00
0.321380	126.00
0.321400	126.00
0.321420	126.00
0.321440	126.00
0.321460	126.00
0.321480	126.00
0.321500	126.00
0.321520	126.00
0.321540	126.00
0.321560	125.00
0.321580	125.00
0.321600	125.00
0.321620	125.00
0.321640	125.00
0.321660	125.00
0.321680	124.00
0.321700	124.00
0.321720	123.00
0.321740	124.00
0.321760	124.00
0.321780	125.00
0.321800	126.00
0.321820	126.00
0.321840	126.00
0.321860	126.00
0.321880	126.00
0.321900	126.00
0.321920	125.00
0.321940	124.00
0.321960	124.00
0.321980	124.00
0.322000	125.00
0.322020	125.00
0.322040	126.00
0.322060	126.00
0.322080	126.00
0.322100	126.00
0.322120	126.00
0.322140	125.00
0.322160	125.00
0.322180	125.00
0.322200	125.00
0.322220	125.00
0.322240	125.00
0.322260	124.00
0.322280	125.00
0.322300	125.00
0.322320	125.00
0.322340	126.00
0.322360	126.00
0.322380	126.00
0.322400	127.00
0.322420	127.00
0.322440	126.00
0.322460	126.00
0.322480	126.00
0.322500	127.00
0.322520	127.00
0.322540	127.00
0.322560	127.00
0.322580	126.00
0.322600	125.00
0.322620	125.00
0.322640	125.00
0.322660	125.00
0.322680	125.00
0.322700	125.00
0.322720	124.00
0.322740	124.00
0.322760	123.00
0.322780	123.00
0.322800	123.00
0.322820	124.00
0.322840	124.00
0.322860	125.00
0.322880	126.00
0.322900	126.00
0.322920	126.00
0.322940	126.00
0.322960	126.00
0.322980	126.00
0.323000	126.00
0.323020	126.00
0.323040	126.00
0.323060	126.00
0.323080	126.00
0.323100	126.00
0.323120	126.00
0.323140	126.00
0.323160	125.00
0.323180	126.00
0.323200	126.00
0.323220	126.00
0.323240	126.00
0.323260	126.00
0.323280	126.00
0.323300	125.00
0.323320	125.00
0.323340	126.00
0.323360	126.00
0.323380	127.00
0.323400	126.00
0.323420	126.00
0.323440	125.00
0.323460	125.00
0.323480	126.00
0.323500	126.00
0.323520	126.00
0.323540	126.00
0.323560	126.00
0.323580	126.00
0.323600	126.00
0.323620	125.00
0.323640	125.00
0.323660	124.00
0.323680	124.00
0.323700	124.00
0.323720	124.00
0.323740	124.00
0.323760	123.00
0.323780	123.00
0.323800	123.00
0.323820	123.00
0.323840	124.00
0.323860	125.00
0.323880	126.00
