0.303800	101.00
0.303820	49.00
0.303840	102.00
0.303860	141.00
0.303880	145.00
0.303900	126.00
0.303920	112.00
0.303940	118.00
0.303960	130.00
0.303980	134.00
0.304000	127.00
0.304020	121.00
0.304040	123.00
0.304060	129.00
0.304080	130.00
0.304100	124.00
0.304120	120.00
0.304140	122.00
0.304160	128.00
0.304180	129.00
0.304200	125.00
0.304220	121.00
0.304240	122.00
0.304260	126.00
0.304280	128.00
0.304300	125.00
0.304320	121.00
0.304340	123.00
0.304360	126.00
0.304380	128.00
0.304400	126.00
0.304420	124.00
0.304440	125.00
0.304460	127.00
0.304480	128.00
0.304500	125.00
0.304520	123.00
0.304540	123.00
0.304560	126.00
0.304580	126.00
0.304600	125.00
0.304620	123.00
0.304640	124.00
0.304660	125.00
0.304680	126.00
0.304700	124.00
0.304720	123.00
0.304740	124.00
0.304760	126.00
0.304780	127.00
0.304800	126.00
0.304820	124.00
0.304840	124.00
0.304860	125.00
0.304880	126.00
0.304900	125.00
0.304920	125.00
0.304940	125.00
0.304960	127.00
0.304980	128.00
0.305000	127.00
0.305020	126.00
0.305040	127.00
0.305060	128.00
0.305080	128.00
0.305100	126.00
0.305120	124.00
0.305140	124.00
0.305160	126.00
0.305180	126.00
0.305200	125.00
0.305220	124.00
0.305240	124.00
0.305260	126.00
0.305280	126.00
0.305300	126.00
0.305320	125.00
0.305340	125.00
0.305360	126.00
0.305380	126.00
0.305400	124.00
0.305420	123.00
0.305440	124.00
0.305460	125.00
0.305480	125.00
0.305500	124.00
0.305520	124.00
0.305540	125.00
0.305560	126.00
0.305580	125.00
0.305600	123.00
0.305620	122.00
0.305640	123.00
0.305660	126.00
0.305680	127.00
0.305700	127.00
0.305720	127.00
0.305740	127.00
0.305760	127.00
0.305780	127.00
0.305800	126.00
0.305820	125.00
0.305840	125.00
0.305860	126.00
0.305880	126.00
0.305900	126.00
0.305920	125.00
0.305940	125.00
0.305960	125.00
0.305980	126.00
0.306000	126.00
0.306020	126.00
0.306040	127.00
0.306060	128.00
0.306080	129.00
0.306100	127.00
0.306120	126.00
0.306140	126.00
0.306160	126.00
0.306180	127.00
0.306200	126.00
0.306220	125.00
0.306240	124.00
0.306260	124.00
0.306280	124.00
0.306300	124.00
0.306320	124.00
0.306340	125.00
0.306360	126.00
0.306380	126.00
0.306400	126.00
0.306420	125.00
0.306440	125.00
0.306460	125.00
0.306480	125.00
0.306500	125.00
0.306520	124.00
0.306540	124.00
0.306560	124.00
0.306580	125.00
0.306600	125.00
0.306620	125.00
0.306640	125.00
0.306660	126.00
0.306680	127.00
0.306700	127.00
0.306720	127.00
0.306740	127.00
0.306760	127.00
0.306780	127.00
0.306800	127.00
0.306820	126.00
0.306840	126.00
0.306860	126.00
0.306880	126.00
0.306900	126.00
0.306920	125.00
0.306940	125.00
0.306960	125.00
0.306980	125.00
0.307000	125.00
0.307020	125.00
0.307040	126.00
0.307060	126.00
0.307080	126.00
0.307100	125.00
0.307120	124.00
0.307140	124.00
0.307160	124.00
0.307180	124.00
0.307200	123.00
0.307220	123.00
0.307240	124.00
0.307260	125.00
0.307280	126.00
0.307300	126.00
0.307320	126.00
0.307340	125.00
0.307360	126.00
0.307380	126.00
0.307400	125.00
0.307420	124.00
0.307440	124.00
0.307460	125.00
0.307480	125.00
0.307500	125.00
0.307520	125.00
0.307540	124.00
0.307560	125.00
0.307580	125.00
0.307600	125.00
0.307620	124.00
0.307640	124.00
0.307660	124.00
0.307680	124.00
0.307700	124.00
0.307720	124.00
0.307740	125.00
0.307760	126.00
0.307780	127.00
0.307800	126.00
0.307820	126.00
0.307840	126.00
0.307860	126.00
0.307880	127.00
0.307900	127.00
0.307920	126.00
0.307940	126.00
0.307960	126.00
0.307980	127.00
0.308000	126.00
0.308020	126.00
0.308040	125.00
0.308060	125.00
0.308080	125.00
0.308100	124.00
0.308120	124.00
0.308140	124.00
0.308160	125.00
0.308180	125.00
0.308200	125.00
0.308220	124.00
0.308240	124.00
0.308260	125.00
0.308280	125.00
0.308300	125.00
0.308320	124.00
0.308340	124.00
0.308360	124.00
0.308380	124.00
0.308400	124.00
0.308420	124.00
0.308440	124.00
0.308460	123.00
0.308480	124.00
0.308500	123.00
0.308520	123.00
0.308540	123.00
0.308560	124.00
0.308580	125.00
0.308600	126.00
0.308620	126.00
0.308640	127.00
0.308660	127.00
0.308680	127.00
0.308700	126.00
0.308720	125.00
0.308740	125.00
0.308760	124.00
0.308780	125.00
0.308800	126.00
0.308820	127.00
0.308840	127.00
0.308860	126.00
0.308880	125.00
0.308900	126.00
0.308920	126.00
0.308940	127.00
0.308960	126.00
0.308980	125.00
0.309000	125.00
0.309020	125.00
0.309040	126.00
0.309060	127.00
0.309080	127.00
0.309100	126.00
0.309120	125.00
0.309140	125.00
0.309160	126.00
0.309180	126.00
0.309200	125.00
0.309220	125.00
0.309240	126.00
0.309260	126.00
0.309280	125.00
0.309300	124.00
0.309320	123.00
0.309340	123.00
0.309360	123.00
0.309380	123.00
0.309400	124.00
0.309420	124.00
0.309440	124.00
0.309460	125.00
0.309480	125.00
0.309500	125.00
0.309520	125.00
0.309540	126.00
0.309560	126.00
0.309580	125.00
0.309600	124.00
0.309620	125.00
0.309640	125.00
0.309660	126.00
0.309680	125.00
0.309700	124.00
0.309720	124.00
0.309740	124.00
0.309760	124.00
0.309780	124.00
0.309800	124.00
0.309820	125.00
0.309840	126.00
0.309860	128.00
0.309880	128.00
0.309900	127.00
0.309920	126.00
0.309940	126.00
0.309960	126.00
0.309980	127.00
0.310000	126.00
0.310020	126.00
0.310040	126.00
0.310060	126.00
0.310080	126.00
0.310100	125.00
0.310120	125.00
0.310140	126.00
0.310160	127.00
0.310180	127.00
0.310200	126.00
0.310220	125.00
0.310240	125.00
0.310260	125.00
0.310280	125.00
0.310300	125.00
0.310320	125.00
0.310340	126.00
0.310360	127.00
0.310380	127.00
0.310400	127.00
0.310420	127.00
0.310440	127.00
0.310460	127.00
0.310480	127.00
0.310500	125.00
0.310520	124.00
0.310540	124.00
0.310560	125.00
0.310580	126.00
0.310600	126.00
0.310620	125.00
0.310640	125.00
0.310660	126.00
0.310680	125.00
0.310700	125.00
0.310720	124.00
0.310740	124.00
0.310760	124.00
0.310780	124.00
0.310800	124.00
0.310820	124.00
0.310840	124.00
0.310860	125.00
0.310880	126.00
0.310900	127.00
0.310920	127.00
0.310940	127.00
0.310960	127.00
0.310980	127.00
0.311000	126.00
0.311020	125.00
0.311040	125.00
0.311060	125.00
0.311080	125.00
0.311100	124.00
0.311120	124.00
0.311140	124.00
0.311160	125.00
0.311180	126.00
0.311200	126.00
0.311220	126.00
0.311240	126.00
0.311260	126.00
0.311280	125.00
0.311300	124.00
0.311320	124.00
0.311340	124.00
0.311360	124.00
0.311380	124.00
0.311400	124.00
0.311420	125.00
0.311440	126.00
0.311460	126.00
0.311480	126.00
0.311500	124.00
0.311520	123.00
0.311540	124.00
0.311560	125.00
0.311580	125.00
0.311600	125.00
0.311620	124.00
0.311640	124.00
0.311660	125.00
0.311680	125.00
0.311700	125.00
0.311720	125.00
0.311740	125.00
0.311760	126.00
0.311780	126.00
0.311800	127.00
0.311820	127.00
0.311840	126.00
0.311860	126.00
0.311880	126.00
0.311900	126.00
0.311920	126.00
0.311940	126.00
0.311960	126.00
0.311980	126.00
0.312000	126.00
0.312020	125.00
0.312040	124.00
0.312060	125.00
0.312080	126.00
0.312100	127.00
0.312120	127.00
0.312140	127.00
0.312160	126.00
0.312180	126.00
0.312200	126.00
0.312220	126.00
0.312240	126.00
0.312260	125.00
0.312280	124.00
0.312300	123.00
0.312320	123.00
0.312340	124.00
0.312360	124.00
0.312380	125.00
0.312400	125.00
0.312420	125.00
0.312440	126.00
0.312460	127.00
0.312480	127.00
0.312500	126.00
0.312520	124.00
0.312540	124.00
0.312560	125.00
0.312580	126.00
0.312600	126.00
0.312620	126.00
0.312640	126.00
0.312660	127.00
0.312680	128.00
0.312700	128.00
0.312720	126.00
0.312740	124.00
0.312760	123.00
0.312780	122.00
0.312800	123.00
0.312820	124.00
0.312840	125.00
0.312860	127.00
0.312880	127.00
0.312900	128.00
0.312920	128.00
0.312940	128.00
0.312960	127.00
0.312980	127.00
0.313000	126.00
0.313020	126.00
0.313040	125.00
0.313060	124.00
0.313080	123.00
0.313100	123.00
0.313120	123.00
0.313140	124.00
0.313160	126.00
0.313180	127.00
0.313200	128.00
0.313220	127.00
0.313240	126.00
0.313260	125.00
0.313280	125.00
0.313300	125.00
0.313320	126.00
0.313340	126.00
0.313360	127.00
0.313380	127.00
0.313400	126.00
0.313420	126.00
0.313440	126.00
0.313460	126.00
0.313480	125.00
0.313500	123.00
0.313520	121.00
0.313540	121.00
0.313560	121.00
0.313580	122.00
0.313600	124.00
0.313620	126.00
0.313640	128.00
0.313660	129.00
0.313680	129.00
0.313700	127.00
0.313720	125.00
0.313740	124.00
0.313760	125.00
0.313780	127.00
0.313800	130.00
0.313820	133.00
0.313840	134.00
0.313860	133.00
0.313880	130.00
0.313900	125.00
0.313920	119.00
0.313940	115.00
0.313960	113.00
0.313980	115.00
0.314000	119.00
0.314020	126.00
0.314040	133.00
0.314060	139.00
0.314080	140.00
0.314100	136.00
0.314120	129.00
0.314140	121.00
0.314160	116.00
0.314180	114.00
0.314200	116.00
0.314220	121.00
0.314240	127.00
0.314260	130.00
0.314280	130.00
0.314300	127.00
0.314320	123.00
0.314340	120.00
0.314360	120.00
0.314380	123.00
0.314400	128.00
0.314420	134.00
0.314440	138.00
0.314460	140.00
0.314480	137.00
0.314500	129.00
0.314520	119.00
0.314540	109.00
0.314560	103.00
0.314580	103.00
0.314600	109.00
0.314620	118.00
0.314640	130.00
0.314660	141.00
0.314680	149.00
0.314700	150.00
0.314720	146.00
0.314740	137.00
0.314760	126.00
0.314780	115.00
0.314800	108.00
0.314820	106.00
0.314840	109.00
0.314860	116.00
0.314880	125.00
0.314900	133.00
0.314920	137.00
0.314940	137.00
0.314960	133.00
0.314980	127.00
0.315000	121.00
0.315020	118.00
0.315040	119.00
0.315060	124.00
0.315080	131.00
0.315100	138.00
0.315120	143.00
0.315140	143.00
0.315160	135.00
0.315180	122.00
0.315200	105.00
0.315220	90.00
0.315240	82.00
0.315260	85.00
0.315280	99.00
0.315300	123.00
0.315320	149.00
0.315340	171.00
0.315360	182.00
0.315380	179.00
0.315400	161.00
0.315420	133.00
0.315440	103.00
0.315460	78.00
0.315480	66.00
0.315500	69.00
0.315520	88.00
0.315540	115.00
0.315560	144.00
0.315580	166.00
0.315600	177.00
0.315620	175.00
0.315640	160.00
0.315660	138.00
0.315680	113.00
0.315700	92.00
0.315720	81.00
0.315740	83.00
0.315760	96.00
0.315780	115.00
0.315800	136.00
0.315820	152.00
0.315840	160.00
0.315860	160.00
0.315880	153.00
0.315900	141.00
0.315920	129.00
0.315940	116.00
0.315960	106.00
0.315980	98.00
0.316000	94.00
0.316020	95.00
0.316040	102.00
0.316060	113.00
0.316080	125.00
0.316100	137.00
0.316120	148.00
0.316140	157.00
0.316160	162.00
0.316180	160.00
0.316200	150.00
0.316220	133.00
0.316240	110.00
0.316260	88.00
0.316280	72.00
0.316300	67.00
0.316320	75.00
0.316340	98.00
0.316360	130.00
0.316380	164.00
0.316400	190.00
0.316420	200.00
0.316440	192.00
0.316460	165.00
0.316480	128.00
0.316500	89.00
0.316520	59.00
0.316540	45.00
0.316560	50.00
0.316580	75.00
0.316600	112.00
0.316620	153.00
0.316640	186.00
0.316660	204.00
0.316680	201.00
0.316700	179.00
0.316720	145.00
0.316740	107.00
0.316760	75.00
0.316780	55.00
0.316800	51.00
0.316820	66.00
0.316840	96.00
0.316860	133.00
0.316880	165.00
0.316900	185.00
0.316920	188.00
0.316940	176.00
0.316960	152.00
0.316980	124.00
0.317000	99.00
0.317020	83.00
0.317040	80.00
0.317060	88.00
0.317080	104.00
0.317100	119.00
0.317120	130.00
0.317140	135.00
0.317160	136.00
0.317180	136.00
0.317200	136.00
0.317220	139.00
0.317240	142.00
0.317260	145.00
0.317280	143.00
0.317300	135.00
0.317320	121.00
0.317340	104.00
0.317360	90.00
0.317380	83.00
0.317400	88.00
0.317420	103.00
0.317440	127.00
0.317460	151.00
0.317480	170.00
0.317500	176.00
0.317520	168.00
0.317540	148.00
0.317560	122.00
0.317580	98.00
0.317600	82.00
0.317620	79.00
0.317640	91.00
0.317660	113.00
0.317680	137.00
0.317700	154.00
0.317720	160.00
0.317740	154.00
0.317760	139.00
0.317780	121.00
0.317800	105.00
0.317820	96.00
0.317840	97.00
0.317860	107.00
0.317880	123.00
0.317900	140.00
0.317920	153.00
0.317940	158.00
0.317960	154.00
0.317980	142.00
0.318000	126.00
0.318020	109.00
0.318040	96.00
0.318060	91.00
0.318080	93.00
0.318100	102.00
0.318120	116.00
0.318140	132.00
0.318160	147.00
0.318180	157.00
0.318200	158.00
0.318220	152.00
0.318240	141.00
0.318260	127.00
0.318280	114.00
0.318300	105.00
0.318320	101.00
0.318340	102.00
0.318360	109.00
0.318380	118.00
0.318400	126.00
0.318420	131.00
0.318440	133.00
0.318460	134.00
0.318480	135.00
0.318500	136.00
0.318520	137.00
0.318540	137.00
0.318560	137.00
0.318580	134.00
0.318600	128.00
0.318620	119.00
0.318640	109.00
0.318660	102.00
0.318680	100.00
0.318700	105.00
0.318720	115.00
0.318740	127.00
0.318760	140.00
0.318780	149.00
0.318800	154.00
0.318820	153.00
0.318840	146.00
0.318860	135.00
0.318880	122.00
0.318900	111.00
0.318920	103.00
0.318940	100.00
0.318960	102.00
0.318980	108.00
0.319000	117.00
0.319020	127.00
0.319040	136.00
0.319060	143.00
0.319080	146.00
0.319100	145.00
0.319120	139.00
0.319140	131.00
0.319160	123.00
0.319180	115.00
0.319200	110.00
0.319220	107.00
0.319240	107.00
0.319260	110.00
0.319280	116.00
0.319300	122.00
0.319320	130.00
0.319340	136.00
0.319360	141.00
0.319380	143.00
0.319400	142.00
0.319420	139.00
0.319440	133.00
0.319460	126.00
0.319480	118.00
0.319500	112.00
0.319520	109.00
0.319540	109.00
0.319560	113.00
0.319580	119.00
0.319600	125.00
0.319620	131.00
0.319640	135.00
0.319660	136.00
0.319680	135.00
0.319700	133.00
0.319720	131.00
0.319740	129.00
0.319760	127.00
0.319780	125.00
0.319800	123.00
0.319820	122.00
0.319840	122.00
0.319860	120.00
0.319880	119.00
0.319900	117.00
0.319920	118.00
0.319940	121.00
0.319960	124.00
0.319980	128.00
0.320000	130.00
0.320020	132.00
0.320040	133.00
0.320060	132.00
0.320080	130.00
0.320100	128.00
0.320120	127.00
0.320140	126.00
0.320160	124.00
0.320180	122.00
0.320200	120.00
0.320220	118.00
0.320240	119.00
0.320260	120.00
0.320280	123.00
0.320300	125.00
0.320320	128.00
0.320340	130.00
0.320360	132.00
0.320380	133.00
0.320400	132.00
0.320420	130.00
0.320440	128.00
0.320460	126.00
0.320480	123.00
0.320500	121.00
0.320520	119.00
0.320540	118.00
0.320560	119.00
0.320580	122.00
0.320600	124.00
0.320620	127.00
0.320640	130.00
0.320660	133.00
0.320680	134.00
0.320700	134.00
0.320720	131.00
0.320740	128.00
0.320760	125.00
0.320780	123.00
0.320800	121.00
0.320820	120.00
0.320840	120.00
0.320860	121.00
0.320880	122.00
0.320900	122.00
0.320920	123.00
0.320940	123.00
0.320960	124.00
0.320980	126.00
0.321000	128.00
0.321020	128.00
0.321040	128.00
0.321060	127.00
0.321080	127.00
0.321100	126.00
0.321120	124.00
0.321140	123.00
0.321160	122.00
0.321180	121.00
0.321200	121.00
0.321220	122.00
0.321240	124.00
0.321260	126.00
0.321280	128.00
0.321300	130.00
0.321320	131.00
0.321340	130.00
0.321360	129.00
0.321380	128.00
0.321400	126.00
0.321420	124.00
0.321440	123.00
0.321460	122.00
0.321480	122.00
0.321500	122.00
0.321520	122.00
0.321540	123.00
0.321560	125.00
0.321580	127.00
0.321600	130.00
0.321620	132.00
0.321640	132.00
0.321660	131.00
0.321680	129.00
0.321700	125.00
0.321720	122.00
0.321740	120.00
0.321760	119.00
0.321780	119.00
0.321800	120.00
0.321820	123.00
0.321840	126.00
0.321860	129.00
0.321880	131.00
0.321900	131.00
0.321920	130.00
0.321940	128.00
0.321960	126.00
0.321980	123.00
0.322000	120.00
0.322020	118.00
0.322040	118.00
0.322060	119.00
0.322080	122.00
0.322100	125.00
0.322120	127.00
0.322140	130.00
0.322160	131.00
0.322180	131.00
0.322200	130.00
0.322220	127.00
0.322240	124.00
0.322260	122.00
0.322280	122.00
0.322300	124.00
0.322320	127.00
0.322340	129.00
0.322360	130.00
0.322380	131.00
0.322400	130.00
0.322420	130.00
0.322440	128.00
0.322460	125.00
0.322480	123.00
0.322500	121.00
0.322520	121.00
0.322540	122.00
0.322560	123.00
0.322580	123.00
0.322600	124.00
0.322620	126.00
0.322640	127.00
0.322660	129.00
0.322680	129.00
0.322700	128.00
0.322720	126.00
0.322740	124.00
0.322760	122.00
0.322780	120.00
0.322800	119.00
0.322820	120.00
0.322840	122.00
0.322860	125.00
0.322880	127.00
0.322900	128.00
0.322920	129.00
0.322940	129.00
0.322960	129.00
0.322980	127.00
0.323000	124.00
0.323020	123.00
0.323040	122.00
0.323060	121.00
0.323080	121.00
0.323100	121.00
0.323120	122.00
0.323140	125.00
0.323160	127.00
0.323180	128.00
0.323200	127.00
0.323220	126.00
0.323240	126.00
0.323260	126.00
0.323280	126.00
0.323300	125.00
0.323320	124.00
0.323340	124.00
0.323360	125.00
0.323380	126.00
0.323400	127.00
0.323420	127.00
0.323440	127.00
0.323460	128.00
0.323480	127.00
0.323500	126.00
0.323520	125.00
0.323540	124.00
0.323560	124.00
0.323580	126.00
0.323600	127.00
0.323620	128.00
0.323640	128.00
0.323660	128.00
0.323680	127.00
0.323700	126.00
0.323720	124.00
0.323740	123.00
0.323760	123.00
0.323780	123.00
0.323800	124.00
0.323820	125.00
0.323840	127.00
0.323860	128.00
0.323880	128.00
0.323900	127.00
0.323920	124.00
0.323940	122.00
0.323960	120.00
0.323980	121.00
0.324000	122.00
0.324020	123.00
0.324040	125.00
0.324060	128.00
0.324080	129.00
0.324100	130.00
0.324120	130.00
0.324140	129.00
0.324160	128.00
0.324180	126.00
0.324200	124.00
0.324220	123.00
0.324240	123.00
0.324260	124.00
0.324280	125.00
0.324300	126.00
0.324320	127.00
0.324340	127.00
0.324360	127.00
0.324380	127.00
0.324400	127.00
0.324420	126.00
0.324440	126.00
0.324460	126.00
0.324480	127.00
0.324500	127.00
0.324520	128.00
0.324540	128.00
0.324560	127.00
0.324580	127.00
0.324600	126.00
0.324620	125.00
0.324640	124.00
0.324660	122.00
0.324680	121.00
0.324700	121.00
0.324720	122.00
0.324740	124.00
0.324760	127.00
0.324780	128.00
0.324800	129.00
0.324820	129.00
0.324840	128.00
0.324860	127.00
0.324880	125.00
0.324900	122.00
0.324920	120.00
0.324940	120.00
0.324960	120.00
0.324980	122.00
0.325000	123.00
0.325020	125.00
0.325040	127.00
0.325060	128.00
0.325080	128.00
0.325100	128.00
0.325120	126.00
0.325140	124.00
0.325160	123.00
0.325180	123.00
0.325200	123.00
0.325220	124.00
0.325240	124.00
0.325260	125.00
0.325280	126.00
0.325300	127.00
0.325320	127.00
0.325340	127.00
0.325360	127.00
0.325380	126.00
0.325400	126.00
0.325420	126.00
0.325440	125.00
0.325460	125.00
0.325480	125.00
0.325500	125.00
0.325520	125.00
0.325540	124.00
0.325560	125.00
0.325580	125.00
0.325600	126.00
0.325620	127.00
0.325640	127.00
0.325660	126.00
0.325680	124.00
0.325700	123.00
0.325720	122.00
0.325740	122.00
0.325760	123.00
0.325780	124.00
0.325800	126.00
0.325820	126.00
0.325840	125.00
0.325860	125.00
0.325880	125.00
0.325900	126.00
0.325920	126.00
0.325940	125.00
0.325960	123.00
0.325980	123.00
0.326000	124.00
0.326020	125.00
0.326040	127.00
0.326060	128.00
0.326080	128.00
0.326100	127.00
0.326120	126.00
0.326140	126.00
0.326160	126.00
0.326180	126.00
0.326200	126.00
0.326220	126.00
0.326240	126.00
0.326260	127.00
0.326280	127.00
0.326300	127.00
0.326320	127.00
0.326340	126.00
0.326360	126.00
0.326380	125.00
0.326400	124.00
0.326420	123.00
0.326440	124.00
0.326460	125.00
0.326480	126.00
0.326500	126.00
0.326520	126.00
0.326540	126.00
0.326560	127.00
0.326580	127.00
0.326600	126.00
0.326620	126.00
0.326640	125.00
0.326660	125.00
0.326680	125.00
0.326700	125.00
0.326720	125.00
0.326740	124.00
0.326760	123.00
0.326780	124.00
0.326800	124.00
0.326820	125.00
0.326840	125.00
0.326860	125.00
0.326880	126.00
0.326900	126.00
0.326920	126.00
0.326940	125.00
0.326960	125.00
0.326980	125.00
0.327000	126.00
0.327020	127.00
0.327040	127.00
0.327060	127.00
0.327080	127.00
0.327100	127.00
0.327120	127.00
0.327140	126.00
0.327160	125.00
0.327180	124.00
0.327200	125.00
0.327220	126.00
0.327240	126.00
0.327260	126.00
0.327280	127.00
0.327300	127.00
0.327320	127.00
0.327340	127.00
0.327360	126.00
0.327380	126.00
0.327400	125.00
0.327420	125.00
0.327440	125.00
0.327460	125.00
0.327480	125.00
0.327500	125.00
0.327520	125.00
0.327540	126.00
0.327560	126.00
0.327580	125.00
0.327600	124.00
0.327620	124.00
0.327640	124.00
0.327660	124.00
0.327680	124.00
0.327700	123.00
0.327720	122.00
0.327740	123.00
0.327760	124.00
0.327780	126.00
0.327800	127.00
0.327820	127.00
0.327840	126.00
0.327860	126.00
0.327880	126.00
0.327900	126.00
0.327920	127.00
0.327940	127.00
0.327960	128.00
0.327980	128.00
0.328000	128.00
0.328020	127.00
0.328040	125.00
0.328060	124.00
0.328080	124.00
0.328100	125.00
0.328120	125.00
0.328140	125.00
0.328160	125.00
0.328180	125.00
0.328200	125.00
0.328220	126.00
0.328240	126.00
0.328260	126.00
0.328280	126.00
0.328300	126.00
0.328320	127.00
0.328340	128.00
0.328360	128.00
0.328380	127.00
0.328400	126.00
0.328420	125.00
0.328440	125.00
0.328460	125.00
0.328480	124.00
0.328500	124.00
0.328520	125.00
0.328540	126.00
0.328560	127.00
0.328580	127.00
0.328600	125.00
0.328620	124.00
0.328640	123.00
0.328660	123.00
0.328680	123.00
0.328700	124.00
0.328720	125.00
0.328740	125.00
0.328760	124.00
0.328780	124.00
0.328800	124.00
0.328820	125.00
0.328840	125.00
0.328860	125.00
0.328880	125.00
0.328900	126.00
0.328920	126.00
0.328940	126.00
0.328960	126.00
0.328980	125.00
0.329000	125.00
0.329020	125.00
0.329040	125.00
0.329060	125.00
0.329080	125.00
0.329100	125.00
0.329120	125.00
0.329140	126.00
0.329160	126.00
0.329180	126.00
0.329200	126.00
0.329220	126.00
0.329240	126.00
0.329260	126.00
0.329280	125.00
0.329300	125.00
0.329320	125.00
0.329340	125.00
0.329360	125.00
0.329380	125.00
0.329400	125.00
0.329420	125.00
0.329440	125.00
0.329460	126.00
0.329480	126.00
0.329500	126.00
0.329520	125.00
0.329540	125.00
0.329560	125.00
0.329580	124.00
0.329600	124.00
0.329620	123.00
0.329640	123.00
0.329660	124.00
0.329680	125.00
0.329700	125.00
0.329720	126.00
0.329740	126.00
0.329760	126.00
0.329780	125.00
0.329800	125.00
0.329820	125.00
0.329840	125.00
0.329860	125.00
0.329880	124.00
0.329900	124.00
0.329920	124.00
0.329940	126.00
0.329960	127.00
0.329980	127.00
0.330000	127.00
0.330020	126.00
0.330040	126.00
0.330060	126.00
0.330080	126.00
0.330100	126.00
0.330120	125.00
0.330140	125.00
0.330160	125.00
0.330180	125.00
0.330200	125.00
0.330220	126.00
0.330240	127.00
0.330260	128.00
0.330280	127.00
0.330300	126.00
0.330320	125.00
0.330340	124.00
0.330360	124.00
0.330380	124.00
0.330400	124.00
0.330420	124.00
0.330440	124.00
0.330460	125.00
0.330480	125.00
0.330500	125.00
0.330520	125.00
0.330540	125.00
0.330560	125.00
0.330580	125.00
0.330600	125.00
0.330620	125.00
0.330640	125.00
0.330660	125.00
0.330680	125.00
0.330700	125.00
0.330720	124.00
0.330740	124.00
0.330760	124.00
0.330780	125.00
0.330800	126.00
0.330820	127.00
0.330840	128.00
0.330860	128.00
0.330880	128.00
0.330900	127.00
0.330920	127.00
0.330940	126.00
0.330960	126.00
0.330980	125.00
0.331000	125.00
0.331020	126.00
0.331040	125.00
0.331060	125.00
0.331080	125.00
0.331100	125.00
0.331120	125.00
0.331140	126.00
0.331160	126.00
0.331180	126.00
0.331200	126.00
0.331220	126.00
0.331240	125.00
0.331260	125.00
0.331280	126.00
0.331300	126.00
0.331320	127.00
0.331340	126.00
0.331360	126.00
0.331380	125.00
0.331400	125.00
0.331420	125.00
0.331440	126.00
0.331460	126.00
0.331480	126.00
0.331500	125.00
0.331520	125.00
0.331540	125.00
0.331560	125.00
0.331580	125.00
0.331600	125.00
0.331620	125.00
0.331640	124.00
0.331660	124.00
0.331680	123.00
0.331700	123.00
0.331720	124.00
0.331740	125.00
0.331760	125.00
0.331780	125.00
0.331800	124.00
0.331820	125.00
0.331840	126.00
0.331860	126.00
0.331880	126.00
0.331900	125.00
0.331920	125.00
0.331940	125.00
0.331960	126.00
0.331980	125.00
0.332000	124.00
0.332020	123.00
0.332040	123.00
0.332060	125.00
0.332080	126.00
0.332100	127.00
0.332120	127.00
0.332140	127.00
0.332160	127.00
0.332180	128.00
0.332200	128.00
0.332220	127.00
0.332240	127.00
0.332260	126.00
0.332280	126.00
0.332300	126.00
0.332320	125.00
0.332340	124.00
0.332360	124.00
0.332380	124.00
0.332400	124.00
0.332420	124.00
0.332440	125.00
0.332460	125.00
0.332480	125.00
0.332500	125.00
0.332520	125.00
0.332540	125.00
0.332560	124.00
0.332580	124.00
0.332600	124.00
0.332620	124.00
0.332640	124.00
0.332660	125.00
0.332680	126.00
0.332700	127.00
0.332720	127.00
0.332740	127.00
0.332760	127.00
0.332780	126.00
0.332800	125.00
0.332820	125.00
0.332840	125.00
0.332860	125.00
0.332880	125.00
0.332900	125.00
0.332920	125.00
0.332940	125.00
0.332960	126.00
0.332980	126.00
0.333000	126.00
0.333020	126.00
0.333040	126.00
0.333060	126.00
0.333080	126.00
0.333100	126.00
0.333120	126.00
0.333140	127.00
0.333160	128.00
0.333180	128.00
0.333200	128.00
0.333220	127.00
0.333240	127.00
0.333260	126.00
0.333280	125.00
0.333300	124.00
0.333320	124.00
0.333340	124.00
0.333360	124.00
0.333380	124.00
0.333400	124.00
0.333420	124.00
0.333440	124.00
0.333460	125.00
0.333480	126.00
0.333500	126.00
0.333520	126.00
0.333540	126.00
0.333560	125.00
0.333580	125.00
0.333600	125.00
0.333620	125.00
0.333640	125.00
0.333660	126.00
0.333680	127.00
0.333700	127.00
0.333720	127.00
0.333740	128.00
0.333760	128.00
0.333780	128.00
0.333800	127.00
0.333820	126.00
0.333840	125.00
0.333860	125.00
0.333880	125.00
0.333900	126.00
0.333920	126.00
0.333940	125.00
0.333960	124.00
0.333980	123.00
0.334000	123.00
0.334020	124.00
0.334040	124.00
0.334060	125.00
0.334080	125.00
0.334100	125.00
0.334120	125.00
0.334140	124.00
0.334160	124.00
0.334180	125.00
0.334200	126.00
0.334220	127.00
0.334240	127.00
0.334260	127.00
0.334280	126.00
0.334300	126.00
0.334320	126.00
0.334340	125.00
0.334360	125.00
0.334380	125.00
0.334400	124.00
0.334420	124.00
0.334440	124.00
0.334460	124.00
0.334480	124.00
0.334500	124.00
0.334520	125.00
0.334540	125.00
0.334560	125.00
0.334580	125.00
0.334600	125.00
0.334620	125.00
0.334640	125.00
0.334660	125.00
0.334680	125.00
0.334700	125.00
0.334720	125.00
0.334740	126.00
0.334760	126.00
0.334780	126.00
0.334800	125.00
0.334820	125.00
0.334840	125.00
0.334860	125.00
0.334880	125.00
0.334900	125.00
0.334920	125.00
0.334940	126.00
0.334960	126.00
0.334980	127.00
0.335000	127.00
0.335020	128.00
0.335040	128.00
0.335060	127.00
0.335080	126.00
0.335100	125.00
0.335120	125.00
0.335140	125.00
0.335160	126.00
0.335180	126.00
0.335200	125.00
0.335220	125.00
0.335240	125.00
0.335260	125.00
0.335280	126.00
0.335300	126.00
0.335320	126.00
0.335340	126.00
0.335360	126.00
0.335380	126.00
0.335400	125.00
0.335420	125.00
0.335440	125.00
0.335460	125.00
0.335480	125.00
0.335500	124.00
0.335520	124.00
0.335540	124.00
0.335560	124.00
0.335580	125.00
0.335600	125.00
0.335620	126.00
0.335640	127.00
0.335660	127.00
0.335680	126.00
0.335700	125.00
0.335720	124.00
0.335740	124.00
0.335760	124.00
0.335780	125.00
0.335800	125.00
0.335820	125.00
0.335840	125.00
0.335860	126.00
0.335880	126.00
0.335900	126.00
0.335920	125.00
0.335940	125.00
0.335960	125.00
0.335980	126.00
0.336000	126.00
0.336020	126.00
0.336040	125.00
0.336060	125.00
0.336080	125.00
0.336100	125.00
0.336120	125.00
0.336140	125.00
0.336160	125.00
0.336180	125.00
0.336200	125.00
0.336220	124.00
0.336240	124.00
0.336260	124.00
0.336280	125.00
0.336300	126.00
0.336320	126.00
0.336340	126.00
0.336360	127.00
0.336380	126.00
0.336400	126.00
0.336420	124.00
0.336440	123.00
0.336460	123.00
0.336480	123.00
0.336500	125.00
0.336520	126.00
0.336540	126.00
0.336560	126.00
0.336580	126.00
0.336600	126.00
0.336620	126.00
0.336640	126.00
0.336660	126.00
0.336680	125.00
0.336700	124.00
0.336720	124.00
0.336740	124.00
0.336760	125.00
0.336780	126.00
0.336800	126.00
0.336820	126.00
0.336840	126.00
0.336860	126.00
0.336880	126.00
0.336900	127.00
0.336920	127.00
0.336940	127.00
0.336960	126.00
0.336980	126.00
0.337000	126.00
0.337020	126.00
0.337040	127.00
0.337060	127.00
0.337080	127.00
0.337100	127.00
0.337120	126.00
0.337140	126.00
0.337160	125.00
0.337180	125.00
0.337200	125.00
0.337220	125.00
0.337240	125.00
0.337260	125.00
0.337280	125.00
0.337300	125.00
0.337320	126.00
0.337340	126.00
0.337360	125.00
0.337380	124.00
0.337400	124.00
0.337420	123.00
0.337440	123.00
0.337460	124.00
0.337480	124.00
0.337500	125.00
0.337520	125.00
0.337540	125.00
0.337560	125.00
0.337580	126.00
0.337600	126.00
0.337620	127.00
0.337640	127.00
0.337660	126.00
0.337680	125.00
0.337700	125.00
0.337720	126.00
0.337740	127.00
0.337760	127.00
0.337780	127.00
0.337800	125.00
0.337820	125.00
0.337840	125.00
0.337860	126.00
0.337880	127.00
0.337900	127.00
0.337920	127.00
0.337940	127.00
0.337960	126.00
0.337980	125.00
0.338000	124.00
0.338020	124.00
0.338040	124.00
0.338060	125.00
0.338080	126.00
0.338100	126.00
0.338120	126.00
0.338140	126.00
0.338160	126.00
0.338180	126.00
0.338200	125.00
0.338220	124.00
0.338240	124.00
0.338260	124.00
0.338280	124.00
0.338300	125.00
0.338320	125.00
0.338340	125.00
0.338360	126.00
0.338380	125.00
0.338400	125.00
0.338420	124.00
0.338440	124.00
0.338460	124.00
0.338480	124.00
0.338500	124.00
0.338520	125.00
0.338540	125.00
0.338560	126.00
0.338580	127.00
0.338600	127.00
0.338620	126.00
0.338640	125.00
0.338660	125.00
0.338680	126.00
0.338700	126.00
0.338720	126.00
0.338740	126.00
0.338760	125.00
0.338780	125.00
0.338800	124.00
0.338820	124.00
0.338840	124.00
0.338860	124.00
0.338880	125.00
0.338900	125.00
0.338920	125.00
0.338940	125.00
0.338960	126.00
0.338980	126.00
0.339000	126.00
0.339020	126.00
0.339040	126.00
0.339060	126.00
0.339080	126.00
0.339100	126.00
0.339120	126.00
0.339140	125.00
0.339160	125.00
0.339180	125.00
0.339200	125.00
0.339220	125.00
0.339240	125.00
0.339260	125.00
0.339280	125.00
0.339300	125.00
0.339320	125.00
0.339340	125.00
0.339360	124.00
0.339380	124.00
0.339400	123.00
0.339420	123.00
0.339440	124.00
0.339460	124.00
0.339480	125.00
0.339500	126.00
0.339520	127.00
0.339540	127.00
0.339560	127.00
0.339580	126.00
0.339600	125.00
0.339620	125.00
0.339640	125.00
0.339660	125.00
0.339680	126.00
0.339700	126.00
0.339720	125.00
0.339740	125.00
0.339760	125.00
0.339780	125.00
0.339800	126.00
0.339820	126.00
0.339840	126.00
0.339860	125.00
0.339880	125.00
0.339900	126.00
0.339920	127.00
0.339940	127.00
0.339960	126.00
0.339980	125.00
0.340000	124.00
0.340020	124.00
0.340040	125.00
0.340060	125.00
0.340080	125.00
0.340100	125.00
0.340120	126.00
0.340140	126.00
0.340160	126.00
0.340180	125.00
0.340200	124.00
0.340220	125.00
0.340240	125.00
0.340260	126.00
0.340280	125.00
0.340300	125.00
0.340320	124.00
0.340340	125.00
0.340360	125.00
0.340380	125.00
0.340400	126.00
0.340420	126.00
0.340440	127.00
0.340460	128.00
0.340480	128.00
0.340500	126.00
0.340520	125.00
0.340540	124.00
0.340560	125.00
0.340580	125.00
0.340600	126.00
0.340620	125.00
0.340640	125.00
0.340660	124.00
0.340680	124.00
0.340700	125.00
0.340720	127.00
0.340740	127.00
0.340760	127.00
0.340780	126.00
0.340800	126.00
0.340820	127.00
0.340840	127.00
0.340860	127.00
0.340880	126.00
0.340900	125.00
0.340920	125.00
0.340940	127.00
0.340960	127.00
0.340980	126.00
0.341000	124.00
0.341020	123.00
0.341040	122.00
0.341060	123.00
0.341080	124.00
0.341100	124.00
0.341120	124.00
0.341140	125.00
0.341160	125.00
0.341180	126.00
0.341200	126.00
0.341220	125.00
0.341240	125.00
0.341260	125.00
0.341280	125.00
0.341300	124.00
0.341320	125.00
0.341340	125.00
0.341360	126.00
0.341380	127.00
0.341400	127.00
0.341420	126.00
0.341440	125.00
0.341460	124.00
0.341480	124.00
0.341500	124.00
0.341520	125.00
0.341540	127.00
0.341560	128.00
0.341580	128.00
0.341600	128.00
0.341620	127.00
0.341640	126.00
0.341660	126.00
0.341680	125.00
0.341700	124.00
0.341720	123.00
0.341740	123.00
0.341760	124.00
0.341780	125.00
0.341800	125.00
0.341820	125.00
0.341840	126.00
0.341860	127.00
0.341880	126.00
0.341900	125.00
0.341920	123.00
0.341940	122.00
0.341960	123.00
0.341980	124.00
0.342000	125.00
0.342020	125.00
0.342040	125.00
0.342060	126.00
0.342080	127.00
0.342100	127.00
0.342120	126.00
0.342140	125.00
0.342160	124.00
0.342180	123.00
0.342200	123.00
0.342220	123.00
0.342240	124.00
0.342260	125.00
0.342280	126.00
0.342300	126.00
0.342320	126.00
0.342340	126.00
0.342360	126.00
0.342380	125.00
0.342400	125.00
0.342420	124.00
0.342440	124.00
0.342460	124.00
0.342480	125.00
0.342500	126.00
0.342520	127.00
0.342540	128.00
0.342560	128.00
0.342580	128.00
0.342600	128.00
0.342620	128.00
0.342640	127.00
0.342660	126.00
0.342680	125.00
0.342700	124.00
0.342720	124.00
0.342740	125.00
0.342760	126.00
0.342780	128.00
0.342800	130.00
0.342820	130.00
0.342840	129.00
0.342860	128.00
0.342880	126.00
0.342900	125.00
0.342920	124.00
0.342940	123.00
0.342960	122.00
0.342980	122.00
0.343000	123.00
0.343020	123.00
0.343040	123.00
0.343060	123.00
0.343080	123.00
0.343100	123.00
0.343120	124.00
0.343140	126.00
0.343160	127.00
0.343180	128.00
0.343200	127.00
0.343220	125.00
0.343240	123.00
0.343260	122.00
0.343280	121.00
0.343300	121.00
0.343320	123.00
0.343340	125.00
0.343360	127.00
0.343380	128.00
0.343400	130.00
0.343420	130.00
0.343440	129.00
0.343460	128.00
0.343480	126.00
0.343500	124.00
0.343520	122.00
0.343540	122.00
0.343560	123.00
0.343580	125.00
0.343600	127.00
0.343620	128.00
0.343640	129.00
0.343660	129.00
0.343680	129.00
0.343700	127.00
0.343720	126.00
0.343740	125.00
0.343760	124.00
0.343780	124.00
0.343800	124.00
0.343820	124.00
0.343840	124.00
0.343860	126.00
0.343880	127.00
0.343900	129.00
0.343920	129.00
0.343940	129.00
0.343960	127.00
0.343980	125.00
0.344000	122.00
0.344020	120.00
0.344040	119.00
0.344060	120.00
0.344080	122.00
0.344100	124.00
0.344120	126.00
0.344140	128.00
0.344160	130.00
0.344180	130.00
0.344200	129.00
0.344220	126.00
0.344240	122.00
0.344260	121.00
0.344280	121.00
0.344300	123.00
0.344320	126.00
0.344340	128.00
0.344360	129.00
0.344380	131.00
0.344400	131.00
0.344420	131.00
0.344440	129.00
0.344460	126.00
0.344480	123.00
0.344500	121.00
0.344520	120.00
0.344540	121.00
0.344560	124.00
0.344580	127.00
0.344600	130.00
0.344620	131.00
0.344640	131.00
0.344660	130.00
0.344680	129.00
0.344700	127.00
0.344720	124.00
0.344740	121.00
0.344760	120.00
0.344780	120.00
0.344800	122.00
0.344820	124.00
0.344840	126.00
0.344860	128.00
0.344880	129.00
0.344900	129.00
0.344920	128.00
0.344940	126.00
0.344960	124.00
0.344980	123.00
0.345000	122.00
0.345020	123.00
0.345040	123.00
0.345060	123.00
0.345080	124.00
0.345100	125.00
0.345120	126.00
0.345140	127.00
0.345160	126.00
0.345180	125.00
0.345200	124.00
0.345220	122.00
0.345240	119.00
0.345260	117.00
0.345280	118.00
0.345300	121.00
0.345320	127.00
0.345340	132.00
0.345360	135.00
0.345380	135.00
0.345400	132.00
0.345420	129.00
0.345440	125.00
0.345460	121.00
0.345480	118.00
0.345500	116.00
0.345520	117.00
0.345540	121.00
0.345560	126.00
0.345580	131.00
0.345600	135.00
0.345620	136.00
0.345640	135.00
0.345660	132.00
0.345680	128.00
0.345700	123.00
0.345720	118.00
0.345740	116.00
0.345760	116.00
0.345780	120.00
0.345800	124.00
0.345820	128.00
0.345840	130.00
0.345860	132.00
0.345880	132.00
0.345900	131.00
0.345920	129.00
0.345940	125.00
0.345960	122.00
0.345980	118.00
0.346000	117.00
0.346020	118.00
0.346040	119.00
0.346060	122.00
0.346080	124.00
0.346100	127.00
0.346120	129.00
0.346140	131.00
0.346160	131.00
0.346180	130.00
0.346200	128.00
0.346220	125.00
0.346240	123.00
0.346260	121.00
0.346280	121.00
0.346300	121.00
0.346320	122.00
0.346340	125.00
0.346360	127.00
0.346380	129.00
0.346400	130.00
0.346420	130.00
0.346440	129.00
0.346460	127.00
0.346480	125.00
0.346500	123.00
0.346520	123.00
0.346540	123.00
0.346560	123.00
0.346580	124.00
0.346600	125.00
0.346620	127.00
0.346640	128.00
0.346660	130.00
0.346680	131.00
0.346700	130.00
0.346720	128.00
0.346740	125.00
0.346760	123.00
0.346780	122.00
0.346800	122.00
0.346820	122.00
0.346840	124.00
0.346860	125.00
0.346880	126.00
0.346900	127.00
0.346920	128.00
0.346940	128.00
0.346960	128.00
0.346980	126.00
0.347000	124.00
0.347020	123.00
0.347040	122.00
0.347060	122.00
0.347080	123.00
0.347100	125.00
0.347120	126.00
0.347140	127.00
0.347160	127.00
0.347180	126.00
0.347200	125.00
0.347220	124.00
0.347240	124.00
0.347260	126.00
0.347280	127.00
0.347300	128.00
0.347320	128.00
0.347340	128.00
0.347360	127.00
0.347380	127.00
0.347400	126.00
0.347420	125.00
0.347440	125.00
0.347460	125.00
0.347480	126.00
0.347500	126.00
0.347520	126.00
0.347540	125.00
0.347560	126.00
0.347580	127.00
0.347600	128.00
0.347620	129.00
0.347640	129.00
0.347660	128.00
0.347680	127.00
0.347700	127.00
0.347720	126.00
0.347740	125.00
0.347760	124.00
0.347780	123.00
0.347800	123.00
0.347820	124.00
0.347840	125.00
0.347860	125.00
0.347880	125.00
0.347900	124.00
0.347920	124.00
0.347940	124.00
0.347960	124.00
0.347980	124.00
0.348000	124.00
0.348020	124.00
0.348040	125.00
0.348060	125.00
0.348080	124.00
0.348100	124.00
0.348120	123.00
0.348140	123.00
0.348160	124.00
0.348180	124.00
0.348200	125.00
0.348220	125.00
0.348240	126.00
0.348260	126.00
0.348280	125.00
0.348300	123.00
0.348320	123.00
0.348340	124.00
0.348360	125.00
0.348380	125.00
0.348400	125.00
0.348420	125.00
0.348440	125.00
0.348460	125.00
0.348480	125.00
0.348500	125.00
0.348520	125.00
0.348540	125.00
0.348560	125.00
0.348580	125.00
0.348600	125.00
0.348620	125.00
0.348640	125.00
0.348660	126.00
0.348680	126.00
0.348700	126.00
0.348720	125.00
0.348740	125.00
0.348760	125.00
0.348780	125.00
0.348800	125.00
0.348820	125.00
0.348840	124.00
0.348860	124.00
0.348880	124.00
0.348900	124.00
0.348920	124.00
0.348940	125.00
0.348960	126.00
0.348980	126.00
0.349000	126.00
0.349020	125.00
0.349040	125.00
0.349060	125.00
0.349080	125.00
0.349100	125.00
0.349120	125.00
0.349140	125.00
0.349160	126.00
0.349180	126.00
0.349200	126.00
0.349220	126.00
0.349240	125.00
0.349260	125.00
0.349280	125.00
0.349300	125.00
0.349320	125.00
0.349340	125.00
0.349360	125.00
0.349380	125.00
0.349400	125.00
0.349420	125.00
0.349440	125.00
0.349460	126.00
0.349480	126.00
0.349500	127.00
0.349520	127.00
0.349540	126.00
0.349560	126.00
0.349580	125.00
0.349600	126.00
0.349620	126.00
0.349640	126.00
0.349660	126.00
0.349680	125.00
0.349700	125.00
0.349720	126.00
0.349740	126.00
0.349760	126.00
0.349780	126.00
0.349800	126.00
0.349820	126.00
0.349840	125.00
0.349860	125.00
0.349880	124.00
0.349900	124.00
0.349920	125.00
0.349940	126.00
0.349960	127.00
0.349980	126.00
0.350000	125.00
0.350020	124.00
0.350040	124.00
0.350060	124.00
0.350080	124.00
0.350100	125.00
0.350120	125.00
0.350140	126.00
0.350160	127.00
0.350180	127.00
0.350200	126.00
0.350220	125.00
0.350240	125.00
0.350260	126.00
0.350280	127.00
0.350300	127.00
0.350320	127.00
0.350340	127.00
0.350360	126.00
0.350380	125.00
0.350400	124.00
0.350420	124.00
0.350440	124.00
0.350460	125.00
0.350480	126.00
0.350500	127.00
0.350520	126.00
0.350540	126.00
0.350560	126.00
0.350580	125.00
0.350600	125.00
0.350620	125.00
0.350640	125.00
0.350660	127.00
0.350680	127.00
0.350700	127.00
0.350720	126.00
0.350740	125.00
0.350760	124.00
0.350780	124.00
0.350800	124.00
0.350820	124.00
0.350840	124.00
0.350860	124.00
0.350880	125.00
0.350900	126.00
0.350920	126.00
0.350940	126.00
0.350960	125.00
0.350980	125.00
0.351000	126.00
0.351020	125.00
0.351040	124.00
0.351060	124.00
0.351080	125.00
0.351100	126.00
0.351120	127.00
0.351140	126.00
0.351160	125.00
0.351180	124.00
0.351200	124.00
0.351220	125.00
0.351240	126.00
0.351260	126.00
0.351280	126.00
0.351300	126.00
0.351320	125.00
0.351340	126.00
0.351360	126.00
0.351380	125.00
0.351400	125.00
0.351420	124.00
0.351440	124.00
0.351460	125.00
0.351480	125.00
0.351500	125.00
0.351520	125.00
0.351540	126.00
0.351560	126.00
0.351580	127.00
0.351600	126.00
0.351620	126.00
0.351640	125.00
0.351660	125.00
0.351680	126.00
0.351700	127.00
0.351720	127.00
0.351740	127.00
0.351760	127.00
0.351780	126.00
0.351800	125.00
0.351820	124.00
0.351840	124.00
0.351860	124.00
0.351880	124.00
0.351900	124.00
0.351920	124.00
0.351940	123.00
0.351960	123.00
0.351980	123.00
0.352000	124.00
0.352020	124.00
0.352040	125.00
0.352060	125.00
0.352080	125.00
0.352100	126.00
0.352120	126.00
0.352140	126.00
0.352160	126.00
0.352180	126.00
0.352200	126.00
0.352220	126.00
0.352240	125.00
0.352260	125.00
0.352280	124.00
0.352300	125.00
0.352320	125.00
0.352340	126.00
0.352360	127.00
0.352380	127.00
0.352400	126.00
0.352420	126.00
0.352440	126.00
0.352460	126.00
0.352480	125.00
0.352500	125.00
0.352520	125.00
0.352540	124.00
0.352560	125.00
0.352580	125.00
0.352600	125.00
0.352620	125.00
0.352640	125.00
0.352660	125.00
0.352680	125.00
0.352700	125.00
0.352720	125.00
0.352740	125.00
0.352760	125.00
0.352780	125.00
0.352800	125.00
0.352820	125.00
0.352840	125.00
0.352860	125.00
0.352880	125.00
0.352900	125.00
0.352920	125.00
0.352940	124.00
0.352960	124.00
0.352980	124.00
0.353000	125.00
0.353020	126.00
0.353040	126.00
0.353060	127.00
0.353080	127.00
0.353100	126.00
0.353120	125.00
0.353140	124.00
0.353160	124.00
0.353180	125.00
0.353200	126.00
0.353220	127.00
0.353240	127.00
0.353260	127.00
0.353280	127.00
0.353300	127.00
0.353320	126.00
0.353340	126.00
0.353360	126.00
0.353380	125.00
0.353400	125.00
0.353420	124.00
0.353440	124.00
0.353460	125.00
0.353480	125.00
0.353500	126.00
0.353520	126.00
0.353540	126.00
0.353560	125.00
0.353580	125.00
0.353600	124.00
0.353620	124.00
0.353640	124.00
0.353660	124.00
0.353680	124.00
0.353700	124.00
0.353720	124.00
0.353740	124.00
0.353760	125.00
0.353780	125.00
0.353800	126.00
0.353820	126.00
0.353840	125.00
0.353860	125.00
0.353880	125.00
0.353900	125.00
0.353920	125.00
0.353940	126.00
0.353960	127.00
0.353980	127.00
0.354000	127.00
0.354020	126.00
0.354040	125.00
0.354060	124.00
0.354080	124.00
0.354100	125.00
0.354120	125.00
0.354140	126.00
0.354160	126.00
0.354180	126.00
0.354200	125.00
0.354220	124.00
0.354240	125.00
0.354260	126.00
0.354280	127.00
0.354300	127.00
0.354320	127.00
0.354340	126.00
0.354360	126.00
0.354380	126.00
0.354400	127.00
0.354420	126.00
0.354440	125.00
0.354460	124.00
0.354480	124.00
0.354500	125.00
0.354520	125.00
0.354540	125.00
0.354560	125.00
0.354580	124.00
0.354600	125.00
0.354620	126.00
0.354640	126.00
0.354660	126.00
0.354680	126.00
0.354700	126.00
0.354720	126.00
0.354740	126.00
0.354760	125.00
0.354780	125.00
0.354800	125.00
0.354820	124.00
0.354840	124.00
0.354860	123.00
0.354880	123.00
0.354900	123.00
0.354920	124.00
0.354940	125.00
0.354960	127.00
0.354980	128.00
0.355000	128.00
0.355020	127.00
0.355040	125.00
0.355060	125.00
0.355080	125.00
0.355100	126.00
0.355120	126.00
0.355140	126.00
0.355160	126.00
0.355180	126.00
0.355200	127.00
0.355220	128.00
0.355240	128.00
0.355260	127.00
0.355280	127.00
0.355300	127.00
0.355320	127.00
0.355340	127.00
0.355360	126.00
0.355380	126.00
0.355400	126.00
0.355420	126.00
0.355440	125.00
0.355460	125.00
0.355480	124.00
0.355500	125.00
0.355520	125.00
0.355540	125.00
0.355560	124.00
0.355580	124.00
0.355600	124.00
0.355620	125.00
0.355640	125.00
0.355660	125.00
0.355680	124.00
0.355700	123.00
0.355720	123.00
0.355740	123.00
0.355760	123.00
0.355780	123.00
0.355800	124.00
0.355820	124.00
0.355840	125.00
0.355860	125.00
0.355880	125.00
0.355900	125.00
0.355920	125.00
0.355940	125.00
0.355960	126.00
0.355980	126.00
0.356000	125.00
0.356020	124.00
0.356040	124.00
0.356060	124.00
0.356080	125.00
0.356100	127.00
0.356120	127.00
0.356140	127.00
0.356160	126.00
0.356180	127.00
0.356200	128.00
0.356220	128.00
0.356240	128.00
0.356260	127.00
0.356280	126.00
0.356300	126.00
0.356320	126.00
0.356340	127.00
0.356360	127.00
0.356380	126.00
0.356400	126.00
0.356420	126.00
0.356440	126.00
0.356460	126.00
0.356480	126.00
0.356500	126.00
0.356520	126.00
0.356540	125.00
0.356560	125.00
0.356580	124.00
0.356600	124.00
0.356620	124.00
0.356640	123.00
0.356660	124.00
0.356680	124.00
0.356700	125.00
0.356720	125.00
0.356740	125.00
0.356760	124.00
0.356780	123.00
0.356800	123.00
0.356820	124.00
0.356840	125.00
0.356860	127.00
0.356880	127.00
0.356900	128.00
0.356920	127.00
0.356940	126.00
0.356960	124.00
0.356980	124.00
0.357000	125.00
0.357020	125.00
0.357040	126.00
0.357060	126.00
0.357080	125.00
0.357100	125.00
0.357120	125.00
0.357140	126.00
0.357160	126.00
0.357180	126.00
0.357200	125.00
0.357220	125.00
0.357240	126.00
0.357260	126.00
0.357280	126.00
0.357300	125.00
0.357320	126.00
0.357340	126.00
0.357360	126.00
0.357380	126.00
0.357400	125.00
0.357420	125.00
0.357440	124.00
0.357460	124.00
0.357480	124.00
0.357500	125.00
0.357520	125.00
0.357540	125.00
0.357560	126.00
0.357580	125.00
0.357600	125.00
0.357620	124.00
0.357640	125.00
0.357660	125.00
0.357680	125.00
0.357700	125.00
0.357720	125.00
0.357740	124.00
0.357760	125.00
0.357780	125.00
0.357800	125.00
0.357820	125.00
0.357840	125.00
0.357860	126.00
0.357880	127.00
0.357900	127.00
0.357920	127.00
0.357940	126.00
0.357960	126.00
0.357980	127.00
0.358000	127.00
0.358020	127.00
0.358040	126.00
0.358060	126.00
0.358080	126.00
0.358100	126.00
0.358120	127.00
0.358140	127.00
0.358160	127.00
0.358180	127.00
0.358200	127.00
0.358220	127.00
0.358240	127.00
0.358260	126.00
0.358280	126.00
0.358300	126.00
0.358320	126.00
0.358340	126.00
0.358360	125.00
0.358380	124.00
0.358400	124.00
0.358420	124.00
0.358440	125.00
0.358460	125.00
0.358480	126.00
0.358500	126.00
0.358520	126.00
0.358540	126.00
0.358560	126.00
0.358580	126.00
0.358600	126.00
0.358620	125.00
0.358640	125.00
0.358660	124.00
0.358680	124.00
0.358700	124.00
0.358720	124.00
0.358740	124.00
0.358760	125.00
0.358780	125.00
0.358800	125.00
0.358820	124.00
0.358840	124.00
0.358860	125.00
0.358880	125.00
0.358900	126.00
0.358920	126.00
0.358940	126.00
0.358960	125.00
0.358980	125.00
0.359000	125.00
0.359020	125.00
0.359040	125.00
0.359060	125.00
0.359080	125.00
0.359100	125.00
0.359120	125.00
0.359140	126.00
0.359160	126.00
0.359180	126.00
0.359200	127.00
0.359220	128.00
0.359240	128.00
0.359260	127.00
0.359280	126.00
0.359300	126.00
0.359320	125.00
0.359340	125.00
0.359360	125.00
0.359380	124.00
0.359400	124.00
0.359420	124.00
0.359440	125.00
0.359460	125.00
0.359480	125.00
0.359500	124.00
0.359520	124.00
0.359540	124.00
0.359560	124.00
0.359580	124.00
0.359600	124.00
0.359620	124.00
0.359640	124.00
0.359660	125.00
0.359680	125.00
0.359700	125.00
0.359720	124.00
0.359740	125.00
0.359760	125.00
0.359780	125.00
0.359800	126.00
0.359820	126.00
0.359840	126.00
0.359860	126.00
0.359880	126.00
0.359900	125.00
0.359920	125.00
0.359940	126.00
0.359960	127.00
0.359980	127.00
0.360000	126.00
0.360020	126.00
0.360040	125.00
0.360060	126.00
0.360080	126.00
0.360100	126.00
0.360120	126.00
0.360140	127.00
0.360160	128.00
0.360180	129.00
0.360200	128.00
0.360220	127.00
0.360240	126.00
0.360260	126.00
0.360280	125.00
0.360300	125.00
0.360320	125.00
0.360340	125.00
0.360360	125.00
0.360380	124.00
0.360400	123.00
0.360420	123.00
0.360440	122.00
0.360460	122.00
0.360480	123.00
0.360500	124.00
0.360520	124.00
0.360540	124.00
0.360560	124.00
0.360580	124.00
0.360600	124.00
0.360620	125.00
0.360640	126.00
0.360660	126.00
0.360680	126.00
0.360700	126.00
0.360720	126.00
0.360740	126.00
0.360760	126.00
0.360780	126.00
0.360800	125.00
0.360820	124.00
0.360840	123.00
0.360860	124.00
0.360880	125.00
0.360900	126.00
0.360920	127.00
0.360940	127.00
0.360960	126.00
0.360980	126.00
0.361000	126.00
0.361020	126.00
0.361040	126.00
0.361060	127.00
0.361080	127.00
0.361100	127.00
0.361120	127.00
0.361140	126.00
0.361160	126.00
0.361180	126.00
0.361200	125.00
0.361220	125.00
0.361240	124.00
0.361260	125.00
0.361280	125.00
0.361300	126.00
0.361320	125.00
0.361340	124.00
0.361360	124.00
0.361380	124.00
0.361400	124.00
0.361420	124.00
0.361440	124.00
0.361460	124.00
0.361480	124.00
0.361500	125.00
0.361520	125.00
0.361540	124.00
0.361560	123.00
0.361580	122.00
0.361600	123.00
0.361620	124.00
0.361640	126.00
0.361660	127.00
0.361680	126.00
0.361700	126.00
0.361720	126.00
0.361740	126.00
0.361760	126.00
0.361780	127.00
0.361800	127.00
0.361820	127.00
0.361840	126.00
0.361860	125.00
0.361880	125.00
0.361900	125.00
0.361920	125.00
0.361940	125.00
0.361960	125.00
0.361980	124.00
0.362000	124.00
0.362020	124.00
0.362040	125.00
0.362060	126.00
0.362080	126.00
0.362100	126.00
0.362120	126.00
0.362140	127.00
0.362160	127.00
0.362180	127.00
0.362200	125.00
0.362220	125.00
0.362240	125.00
0.362260	126.00
0.362280	126.00
0.362300	125.00
0.362320	124.00
0.362340	123.00
0.362360	123.00
0.362380	125.00
0.362400	125.00
0.362420	124.00
0.362440	124.00
0.362460	124.00
0.362480	124.00
0.362500	125.00
0.362520	125.00
0.362540	125.00
0.362560	125.00
0.362580	126.00
0.362600	126.00
0.362620	127.00
0.362640	126.00
0.362660	126.00
0.362680	126.00
0.362700	127.00
0.362720	127.00
0.362740	126.00
0.362760	125.00
0.362780	124.00
0.362800	125.00
0.362820	125.00
0.362840	125.00
0.362860	125.00
0.362880	125.00
0.362900	125.00
0.362920	125.00
0.362940	125.00
0.362960	126.00
0.362980	127.00
0.363000	128.00
0.363020	128.00
0.363040	127.00
0.363060	127.00
0.363080	127.00
0.363100	126.00
0.363120	126.00
0.363140	126.00
0.363160	125.00
0.363180	125.00
0.363200	126.00
0.363220	126.00
0.363240	126.00
0.363260	125.00
0.363280	124.00
0.363300	124.00
0.363320	124.00
0.363340	124.00
0.363360	124.00
0.363380	124.00
0.363400	125.00
0.363420	125.00
0.363440	125.00
0.363460	124.00
0.363480	123.00
0.363500	123.00
0.363520	125.00
0.363540	126.00
0.363560	127.00
0.363580	127.00
0.363600	127.00
0.363620	127.00
0.363640	127.00
0.363660	127.00
0.363680	127.00
0.363700	126.00
0.363720	125.00
0.363740	125.00
0.363760	125.00
0.363780	126.00
0.363800	126.00
0.363820	126.00
0.363840	126.00
0.363860	126.00
0.363880	125.00
0.363900	125.00
0.363920	125.00
0.363940	125.00
0.363960	124.00
0.363980	125.00
0.364000	125.00
0.364020	126.00
0.364040	126.00
0.364060	126.00
0.364080	125.00
0.364100	125.00
0.364120	126.00
0.364140	126.00
0.364160	126.00
0.364180	125.00
0.364200	124.00
0.364220	124.00
0.364240	124.00
0.364260	125.00
0.364280	126.00
0.364300	126.00
0.364320	126.00
0.364340	126.00
0.364360	126.00
0.364380	126.00
0.364400	125.00
0.364420	123.00
0.364440	123.00
0.364460	123.00
0.364480	123.00
0.364500	124.00
0.364520	125.00
0.364540	125.00
0.364560	125.00
0.364580	126.00
0.364600	126.00
0.364620	126.00
0.364640	127.00
0.364660	127.00
0.364680	126.00
0.364700	126.00
0.364720	126.00
0.364740	126.00
0.364760	126.00
0.364780	125.00
0.364800	125.00
0.364820	126.00
0.364840	127.00
0.364860	127.00
0.364880	127.00
0.364900	126.00
0.364920	126.00
0.364940	126.00
0.364960	125.00
0.364980	125.00
0.365000	124.00
0.365020	124.00
0.365040	125.00
0.365060	126.00
0.365080	127.00
0.365100	126.00
0.365120	125.00
0.365140	125.00
0.365160	125.00
0.365180	126.00
0.365200	126.00
0.365220	126.00
0.365240	126.00
0.365260	126.00
0.365280	126.00
0.365300	125.00
0.365320	123.00
0.365340	123.00
0.365360	124.00
0.365380	124.00
0.365400	124.00
0.365420	123.00
0.365440	122.00
0.365460	122.00
0.365480	123.00
0.365500	125.00
0.365520	125.00
0.365540	124.00
0.365560	125.00
0.365580	125.00
0.365600	126.00
0.365620	125.00
0.365640	124.00
0.365660	123.00
0.365680	123.00
0.365700	124.00
0.365720	124.00
0.365740	125.00
0.365760	125.00
0.365780	126.00
0.365800	127.00
0.365820	127.00
0.365840	126.00
0.365860	126.00
0.365880	127.00
0.365900	128.00
0.365920	129.00
0.365940	128.00
0.365960	128.00
0.365980	127.00
0.366000	126.00
0.366020	126.00
0.366040	125.00
0.366060	125.00
0.366080	125.00
0.366100	126.00
0.366120	126.00
0.366140	126.00
0.366160	125.00
0.366180	124.00
0.366200	124.00
0.366220	124.00
0.366240	124.00
0.366260	124.00
0.366280	124.00
0.366300	124.00
0.366320	125.00
0.366340	126.00
0.366360	126.00
0.366380	126.00
0.366400	126.00
0.366420	125.00
0.366440	125.00
0.366460	125.00
0.366480	125.00
0.366500	125.00
0.366520	125.00
0.366540	126.00
0.366560	126.00
0.366580	125.00
0.366600	125.00
0.366620	124.00
0.366640	124.00
0.366660	124.00
0.366680	125.00
0.366700	125.00
0.366720	126.00
0.366740	126.00
0.366760	126.00
0.366780	126.00
0.366800	126.00
0.366820	126.00
0.366840	127.00
0.366860	127.00
0.366880	127.00
0.366900	127.00
0.366920	127.00
0.366940	126.00
0.366960	125.00
0.366980	124.00
0.367000	123.00
0.367020	123.00
0.367040	124.00
0.367060	125.00
0.367080	125.00
0.367100	124.00
0.367120	124.00
0.367140	123.00
0.367160	124.00
0.367180	124.00
0.367200	125.00
0.367220	125.00
0.367240	125.00
0.367260	125.00
0.367280	124.00
0.367300	124.00
0.367320	124.00
0.367340	125.00
0.367360	125.00
0.367380	125.00
0.367400	126.00
0.367420	126.00
0.367440	126.00
0.367460	126.00
0.367480	127.00
0.367500	126.00
0.367520	125.00
0.367540	124.00
0.367560	124.00
0.367580	124.00
0.367600	125.00
0.367620	126.00
0.367640	126.00
0.367660	126.00
0.367680	125.00
0.367700	125.00
0.367720	127.00
0.367740	128.00
0.367760	128.00
0.367780	127.00
0.367800	126.00
0.367820	126.00
0.367840	126.00
0.367860	126.00
0.367880	126.00
0.367900	124.00
0.367920	124.00
0.367940	124.00
0.367960	125.00
0.367980	126.00
0.368000	126.00
0.368020	126.00
0.368040	125.00
0.368060	125.00
0.368080	125.00
0.368100	125.00
0.368120	125.00
0.368140	125.00
0.368160	125.00
0.368180	125.00
0.368200	126.00
0.368220	126.00
0.368240	126.00
0.368260	125.00
0.368280	124.00
0.368300	124.00
0.368320	125.00
0.368340	125.00
0.368360	125.00
0.368380	124.00
0.368400	123.00
0.368420	122.00
0.368440	123.00
0.368460	124.00
0.368480	126.00
0.368500	126.00
0.368520	126.00
0.368540	126.00
0.368560	126.00
0.368580	126.00
0.368600	126.00
0.368620	125.00
0.368640	125.00
0.368660	124.00
0.368680	125.00
0.368700	125.00
0.368720	125.00
0.368740	126.00
0.368760	126.00
0.368780	126.00
0.368800	126.00
0.368820	126.00
0.368840	127.00
0.368860	127.00
0.368880	126.00
0.368900	126.00
0.368920	125.00
0.368940	125.00
0.368960	125.00
0.368980	125.00
0.369000	125.00
0.369020	125.00
0.369040	125.00
0.369060	126.00
0.369080	126.00
0.369100	125.00
0.369120	125.00
0.369140	124.00
0.369160	124.00
0.369180	124.00
0.369200	125.00
0.369220	125.00
0.369240	125.00
0.369260	124.00
0.369280	124.00
0.369300	124.00
0.369320	124.00
0.369340	124.00
0.369360	125.00
0.369380	126.00
0.369400	126.00
0.369420	125.00
0.369440	125.00
0.369460	125.00
0.369480	125.00
0.369500	125.00
0.369520	126.00
0.369540	127.00
0.369560	128.00
0.369580	128.00
0.369600	127.00
0.369620	125.00
0.369640	125.00
0.369660	126.00
0.369680	127.00
0.369700	127.00
0.369720	127.00
0.369740	126.00
0.369760	126.00
0.369780	126.00
0.369800	126.00
0.369820	126.00
0.369840	126.00
0.369860	126.00
0.369880	126.00
0.369900	125.00
0.369920	124.00
0.369940	124.00
0.369960	124.00
0.369980	124.00
0.370000	124.00
0.370020	124.00
0.370040	124.00
0.370060	124.00
0.370080	125.00
0.370100	125.00
0.370120	126.00
0.370140	126.00
0.370160	125.00
0.370180	124.00
0.370200	125.00
0.370220	125.00
0.370240	126.00
0.370260	126.00
0.370280	126.00
0.370300	125.00
0.370320	124.00
0.370340	124.00
0.370360	124.00
0.370380	124.00
0.370400	124.00
0.370420	124.00
0.370440	125.00
0.370460	126.00
0.370480	127.00
0.370500	128.00
0.370520	128.00
0.370540	128.00
0.370560	127.00
0.370580	126.00
0.370600	125.00
0.370620	126.00
0.370640	126.00
0.370660	127.00
0.370680	127.00
0.370700	127.00
0.370720	127.00
0.370740	127.00
0.370760	127.00
0.370780	126.00
0.370800	126.00
0.370820	126.00
0.370840	125.00
0.370860	125.00
0.370880	124.00
0.370900	124.00
0.370920	124.00
0.370940	125.00
0.370960	125.00
0.370980	125.00
0.371000	125.00
0.371020	125.00
0.371040	125.00
0.371060	125.00
0.371080	125.00
0.371100	124.00
0.371120	124.00
0.371140	124.00
0.371160	124.00
0.371180	124.00
0.371200	125.00
0.371220	125.00
0.371240	125.00
0.371260	125.00
0.371280	125.00
0.371300	124.00
0.371320	124.00
0.371340	125.00
0.371360	125.00
0.371380	126.00
0.371400	126.00
0.371420	126.00
0.371440	127.00
0.371460	127.00
0.371480	126.00
0.371500	125.00
0.371520	124.00
0.371540	124.00
0.371560	126.00
0.371580	126.00
0.371600	126.00
0.371620	125.00
0.371640	125.00
0.371660	125.00
0.371680	126.00
0.371700	127.00
0.371720	127.00
0.371740	127.00
0.371760	127.00
0.371780	127.00
0.371800	127.00
0.371820	126.00
0.371840	126.00
0.371860	126.00
0.371880	127.00
0.371900	126.00
0.371920	125.00
0.371940	124.00
0.371960	124.00
0.371980	124.00
0.372000	124.00
0.372020	124.00
0.372040	125.00
0.372060	125.00
0.372080	126.00
0.372100	126.00
0.372120	125.00
0.372140	125.00
0.372160	125.00
0.372180	126.00
0.372200	126.00
0.372220	125.00
0.372240	125.00
0.372260	125.00
0.372280	126.00
0.372300	127.00
0.372320	127.00
0.372340	127.00
0.372360	126.00
0.372380	125.00
0.372400	125.00
0.372420	125.00
0.372440	124.00
0.372460	124.00
0.372480	124.00
0.372500	124.00
0.372520	124.00
0.372540	124.00
0.372560	125.00
0.372580	126.00
0.372600	126.00
0.372620	125.00
0.372640	125.00
0.372660	125.00
0.372680	126.00
0.372700	126.00
0.372720	127.00
0.372740	127.00
0.372760	127.00
0.372780	126.00
0.372800	125.00
0.372820	123.00
0.372840	123.00
0.372860	124.00
0.372880	125.00
0.372900	125.00
0.372920	125.00
0.372940	124.00
0.372960	123.00
0.372980	123.00
0.373000	123.00
0.373020	123.00
0.373040	123.00
0.373060	124.00
0.373080	125.00
0.373100	125.00
0.373120	125.00
0.373140	125.00
0.373160	125.00
0.373180	125.00
0.373200	126.00
0.373220	126.00
0.373240	126.00
0.373260	127.00
0.373280	128.00
0.373300	128.00
0.373320	128.00
0.373340	126.00
0.373360	125.00
0.373380	124.00
0.373400	124.00
0.373420	125.00
0.373440	125.00
0.373460	125.00
0.373480	126.00
0.373500	126.00
0.373520	127.00
0.373540	127.00
0.373560	126.00
0.373580	126.00
0.373600	126.00
0.373620	126.00
0.373640	126.00
0.373660	127.00
0.373680	127.00
0.373700	126.00
0.373720	125.00
0.373740	124.00
0.373760	124.00
0.373780	125.00
0.373800	125.00
0.373820	124.00
0.373840	123.00
0.373860	123.00
0.373880	123.00
0.373900	125.00
0.373920	125.00
0.373940	125.00
0.373960	124.00
0.373980	123.00
0.374000	123.00
0.374020	123.00
0.374040	124.00
0.374060	124.00
0.374080	124.00
0.374100	124.00
0.374120	124.00
0.374140	125.00
0.374160	126.00
0.374180	126.00
0.374200	127.00
0.374220	126.00
0.374240	125.00
0.374260	125.00
0.374280	126.00
0.374300	126.00
0.374320	126.00
0.374340	126.00
0.374360	126.00
0.374380	126.00
0.374400	127.00
0.374420	127.00
0.374440	126.00
0.374460	125.00
0.374480	126.00
0.374500	127.00
0.374520	128.00
0.374540	128.00
0.374560	127.00
0.374580	126.00
0.374600	126.00
0.374620	126.00
0.374640	126.00
0.374660	125.00
0.374680	126.00
0.374700	126.00
0.374720	126.00
0.374740	126.00
0.374760	125.00
0.374780	125.00
0.374800	125.00
0.374820	126.00
0.374840	126.00
0.374860	125.00
0.374880	125.00
0.374900	125.00
0.374920	124.00
0.374940	124.00
0.374960	123.00
0.374980	124.00
0.375000	124.00
0.375020	125.00
0.375040	126.00
0.375060	125.00
0.375080	124.00
0.375100	124.00
0.375120	124.00
0.375140	124.00
0.375160	124.00
0.375180	125.00
0.375200	126.00
0.375220	126.00
0.375240	126.00
0.375260	126.00
0.375280	127.00
0.375300	127.00
0.375320	128.00
0.375340	128.00
0.375360	128.00
0.375380	128.00
0.375400	127.00
0.375420	127.00
0.375440	126.00
0.375460	126.00
0.375480	126.00
0.375500	126.00
0.375520	126.00
0.375540	125.00
0.375560	125.00
0.375580	125.00
0.375600	125.00
0.375620	125.00
0.375640	125.00
0.375660	125.00
0.375680	125.00
0.375700	125.00
0.375720	126.00
0.375740	127.00
0.375760	127.00
0.375780	127.00
0.375800	126.00
0.375820	125.00
0.375840	125.00
0.375860	125.00
0.375880	125.00
0.375900	125.00
0.375920	124.00
0.375940	124.00
0.375960	124.00
0.375980	124.00
0.376000	124.00
0.376020	124.00
0.376040	124.00
0.376060	124.00
0.376080	124.00
0.376100	124.00
0.376120	123.00
0.376140	123.00
0.376160	124.00
0.376180	125.00
0.376200	125.00
0.376220	126.00
0.376240	125.00
0.376260	125.00
0.376280	126.00
0.376300	127.00
0.376320	127.00
0.376340	127.00
0.376360	126.00
0.376380	125.00
0.376400	125.00
0.376420	126.00
0.376440	125.00
0.376460	125.00
0.376480	125.00
0.376500	125.00
0.376520	125.00
0.376540	125.00
0.376560	125.00
0.376580	125.00
0.376600	125.00
0.376620	126.00
0.376640	126.00
0.376660	125.00
0.376680	124.00
0.376700	124.00
0.376720	124.00
0.376740	125.00
0.376760	126.00
0.376780	127.00
0.376800	126.00
0.376820	126.00
0.376840	124.00
0.376860	123.00
0.376880	124.00
0.376900	125.00
0.376920	125.00
0.376940	125.00
0.376960	124.00
0.376980	124.00
0.377000	125.00
0.377020	126.00
0.377040	126.00
0.377060	125.00
0.377080	125.00
0.377100	125.00
0.377120	126.00
0.377140	127.00
0.377160	126.00
0.377180	125.00
0.377200	124.00
0.377220	124.00
0.377240	125.00
0.377260	126.00
0.377280	126.00
0.377300	126.00
0.377320	125.00
0.377340	125.00
0.377360	126.00
0.377380	126.00
0.377400	127.00
0.377420	127.00
0.377440	127.00
0.377460	126.00
0.377480	125.00
0.377500	125.00
0.377520	125.00
0.377540	126.00
0.377560	126.00
0.377580	126.00
0.377600	125.00
0.377620	126.00
0.377640	127.00
0.377660	128.00
0.377680	128.00
0.377700	127.00
0.377720	127.00
0.377740	127.00
0.377760	127.00
0.377780	126.00
0.377800	125.00
0.377820	124.00
0.377840	125.00
0.377860	125.00
0.377880	125.00
0.377900	125.00
0.377920	124.00
0.377940	124.00
0.377960	124.00
0.377980	125.00
0.378000	125.00
0.378020	124.00
0.378040	124.00
0.378060	124.00
0.378080	124.00
0.378100	125.00
0.378120	126.00
0.378140	126.00
0.378160	127.00
0.378180	127.00
0.378200	126.00
0.378220	126.00
0.378240	125.00
0.378260	126.00
0.378280	126.00
0.378300	126.00
0.378320	126.00
0.378340	125.00
0.378360	125.00
0.378380	125.00
0.378400	125.00
0.378420	124.00
0.378440	124.00
0.378460	124.00
0.378480	125.00
0.378500	126.00
0.378520	126.00
0.378540	125.00
0.378560	125.00
0.378580	125.00
0.378600	125.00
0.378620	125.00
0.378640	125.00
0.378660	124.00
0.378680	124.00
0.378700	125.00
0.378720	126.00
0.378740	127.00
0.378760	126.00
0.378780	126.00
0.378800	126.00
0.378820	127.00
0.378840	128.00
0.378860	128.00
0.378880	127.00
0.378900	125.00
0.378920	123.00
0.378940	122.00
0.378960	123.00
0.378980	124.00
0.379000	124.00
0.379020	125.00
0.379040	125.00
0.379060	125.00
0.379080	125.00
0.379100	125.00
0.379120	124.00
0.379140	124.00
0.379160	125.00
0.379180	126.00
0.379200	126.00
0.379220	126.00
0.379240	126.00
0.379260	126.00
0.379280	127.00
0.379300	127.00
0.379320	126.00
0.379340	126.00
0.379360	125.00
0.379380	125.00
0.379400	125.00
0.379420	125.00
0.379440	124.00
0.379460	123.00
0.379480	123.00
0.379500	124.00
0.379520	125.00
0.379540	126.00
0.379560	127.00
0.379580	126.00
0.379600	126.00
0.379620	126.00
0.379640	126.00
0.379660	127.00
0.379680	127.00
0.379700	126.00
0.379720	125.00
0.379740	124.00
0.379760	124.00
0.379780	125.00
0.379800	126.00
0.379820	126.00
0.379840	126.00
0.379860	125.00
0.379880	125.00
0.379900	125.00
0.379920	125.00
0.379940	125.00
0.379960	125.00
0.379980	125.00
0.380000	126.00
0.380020	126.00
0.380040	125.00
0.380060	125.00
0.380080	125.00
0.380100	126.00
0.380120	127.00
0.380140	126.00
0.380160	126.00
0.380180	125.00
0.380200	125.00
0.380220	125.00
0.380240	126.00
0.380260	126.00
0.380280	126.00
0.380300	127.00
0.380320	126.00
0.380340	126.00
0.380360	126.00
0.380380	126.00
0.380400	127.00
0.380420	127.00
0.380440	125.00
0.380460	124.00
0.380480	123.00
0.380500	124.00
0.380520	125.00
0.380540	126.00
0.380560	125.00
0.380580	125.00
0.380600	125.00
0.380620	126.00
0.380640	126.00
0.380660	125.00
0.380680	124.00
0.380700	124.00
0.380720	124.00
0.380740	124.00
0.380760	123.00
0.380780	122.00
0.380800	121.00
0.380820	122.00
0.380840	123.00
0.380860	123.00
0.380880	123.00
0.380900	123.00
0.380920	124.00
0.380940	125.00
0.380960	126.00
0.380980	126.00
0.381000	126.00
0.381020	126.00
0.381040	126.00
0.381060	126.00
0.381080	126.00
0.381100	126.00
0.381120	126.00
0.381140	126.00
0.381160	126.00
0.381180	125.00
0.381200	125.00
0.381220	126.00
0.381240	126.00
0.381260	127.00
0.381280	127.00
0.381300	127.00
0.381320	127.00
0.381340	127.00
0.381360	126.00
0.381380	126.00
0.381400	126.00
0.381420	126.00
0.381440	126.00
0.381460	125.00
0.381480	125.00
0.381500	124.00
0.381520	123.00
0.381540	124.00
0.381560	124.00
0.381580	125.00
0.381600	125.00
0.381620	125.00
0.381640	125.00
0.381660	125.00
0.381680	125.00
0.381700	125.00
0.381720	125.00
0.381740	125.00
0.381760	125.00
0.381780	125.00
0.381800	125.00
0.381820	125.00
0.381840	124.00
0.381860	124.00
0.381880	124.00
0.381900	124.00
0.381920	124.00
0.381940	125.00
0.381960	126.00
0.381980	126.00
0.382000	126.00
0.382020	125.00
0.382040	124.00
0.382060	124.00
0.382080	124.00
0.382100	125.00
0.382120	125.00
0.382140	125.00
0.382160	125.00
0.382180	126.00
0.382200	126.00
0.382220	127.00
0.382240	128.00
0.382260	128.00
0.382280	127.00
0.382300	127.00
0.382320	127.00
0.382340	127.00
0.382360	126.00
0.382380	125.00
0.382400	125.00
0.382420	124.00
0.382440	125.00
0.382460	126.00
0.382480	126.00
0.382500	126.00
0.382520	125.00
0.382540	124.00
0.382560	124.00
0.382580	124.00
0.382600	125.00
0.382620	126.00
0.382640	126.00
0.382660	125.00
0.382680	125.00
0.382700	124.00
0.382720	125.00
0.382740	124.00
0.382760	124.00
0.382780	123.00
0.382800	122.00
0.382820	123.00
0.382840	123.00
0.382860	125.00
0.382880	125.00
0.382900	126.00
0.382920	126.00
0.382940	126.00
0.382960	126.00
0.382980	127.00
0.383000	127.00
0.383020	127.00
0.383040	127.00
0.383060	127.00
0.383080	127.00
0.383100	127.00
0.383120	126.00
0.383140	126.00
0.383160	126.00
0.383180	127.00
0.383200	127.00
0.383220	127.00
0.383240	125.00
0.383260	124.00
0.383280	123.00
0.383300	124.00
0.383320	125.00
0.383340	126.00
0.383360	127.00
0.383380	126.00
0.383400	126.00
0.383420	126.00
0.383440	126.00
0.383460	125.00
0.383480	124.00
0.383500	124.00
0.383520	124.00
0.383540	124.00
0.383560	125.00
0.383580	126.00
0.383600	126.00
0.383620	126.00
0.383640	125.00
0.383660	125.00
0.383680	125.00
0.383700	124.00
0.383720	124.00
0.383740	124.00
0.383760	124.00
0.383780	125.00
