0.303800	101.00
0.303820	48.00
0.303840	102.00
0.303860	142.00
0.303880	146.00
0.303900	127.00
0.303920	114.00
0.303940	119.00
0.303960	132.00
0.303980	135.00
0.304000	127.00
0.304020	120.00
0.304040	123.00
0.304060	130.00
0.304080	132.00
0.304100	127.00
0.304120	122.00
0.304140	124.00
0.304160	128.00
0.304180	129.00
0.304200	124.00
0.304220	120.00
0.304240	122.00
0.304260	127.00
0.304280	129.00
0.304300	126.00
0.304320	124.00
0.304340	125.00
0.304360	129.00
0.304380	130.00
0.304400	127.00
0.304420	124.00
0.304440	124.00
0.304460	127.00
0.304480	128.00
0.304500	126.00
0.304520	124.00
0.304540	124.00
0.304560	125.00
0.304580	126.00
0.304600	123.00
0.304620	121.00
0.304640	122.00
0.304660	125.00
0.304680	126.00
0.304700	124.00
0.304720	122.00
0.304740	123.00
0.304760	126.00
0.304780	127.00
0.304800	126.00
0.304820	124.00
0.304840	123.00
0.304860	125.00
0.304880	126.00
0.304900	126.00
0.304920	125.00
0.304940	125.00
0.304960	126.00
0.304980	127.00
0.305000	126.00
0.305020	124.00
0.305040	124.00
0.305060	126.00
0.305080	127.00
0.305100	126.00
0.305120	125.00
0.305140	126.00
0.305160	126.00
0.305180	126.00
0.305200	125.00
0.305220	124.00
0.305240	125.00
0.305260	127.00
0.305280	127.00
0.305300	125.00
0.305320	124.00
0.305340	125.00
0.305360	126.00
0.305380	126.00
0.305400	125.00
0.305420	124.00
0.305440	124.00
0.305460	125.00
0.305480	126.00
0.305500	126.00
0.305520	125.00
0.305540	124.00
0.305560	125.00
0.305580	125.00
0.305600	124.00
0.305620	123.00
0.305640	124.00
0.305660	125.00
0.305680	126.00
0.305700	125.00
0.305720	124.00
0.305740	124.00
0.305760	125.00
0.305780	126.00
0.305800	126.00
0.305820	125.00
0.305840	125.00
0.305860	126.00
0.305880	127.00
0.305900	127.00
0.305920	127.00
0.305940	126.00
0.305960	126.00
0.305980	125.00
0.306000	124.00
0.306020	124.00
0.306040	125.00
0.306060	127.00
0.306080	127.00
0.306100	126.00
0.306120	125.00
0.306140	125.00
0.306160	126.00
0.306180	126.00
0.306200	125.00
0.306220	125.00
0.306240	125.00
0.306260	126.00
0.306280	127.00
0.306300	126.00
0.306320	126.00
0.306340	125.00
0.306360	126.00
0.306380	125.00
0.306400	124.00
0.306420	123.00
0.306440	123.00
0.306460	124.00
0.306480	125.00
0.306500	125.00
0.306520	124.00
0.306540	125.00
0.306560	125.00
0.306580	126.00
0.306600	126.00
0.306620	125.00
0.306640	125.00
0.306660	125.00
0.306680	125.00
0.306700	126.00
0.306720	126.00
0.306740	127.00
0.306760	127.00
0.306780	126.00
0.306800	125.00
0.306820	125.00
0.306840	126.00
0.306860	127.00
0.306880	128.00
0.306900	127.00
0.306920	127.00
0.306940	126.00
0.306960	127.00
0.306980	126.00
0.307000	126.00
0.307020	125.00
0.307040	125.00
0.307060	125.00
0.307080	125.00
0.307100	125.00
0.307120	125.00
0.307140	125.00
0.307160	126.00
0.307180	126.00
0.307200	126.00
0.307220	125.00
0.307240	125.00
0.307260	126.00
0.307280	127.00
0.307300	126.00
0.307320	125.00
0.307340	124.00
0.307360	124.00
0.307380	125.00
0.307400	125.00
0.307420	125.00
0.307440	125.00
0.307460	125.00
0.307480	125.00
0.307500	125.00
0.307520	125.00
0.307540	125.00
0.307560	125.00
0.307580	126.00
0.307600	126.00
0.307620	126.00
0.307640	126.00
0.307660	126.00
0.307680	126.00
0.307700	126.00
0.307720	126.00
0.307740	125.00
0.307760	125.00
0.307780	125.00
0.307800	126.00
0.307820	126.00
0.307840	126.00
0.307860	126.00
0.307880	125.00
0.307900	125.00
0.307920	125.00
0.307940	125.00
0.307960	125.00
0.307980	124.00
0.308000	125.00
0.308020	126.00
0.308040	127.00
0.308060	128.00
0.308080	127.00
0.308100	126.00
0.308120	125.00
0.308140	126.00
0.308160	127.00
0.308180	126.00
0.308200	126.00
0.308220	125.00
0.308240	126.00
0.308260	126.00
0.308280	127.00
0.308300	126.00
0.308320	126.00
0.308340	126.00
0.308360	126.00
0.308380	126.00
0.308400	125.00
0.308420	124.00
0.308440	123.00
0.308460	124.00
0.308480	125.00
0.308500	125.00
0.308520	125.00
0.308540	126.00
0.308560	126.00
0.308580	127.00
0.308600	126.00
0.308620	125.00
0.308640	125.00
0.308660	125.00
0.308680	125.00
0.308700	125.00
0.308720	124.00
0.308740	124.00
0.308760	124.00
0.308780	125.00
0.308800	125.00
0.308820	125.00
0.308840	125.00
0.308860	125.00
0.308880	126.00
0.308900	126.00
0.308920	125.00
0.308940	126.00
0.308960	126.00
0.308980	127.00
0.309000	127.00
0.309020	127.00
0.309040	127.00
0.309060	127.00
0.309080	127.00
0.309100	127.00
0.309120	126.00
0.309140	125.00
0.309160	124.00
0.309180	124.00
0.309200	124.00
0.309220	125.00
0.309240	126.00
0.309260	126.00
0.309280	126.00
0.309300	126.00
0.309320	125.00
0.309340	126.00
0.309360	126.00
0.309380	126.00
0.309400	125.00
0.309420	125.00
0.309440	125.00
0.309460	126.00
0.309480	126.00
0.309500	125.00
0.309520	124.00
0.309540	124.00
0.309560	124.00
0.309580	125.00
0.309600	126.00
0.309620	125.00
0.309640	125.00
0.309660	124.00
0.309680	124.00
0.309700	124.00
0.309720	125.00
0.309740	125.00
0.309760	125.00
0.309780	124.00
0.309800	124.00
0.309820	124.00
0.309840	125.00
0.309860	126.00
0.309880	126.00
0.309900	125.00
0.309920	125.00
0.309940	126.00
0.309960	125.00
0.309980	125.00
0.310000	124.00
0.310020	124.00
0.310040	125.00
0.310060	126.00
0.310080	127.00
0.310100	127.00
0.310120	126.00
0.310140	126.00
0.310160	126.00
0.310180	126.00
0.310200	126.00
0.310220	125.00
0.310240	125.00
0.310260	125.00
0.310280	124.00
0.310300	123.00
0.310320	124.00
0.310340	125.00
0.310360	126.00
0.310380	126.00
0.310400	125.00
0.310420	125.00
0.310440	125.00
0.310460	126.00
0.310480	127.00
0.310500	126.00
0.310520	125.00
0.310540	125.00
0.310560	125.00
0.310580	126.00
0.310600	126.00
0.310620	125.00
0.310640	124.00
0.310660	125.00
0.310680	125.00
0.310700	127.00
0.310720	127.00
0.310740	127.00
0.310760	126.00
0.310780	126.00
0.310800	125.00
0.310820	125.00
0.310840	125.00
0.310860	125.00
0.310880	125.00
0.310900	125.00
0.310920	125.00
0.310940	126.00
0.310960	127.00
0.310980	127.00
0.311000	127.00
0.311020	127.00
0.311040	127.00
0.311060	126.00
0.311080	125.00
0.311100	124.00
0.311120	124.00
0.311140	125.00
0.311160	126.00
0.311180	126.00
0.311200	125.00
0.311220	124.00
0.311240	124.00
0.311260	125.00
0.311280	125.00
0.311300	125.00
0.311320	124.00
0.311340	124.00
0.311360	125.00
0.311380	126.00
0.311400	126.00
0.311420	126.00
0.311440	125.00
0.311460	125.00
0.311480	125.00
0.311500	124.00
0.311520	123.00
0.311540	123.00
0.311560	124.00
0.311580	125.00
0.311600	126.00
0.311620	127.00
0.311640	127.00
0.311660	127.00
0.311680	125.00
0.311700	124.00
0.311720	123.00
0.311740	123.00
0.311760	125.00
0.311780	127.00
0.311800	128.00
0.311820	128.00
0.311840	127.00
0.311860	127.00
0.311880	125.00
0.311900	124.00
0.311920	124.00
0.311940	124.00
0.311960	125.00
0.311980	127.00
0.312000	128.00
0.312020	127.00
0.312040	126.00
0.312060	125.00
0.312080	124.00
0.312100	123.00
0.312120	124.00
0.312140	125.00
0.312160	127.00
0.312180	128.00
0.312200	128.00
0.312220	127.00
0.312240	126.00
0.312260	125.00
0.312280	124.00
0.312300	123.00
0.312320	123.00
0.312340	124.00
0.312360	125.00
0.312380	125.00
0.312400	124.00
0.312420	124.00
0.312440	124.00
0.312460	124.00
0.312480	124.00
0.312500	123.00
0.312520	123.00
0.312540	124.00
0.312560	125.00
0.312580	126.00
0.312600	126.00
0.312620	126.00
0.312640	127.00
0.312660	127.00
0.312680	127.00
0.312700	126.00
0.312720	124.00
0.312740	122.00
0.312760	121.00
0.312780	119.00
0.312800	118.00
0.312820	119.00
0.312840	123.00
0.312860	129.00
0.312880	136.00
0.312900	142.00
0.312920	143.00
0.312940	140.00
0.312960	131.00
0.312980	120.00
0.313000	109.00
0.313020	102.00
0.313040	102.00
0.313060	108.00
0.313080	120.00
0.313100	134.00
0.313120	147.00
0.313140	155.00
0.313160	156.00
0.313180	149.00
0.313200	135.00
0.313220	119.00
0.313240	105.00
0.313260	95.00
0.313280	92.00
0.313300	96.00
0.313320	108.00
0.313340	124.00
0.313360	140.00
0.313380	152.00
0.313400	157.00
0.313420	155.00
0.313440	148.00
0.313460	136.00
0.313480	120.00
0.313500	102.00
0.313520	84.00
0.313540	72.00
0.313560	71.00
0.313580	86.00
0.313600	115.00
0.313620	151.00
0.313640	185.00
0.313660	207.00
0.313680	209.00
0.313700	190.00
0.313720	153.00
0.313740	108.00
0.313760	65.00
0.313780	35.00
0.313800	25.00
0.313820	36.00
0.313840	66.00
0.313860	108.00
0.313880	153.00
0.313900	193.00
0.313920	220.00
0.313940	228.00
0.313960	212.00
0.313980	175.00
0.314000	122.00
0.314020	68.00
0.314040	27.00
0.314060	12.00
0.314080	25.00
0.314100	62.00
0.314120	112.00
0.314140	159.00
0.314160	193.00
0.314180	207.00
0.314200	198.00
0.314220	173.00
0.314240	141.00
0.314260	112.00
0.314280	91.00
0.314300	83.00
0.314320	87.00
0.314340	99.00
0.314360	113.00
0.314380	124.00
0.314400	127.00
0.314420	123.00
0.314440	118.00
0.314460	117.00
0.314480	123.00
0.314500	135.00
0.314520	148.00
0.314540	156.00
0.314560	155.00
0.314580	144.00
0.314600	128.00
0.314620	112.00
0.314640	101.00
0.314660	98.00
0.314680	102.00
0.314700	113.00
0.314720	124.00
0.314740	134.00
0.314760	140.00
0.314780	142.00
0.314800	141.00
0.314820	137.00
0.314840	130.00
0.314860	121.00
0.314880	114.00
0.314900	111.00
0.314920	114.00
0.314940	122.00
0.314960	132.00
0.314980	141.00
0.315000	146.00
0.315020	146.00
0.315040	141.00
0.315060	131.00
0.315080	118.00
0.315100	105.00
0.315120	96.00
0.315140	93.00
0.315160	99.00
0.315180	111.00
0.315200	129.00
0.315220	148.00
0.315240	164.00
0.315260	171.00
0.315280	167.00
0.315300	151.00
0.315320	127.00
0.315340	103.00
0.315360	83.00
0.315380	74.00
0.315400	78.00
0.315420	94.00
0.315440	118.00
0.315460	144.00
0.315480	163.00
0.315500	172.00
0.315520	168.00
0.315540	154.00
0.315560	133.00
0.315580	111.00
0.315600	93.00
0.315620	84.00
0.315640	86.00
0.315660	98.00
0.315680	117.00
0.315700	137.00
0.315720	153.00
0.315740	161.00
0.315760	160.00
0.315780	151.00
0.315800	137.00
0.315820	122.00
0.315840	109.00
0.315860	99.00
0.315880	95.00
0.315900	96.00
0.315920	103.00
0.315940	114.00
0.315960	128.00
0.315980	140.00
0.316000	149.00
0.316020	154.00
0.316040	153.00
0.316060	147.00
0.316080	138.00
0.316100	125.00
0.316120	113.00
0.316140	104.00
0.316160	100.00
0.316180	99.00
0.316200	103.00
0.316220	110.00
0.316240	120.00
0.316260	132.00
0.316280	143.00
0.316300	152.00
0.316320	155.00
0.316340	153.00
0.316360	144.00
0.316380	130.00
0.316400	114.00
0.316420	99.00
0.316440	90.00
0.316460	90.00
0.316480	99.00
0.316500	114.00
0.316520	132.00
0.316540	148.00
0.316560	158.00
0.316580	161.00
0.316600	155.00
0.316620	143.00
0.316640	127.00
0.316660	110.00
0.316680	97.00
0.316700	91.00
0.316720	94.00
0.316740	103.00
0.316760	116.00
0.316780	130.00
0.316800	142.00
0.316820	151.00
0.316840	154.00
0.316860	151.00
0.316880	142.00
0.316900	129.00
0.316920	117.00
0.316940	108.00
0.316960	104.00
0.316980	104.00
0.317000	108.00
0.317020	114.00
0.317040	123.00
0.317060	131.00
0.317080	138.00
0.317100	141.00
0.317120	142.00
0.317140	139.00
0.317160	134.00
0.317180	128.00
0.317200	123.00
0.317220	118.00
0.317240	114.00
0.317260	112.00
0.317280	113.00
0.317300	116.00
0.317320	120.00
0.317340	126.00
0.317360	130.00
0.317380	134.00
0.317400	136.00
0.317420	136.00
0.317440	135.00
0.317460	132.00
0.317480	128.00
0.317500	123.00
0.317520	120.00
0.317540	119.00
0.317560	118.00
0.317580	119.00
0.317600	120.00
0.317620	122.00
0.317640	125.00
0.317660	128.00
0.317680	131.00
0.317700	131.00
0.317720	131.00
0.317740	129.00
0.317760	128.00
0.317780	126.00
0.317800	125.00
0.317820	125.00
0.317840	125.00
0.317860	126.00
0.317880	127.00
0.317900	127.00
0.317920	126.00
0.317940	124.00
0.317960	123.00
0.317980	122.00
0.318000	121.00
0.318020	122.00
0.318040	124.00
0.318060	126.00
0.318080	128.00
0.318100	129.00
0.318120	129.00
0.318140	128.00
0.318160	127.00
0.318180	126.00
0.318200	124.00
0.318220	123.00
0.318240	123.00
0.318260	122.00
0.318280	122.00
0.318300	121.00
0.318320	121.00
0.318340	122.00
0.318360	124.00
0.318380	128.00
0.318400	131.00
0.318420	133.00
0.318440	133.00
0.318460	132.00
0.318480	130.00
0.318500	127.00
0.318520	124.00
0.318540	121.00
0.318560	120.00
0.318580	119.00
0.318600	119.00
0.318620	121.00
0.318640	123.00
0.318660	125.00
0.318680	127.00
0.318700	129.00
0.318720	130.00
0.318740	130.00
0.318760	129.00
0.318780	128.00
0.318800	126.00
0.318820	125.00
0.318840	123.00
0.318860	123.00
0.318880	123.00
0.318900	123.00
0.318920	123.00
0.318940	123.00
0.318960	123.00
0.318980	124.00
0.319000	125.00
0.319020	126.00
0.319040	127.00
0.319060	127.00
0.319080	127.00
0.319100	127.00
0.319120	126.00
0.319140	125.00
0.319160	125.00
0.319180	124.00
0.319200	123.00
0.319220	122.00
0.319240	121.00
0.319260	121.00
0.319280	122.00
0.319300	123.00
0.319320	126.00
0.319340	129.00
0.319360	131.00
0.319380	132.00
0.319400	131.00
0.319420	129.00
0.319440	126.00
0.319460	124.00
0.319480	123.00
0.319500	122.00
0.319520	122.00
0.319540	123.00
0.319560	124.00
0.319580	126.00
0.319600	127.00
0.319620	128.00
0.319640	129.00
0.319660	129.00
0.319680	128.00
0.319700	127.00
0.319720	126.00
0.319740	125.00
0.319760	125.00
0.319780	125.00
0.319800	126.00
0.319820	126.00
0.319840	125.00
0.319860	125.00
0.319880	125.00
0.319900	125.00
0.319920	126.00
0.319940	126.00
0.319960	126.00
0.319980	126.00
0.320000	126.00
0.320020	126.00
0.320040	127.00
0.320060	126.00
0.320080	124.00
0.320100	122.00
0.320120	121.00
0.320140	122.00
0.320160	123.00
0.320180	125.00
0.320200	126.00
0.320220	127.00
0.320240	126.00
0.320260	126.00
0.320280	125.00
0.320300	124.00
0.320320	122.00
0.320340	122.00
0.320360	123.00
0.320380	125.00
0.320400	126.00
0.320420	127.00
0.320440	128.00
0.320460	128.00
0.320480	128.00
0.320500	127.00
0.320520	126.00
0.320540	124.00
0.320560	123.00
0.320580	123.00
0.320600	124.00
0.320620	125.00
0.320640	127.00
0.320660	128.00
0.320680	128.00
0.320700	128.00
0.320720	128.00
0.320740	128.00
0.320760	127.00
0.320780	127.00
0.320800	126.00
0.320820	125.00
0.320840	124.00
0.320860	124.00
0.320880	124.00
0.320900	123.00
0.320920	123.00
0.320940	123.00
0.320960	124.00
0.320980	125.00
0.321000	126.00
0.321020	127.00
0.321040	127.00
0.321060	128.00
0.321080	128.00
0.321100	127.00
0.321120	125.00
0.321140	123.00
0.321160	123.00
0.321180	124.00
0.321200	125.00
0.321220	126.00
0.321240	127.00
0.321260	128.00
0.321280	129.00
0.321300	130.00
0.321320	129.00
0.321340	128.00
0.321360	127.00
0.321380	126.00
0.321400	125.00
0.321420	125.00
0.321440	125.00
0.321460	125.00
0.321480	125.00
0.321500	125.00
0.321520	125.00
0.321540	125.00
0.321560	126.00
0.321580	126.00
0.321600	127.00
0.321620	128.00
0.321640	129.00
0.321660	129.00
0.321680	129.00
0.321700	128.00
0.321720	127.00
0.321740	125.00
0.321760	124.00
0.321780	124.00
0.321800	124.00
0.321820	124.00
0.321840	124.00
0.321860	125.00
0.321880	126.00
0.321900	126.00
0.321920	126.00
0.321940	126.00
0.321960	125.00
0.321980	125.00
0.322000	125.00
0.322020	124.00
0.322040	124.00
0.322060	124.00
0.322080	124.00
0.322100	125.00
0.322120	125.00
0.322140	126.00
0.322160	126.00
0.322180	126.00
0.322200	125.00
0.322220	125.00
0.322240	125.00
0.322260	125.00
0.322280	126.00
0.322300	126.00
0.322320	126.00
0.322340	126.00
0.322360	125.00
0.322380	125.00
0.322400	124.00
0.322420	124.00
0.322440	124.00
0.322460	124.00
0.322480	124.00
0.322500	126.00
0.322520	127.00
0.322540	128.00
0.322560	127.00
0.322580	126.00
0.322600	125.00
0.322620	125.00
0.322640	125.00
0.322660	125.00
0.322680	125.00
0.322700	125.00
0.322720	125.00
0.322740	125.00
0.322760	126.00
0.322780	126.00
0.322800	126.00
0.322820	125.00
0.322840	123.00
0.322860	123.00
0.322880	123.00
0.322900	123.00
0.322920	124.00
0.322940	124.00
0.322960	126.00
0.322980	127.00
0.323000	128.00
0.323020	128.00
0.323040	126.00
0.323060	124.00
0.323080	123.00
0.323100	123.00
0.323120	124.00
0.323140	125.00
0.323160	124.00
0.323180	124.00
0.323200	124.00
0.323220	125.00
0.323240	126.00
0.323260	126.00
0.323280	126.00
0.323300	125.00
0.323320	126.00
0.323340	127.00
0.323360	127.00
0.323380	126.00
0.323400	125.00
0.323420	124.00
0.323440	125.00
0.323460	125.00
0.323480	126.00
0.323500	125.00
0.323520	125.00
0.323540	125.00
0.323560	125.00
0.323580	125.00
0.323600	125.00
0.323620	125.00
0.323640	126.00
0.323660	126.00
0.323680	126.00
0.323700	125.00
0.323720	124.00
0.323740	124.00
0.323760	125.00
0.323780	126.00
0.323800	126.00
0.323820	125.00
0.323840	125.00
0.323860	125.00
0.323880	126.00
0.323900	126.00
0.323920	126.00
0.323940	126.00
0.323960	126.00
0.323980	125.00
0.324000	125.00
0.324020	124.00
0.324040	125.00
0.324060	125.00
0.324080	125.00
0.324100	124.00
0.324120	124.00
0.324140	124.00
0.324160	124.00
0.324180	126.00
0.324200	126.00
0.324220	126.00
0.324240	125.00
0.324260	125.00
0.324280	125.00
0.324300	126.00
0.324320	126.00
0.324340	126.00
0.324360	126.00
0.324380	125.00
0.324400	125.00
0.324420	124.00
0.324440	124.00
0.324460	125.00
0.324480	125.00
0.324500	126.00
0.324520	126.00
0.324540	126.00
0.324560	127.00
0.324580	127.00
0.324600	127.00
0.324620	126.00
0.324640	125.00
0.324660	125.00
0.324680	125.00
0.324700	125.00
0.324720	126.00
0.324740	125.00
0.324760	125.00
0.324780	125.00
0.324800	125.00
0.324820	125.00
0.324840	126.00
0.324860	126.00
0.324880	126.00
0.324900	125.00
0.324920	126.00
0.324940	126.00
0.324960	125.00
0.324980	124.00
0.325000	123.00
0.325020	123.00
0.325040	124.00
0.325060	125.00
0.325080	126.00
0.325100	126.00
0.325120	126.00
0.325140	126.00
0.325160	126.00
0.325180	127.00
0.325200	126.00
0.325220	126.00
0.325240	125.00
0.325260	125.00
0.325280	125.00
0.325300	125.00
0.325320	125.00
0.325340	126.00
0.325360	126.00
0.325380	125.00
0.325400	125.00
0.325420	124.00
0.325440	124.00
0.325460	126.00
0.325480	127.00
0.325500	128.00
0.325520	128.00
0.325540	127.00
0.325560	127.00
0.325580	126.00
0.325600	126.00
0.325620	126.00
0.325640	126.00
0.325660	126.00
0.325680	126.00
0.325700	126.00
0.325720	125.00
0.325740	125.00
0.325760	125.00
0.325780	125.00
0.325800	125.00
0.325820	125.00
0.325840	125.00
0.325860	125.00
0.325880	124.00
0.325900	124.00
0.325920	124.00
0.325940	125.00
0.325960	126.00
0.325980	127.00
0.326000	128.00
0.326020	128.00
0.326040	127.00
0.326060	126.00
0.326080	125.00
0.326100	125.00
0.326120	125.00
0.326140	126.00
0.326160	126.00
0.326180	126.00
0.326200	126.00
0.326220	126.00
0.326240	126.00
0.326260	126.00
0.326280	126.00
0.326300	125.00
0.326320	125.00
0.326340	125.00
0.326360	126.00
0.326380	127.00
0.326400	127.00
0.326420	127.00
0.326440	127.00
0.326460	127.00
0.326480	127.00
0.326500	127.00
0.326520	127.00
0.326540	126.00
0.326560	126.00
0.326580	126.00
0.326600	126.00
0.326620	126.00
0.326640	126.00
0.326660	126.00
0.326680	125.00
0.326700	126.00
0.326720	126.00
0.326740	126.00
0.326760	125.00
0.326780	124.00
0.326800	124.00
0.326820	124.00
0.326840	124.00
0.326860	124.00
0.326880	124.00
0.326900	124.00
0.326920	123.00
0.326940	123.00
0.326960	123.00
0.326980	124.00
0.327000	125.00
0.327020	126.00
0.327040	126.00
0.327060	127.00
0.327080	127.00
0.327100	127.00
0.327120	126.00
0.327140	125.00
0.327160	124.00
0.327180	124.00
0.327200	124.00
0.327220	125.00
0.327240	126.00
0.327260	127.00
0.327280	127.00
0.327300	127.00
0.327320	127.00
0.327340	127.00
0.327360	127.00
0.327380	127.00
0.327400	127.00
0.327420	126.00
0.327440	126.00
0.327460	126.00
0.327480	126.00
0.327500	126.00
0.327520	126.00
0.327540	126.00
0.327560	126.00
0.327580	125.00
0.327600	125.00
0.327620	125.00
0.327640	124.00
0.327660	124.00
0.327680	123.00
0.327700	124.00
0.327720	125.00
0.327740	125.00
0.327760	125.00
0.327780	125.00
0.327800	124.00
0.327820	125.00
0.327840	125.00
0.327860	125.00
0.327880	124.00
0.327900	124.00
0.327920	124.00
0.327940	126.00
0.327960	126.00
0.327980	125.00
0.328000	124.00
0.328020	123.00
0.328040	125.00
0.328060	126.00
0.328080	126.00
0.328100	126.00
0.328120	125.00
0.328140	125.00
0.328160	126.00
0.328180	126.00
0.328200	125.00
0.328220	125.00
0.328240	125.00
0.328260	126.00
0.328280	127.00
0.328300	127.00
0.328320	127.00
0.328340	127.00
0.328360	127.00
0.328380	127.00
0.328400	127.00
0.328420	127.00
0.328440	127.00
0.328460	126.00
0.328480	126.00
0.328500	125.00
0.328520	125.00
0.328540	125.00
0.328560	126.00
0.328580	126.00
0.328600	126.00
0.328620	126.00
0.328640	126.00
0.328660	125.00
0.328680	125.00
0.328700	125.00
0.328720	125.00
0.328740	125.00
0.328760	125.00
0.328780	124.00
0.328800	123.00
0.328820	123.00
0.328840	124.00
0.328860	124.00
0.328880	124.00
0.328900	124.00
0.328920	123.00
0.328940	124.00
0.328960	125.00
0.328980	126.00
0.329000	126.00
0.329020	126.00
0.329040	125.00
0.329060	126.00
0.329080	126.00
0.329100	125.00
0.329120	124.00
0.329140	123.00
0.329160	123.00
0.329180	123.00
0.329200	124.00
0.329220	124.00
0.329240	125.00
0.329260	126.00
0.329280	127.00
0.329300	127.00
0.329320	127.00
0.329340	126.00
0.329360	126.00
0.329380	126.00
0.329400	126.00
0.329420	126.00
0.329440	126.00
0.329460	126.00
0.329480	126.00
0.329500	126.00
0.329520	126.00
0.329540	126.00
0.329560	126.00
0.329580	125.00
0.329600	125.00
0.329620	125.00
0.329640	125.00
0.329660	125.00
0.329680	126.00
0.329700	126.00
0.329720	126.00
0.329740	126.00
0.329760	125.00
0.329780	124.00
0.329800	123.00
0.329820	123.00
0.329840	123.00
0.329860	124.00
0.329880	125.00
0.329900	125.00
0.329920	126.00
0.329940	126.00
0.329960	127.00
0.329980	127.00
0.330000	127.00
0.330020	126.00
0.330040	125.00
0.330060	125.00
0.330080	125.00
0.330100	125.00
0.330120	126.00
0.330140	127.00
0.330160	127.00
0.330180	127.00
0.330200	126.00
0.330220	126.00
0.330240	125.00
0.330260	126.00
0.330280	127.00
0.330300	127.00
0.330320	127.00
0.330340	126.00
0.330360	125.00
0.330380	125.00
0.330400	125.00
0.330420	125.00
0.330440	125.00
0.330460	125.00
0.330480	126.00
0.330500	126.00
0.330520	126.00
0.330540	126.00
0.330560	125.00
0.330580	125.00
0.330600	124.00
0.330620	124.00
0.330640	125.00
0.330660	125.00
0.330680	125.00
0.330700	124.00
0.330720	124.00
0.330740	124.00
0.330760	125.00
0.330780	126.00
0.330800	126.00
0.330820	126.00
0.330840	126.00
0.330860	125.00
0.330880	125.00
0.330900	126.00
0.330920	126.00
0.330940	126.00
0.330960	126.00
0.330980	126.00
0.331000	126.00
0.331020	126.00
0.331040	126.00
0.331060	127.00
0.331080	128.00
0.331100	128.00
0.331120	126.00
0.331140	125.00
0.331160	124.00
0.331180	124.00
0.331200	124.00
0.331220	125.00
0.331240	125.00
0.331260	125.00
0.331280	125.00
0.331300	125.00
0.331320	125.00
0.331340	125.00
0.331360	124.00
0.331380	124.00
0.331400	125.00
0.331420	126.00
0.331440	126.00
0.331460	126.00
0.331480	126.00
0.331500	125.00
0.331520	126.00
0.331540	126.00
0.331560	126.00
0.331580	126.00
0.331600	125.00
0.331620	125.00
0.331640	124.00
0.331660	124.00
0.331680	124.00
0.331700	124.00
0.331720	124.00
0.331740	125.00
0.331760	125.00
0.331780	125.00
0.331800	125.00
0.331820	125.00
0.331840	125.00
0.331860	125.00
0.331880	125.00
0.331900	126.00
0.331920	127.00
0.331940	127.00
0.331960	128.00
0.331980	127.00
0.332000	126.00
0.332020	125.00
0.332040	125.00
0.332060	125.00
0.332080	125.00
0.332100	124.00
0.332120	124.00
0.332140	124.00
0.332160	125.00
0.332180	125.00
0.332200	125.00
0.332220	124.00
0.332240	124.00
0.332260	125.00
0.332280	125.00
0.332300	124.00
0.332320	124.00
0.332340	125.00
0.332360	126.00
0.332380	126.00
0.332400	126.00
0.332420	125.00
0.332440	125.00
0.332460	125.00
0.332480	125.00
0.332500	125.00
0.332520	125.00
0.332540	125.00
0.332560	125.00
0.332580	125.00
0.332600	125.00
0.332620	124.00
0.332640	123.00
0.332660	124.00
0.332680	125.00
0.332700	126.00
0.332720	126.00
0.332740	126.00
0.332760	125.00
0.332780	125.00
0.332800	125.00
0.332820	124.00
0.332840	124.00
0.332860	124.00
0.332880	125.00
0.332900	126.00
0.332920	127.00
0.332940	126.00
0.332960	125.00
0.332980	125.00
0.333000	124.00
0.333020	125.00
0.333040	125.00
0.333060	126.00
0.333080	126.00
0.333100	126.00
0.333120	126.00
0.333140	126.00
0.333160	126.00
0.333180	126.00
0.333200	127.00
0.333220	127.00
0.333240	126.00
0.333260	125.00
0.333280	125.00
0.333300	126.00
0.333320	126.00
0.333340	125.00
0.333360	124.00
0.333380	123.00
0.333400	123.00
0.333420	124.00
0.333440	126.00
0.333460	126.00
0.333480	126.00
0.333500	126.00
0.333520	126.00
0.333540	126.00
0.333560	126.00
0.333580	126.00
0.333600	126.00
0.333620	126.00
0.333640	126.00
0.333660	125.00
0.333680	125.00
0.333700	124.00
0.333720	124.00
0.333740	124.00
0.333760	125.00
0.333780	126.00
0.333800	127.00
0.333820	127.00
0.333840	126.00
0.333860	126.00
0.333880	125.00
0.333900	125.00
0.333920	125.00
0.333940	125.00
0.333960	126.00
0.333980	126.00
0.334000	127.00
0.334020	128.00
0.334040	128.00
0.334060	128.00
0.334080	127.00
0.334100	127.00
0.334120	127.00
0.334140	126.00
0.334160	125.00
0.334180	125.00
0.334200	125.00
0.334220	126.00
0.334240	127.00
0.334260	126.00
0.334280	125.00
0.334300	125.00
0.334320	126.00
0.334340	126.00
0.334360	125.00
0.334380	124.00
0.334400	124.00
0.334420	125.00
0.334440	126.00
0.334460	126.00
0.334480	125.00
0.334500	124.00
0.334520	123.00
0.334540	124.00
0.334560	125.00
0.334580	126.00
0.334600	125.00
0.334620	124.00
0.334640	124.00
0.334660	124.00
0.334680	125.00
0.334700	125.00
0.334720	125.00
0.334740	125.00
0.334760	125.00
0.334780	126.00
0.334800	126.00
0.334820	126.00
0.334840	125.00
0.334860	125.00
0.334880	124.00
0.334900	125.00
0.334920	125.00
0.334940	126.00
0.334960	126.00
0.334980	126.00
0.335000	125.00
0.335020	125.00
0.335040	125.00
0.335060	125.00
0.335080	126.00
0.335100	127.00
0.335120	127.00
0.335140	126.00
0.335160	125.00
0.335180	125.00
0.335200	126.00
0.335220	127.00
0.335240	128.00
0.335260	128.00
0.335280	126.00
0.335300	126.00
0.335320	126.00
0.335340	127.00
0.335360	127.00
0.335380	126.00
0.335400	125.00
0.335420	125.00
0.335440	125.00
0.335460	126.00
0.335480	125.00
0.335500	124.00
0.335520	123.00
0.335540	123.00
0.335560	123.00
0.335580	123.00
0.335600	124.00
0.335620	124.00
0.335640	125.00
0.335660	126.00
0.335680	126.00
0.335700	125.00
0.335720	124.00
0.335740	124.00
0.335760	126.00
0.335780	127.00
0.335800	127.00
0.335820	126.00
0.335840	125.00
0.335860	125.00
0.335880	125.00
0.335900	126.00
0.335920	126.00
0.335940	126.00
0.335960	126.00
0.335980	126.00
0.336000	126.00
0.336020	126.00
0.336040	126.00
0.336060	126.00
0.336080	125.00
0.336100	125.00
0.336120	125.00
0.336140	125.00
0.336160	125.00
0.336180	125.00
0.336200	126.00
0.336220	126.00
0.336240	126.00
0.336260	126.00
0.336280	125.00
0.336300	125.00
0.336320	124.00
0.336340	125.00
0.336360	125.00
0.336380	125.00
0.336400	125.00
0.336420	125.00
0.336440	125.00
0.336460	125.00
0.336480	126.00
0.336500	126.00
0.336520	125.00
0.336540	125.00
0.336560	126.00
0.336580	127.00
0.336600	127.00
0.336620	126.00
0.336640	125.00
0.336660	124.00
0.336680	124.00
0.336700	125.00
0.336720	126.00
0.336740	126.00
0.336760	127.00
0.336780	127.00
0.336800	127.00
0.336820	126.00
0.336840	126.00
0.336860	125.00
0.336880	125.00
0.336900	125.00
0.336920	125.00
0.336940	125.00
0.336960	124.00
0.336980	124.00
0.337000	124.00
0.337020	125.00
0.337040	126.00
0.337060	126.00
0.337080	126.00
0.337100	126.00
0.337120	126.00
0.337140	125.00
0.337160	126.00
0.337180	126.00
0.337200	126.00
0.337220	125.00
0.337240	125.00
0.337260	124.00
0.337280	124.00
0.337300	124.00
0.337320	124.00
0.337340	124.00
0.337360	125.00
0.337380	126.00
0.337400	126.00
0.337420	126.00
0.337440	126.00
0.337460	125.00
0.337480	124.00
0.337500	124.00
0.337520	124.00
0.337540	124.00
0.337560	124.00
0.337580	124.00
0.337600	124.00
0.337620	124.00
0.337640	125.00
0.337660	125.00
0.337680	127.00
0.337700	128.00
0.337720	128.00
0.337740	127.00
0.337760	126.00
0.337780	126.00
0.337800	126.00
0.337820	126.00
0.337840	126.00
0.337860	125.00
0.337880	125.00
0.337900	125.00
0.337920	126.00
0.337940	126.00
0.337960	127.00
0.337980	126.00
0.338000	125.00
0.338020	124.00
0.338040	125.00
0.338060	125.00
0.338080	126.00
0.338100	126.00
0.338120	126.00
0.338140	126.00
0.338160	125.00
0.338180	125.00
0.338200	125.00
0.338220	124.00
0.338240	125.00
0.338260	125.00
0.338280	126.00
0.338300	125.00
0.338320	125.00
0.338340	124.00
0.338360	123.00
0.338380	123.00
0.338400	123.00
0.338420	124.00
0.338440	124.00
0.338460	125.00
0.338480	125.00
0.338500	125.00
0.338520	125.00
0.338540	125.00
0.338560	125.00
0.338580	125.00
0.338600	125.00
0.338620	126.00
0.338640	126.00
0.338660	125.00
0.338680	125.00
0.338700	125.00
0.338720	125.00
0.338740	125.00
0.338760	125.00
0.338780	125.00
0.338800	125.00
0.338820	125.00
0.338840	126.00
0.338860	126.00
0.338880	126.00
0.338900	126.00
0.338920	126.00
0.338940	126.00
0.338960	126.00
0.338980	126.00
0.339000	126.00
0.339020	126.00
0.339040	126.00
0.339060	127.00
0.339080	127.00
0.339100	126.00
0.339120	126.00
0.339140	126.00
0.339160	127.00
0.339180	126.00
0.339200	125.00
0.339220	123.00
0.339240	123.00
0.339260	124.00
0.339280	126.00
0.339300	127.00
0.339320	126.00
0.339340	126.00
0.339360	125.00
0.339380	125.00
0.339400	125.00
0.339420	124.00
0.339440	124.00
0.339460	124.00
0.339480	123.00
0.339500	124.00
0.339520	124.00
0.339540	124.00
0.339560	125.00
0.339580	125.00
0.339600	125.00
0.339620	126.00
0.339640	127.00
0.339660	127.00
0.339680	126.00
0.339700	126.00
0.339720	126.00
0.339740	126.00
0.339760	126.00
0.339780	125.00
0.339800	125.00
0.339820	126.00
0.339840	127.00
0.339860	128.00
0.339880	128.00
0.339900	127.00
0.339920	126.00
0.339940	125.00
0.339960	125.00
0.339980	126.00
0.340000	127.00
0.340020	127.00
0.340040	127.00
0.340060	127.00
0.340080	126.00
0.340100	125.00
0.340120	125.00
0.340140	125.00
0.340160	125.00
0.340180	125.00
0.340200	124.00
0.340220	123.00
0.340240	123.00
0.340260	123.00
0.340280	124.00
0.340300	125.00
0.340320	125.00
0.340340	125.00
0.340360	125.00
0.340380	125.00
0.340400	126.00
0.340420	126.00
0.340440	126.00
0.340460	125.00
0.340480	125.00
0.340500	124.00
0.340520	124.00
0.340540	125.00
0.340560	126.00
0.340580	126.00
0.340600	125.00
0.340620	125.00
0.340640	125.00
0.340660	125.00
0.340680	125.00
0.340700	125.00
0.340720	125.00
0.340740	126.00
0.340760	127.00
0.340780	128.00
0.340800	128.00
0.340820	126.00
0.340840	125.00
0.340860	125.00
0.340880	126.00
0.340900	126.00
0.340920	126.00
0.340940	126.00
0.340960	125.00
0.340980	125.00
0.341000	126.00
0.341020	126.00
0.341040	126.00
0.341060	126.00
0.341080	126.00
0.341100	125.00
0.341120	125.00
0.341140	124.00
0.341160	124.00
0.341180	124.00
0.341200	125.00
0.341220	126.00
0.341240	127.00
0.341260	127.00
0.341280	126.00
0.341300	124.00
0.341320	122.00
0.341340	122.00
0.341360	123.00
0.341380	124.00
0.341400	125.00
0.341420	125.00
0.341440	126.00
0.341460	126.00
0.341480	127.00
0.341500	126.00
0.341520	126.00
0.341540	126.00
0.341560	127.00
0.341580	126.00
0.341600	125.00
0.341620	124.00
0.341640	124.00
0.341660	124.00
0.341680	125.00
0.341700	126.00
0.341720	126.00
0.341740	125.00
0.341760	124.00
0.341780	124.00
0.341800	125.00
0.341820	126.00
0.341840	126.00
0.341860	126.00
0.341880	126.00
0.341900	126.00
0.341920	126.00
0.341940	126.00
0.341960	126.00
0.341980	126.00
0.342000	125.00
0.342020	125.00
0.342040	125.00
0.342060	125.00
0.342080	125.00
0.342100	125.00
0.342120	125.00
0.342140	125.00
0.342160	125.00
0.342180	125.00
0.342200	125.00
0.342220	125.00
0.342240	125.00
0.342260	125.00
0.342280	125.00
0.342300	125.00
0.342320	125.00
0.342340	125.00
0.342360	125.00
0.342380	125.00
0.342400	125.00
0.342420	125.00
0.342440	125.00
0.342460	126.00
0.342480	127.00
0.342500	126.00
0.342520	126.00
0.342540	125.00
0.342560	125.00
0.342580	126.00
0.342600	126.00
0.342620	126.00
0.342640	125.00
0.342660	124.00
0.342680	124.00
0.342700	124.00
0.342720	125.00
0.342740	125.00
0.342760	126.00
0.342780	126.00
0.342800	126.00
0.342820	127.00
0.342840	127.00
0.342860	126.00
0.342880	127.00
0.342900	127.00
0.342920	126.00
0.342940	125.00
0.342960	125.00
0.342980	124.00
0.343000	125.00
0.343020	125.00
0.343040	125.00
0.343060	125.00
0.343080	126.00
0.343100	126.00
0.343120	127.00
0.343140	127.00
0.343160	126.00
0.343180	125.00
0.343200	124.00
0.343220	125.00
0.343240	125.00
0.343260	126.00
0.343280	126.00
0.343300	125.00
0.343320	125.00
0.343340	125.00
0.343360	124.00
0.343380	124.00
0.343400	125.00
0.343420	125.00
0.343440	125.00
0.343460	124.00
0.343480	124.00
0.343500	124.00
0.343520	126.00
0.343540	126.00
0.343560	126.00
0.343580	125.00
0.343600	125.00
0.343620	125.00
0.343640	125.00
0.343660	126.00
0.343680	126.00
0.343700	126.00
0.343720	126.00
0.343740	126.00
0.343760	126.00
0.343780	126.00
0.343800	126.00
0.343820	126.00
0.343840	127.00
0.343860	127.00
0.343880	126.00
0.343900	126.00
0.343920	125.00
0.343940	126.00
0.343960	126.00
0.343980	126.00
0.344000	125.00
0.344020	125.00
0.344040	126.00
0.344060	126.00
0.344080	127.00
0.344100	126.00
0.344120	124.00
0.344140	123.00
0.344160	123.00
0.344180	123.00
0.344200	123.00
0.344220	124.00
0.344240	125.00
0.344260	126.00
0.344280	127.00
0.344300	127.00
0.344320	127.00
0.344340	126.00
0.344360	126.00
0.344380	126.00
0.344400	126.00
0.344420	125.00
0.344440	125.00
0.344460	125.00
0.344480	125.00
0.344500	126.00
0.344520	126.00
0.344540	126.00
0.344560	127.00
0.344580	127.00
0.344600	127.00
0.344620	127.00
0.344640	126.00
0.344660	125.00
0.344680	125.00
0.344700	126.00
0.344720	126.00
0.344740	127.00
0.344760	126.00
0.344780	126.00
0.344800	125.00
0.344820	126.00
0.344840	127.00
0.344860	127.00
0.344880	126.00
0.344900	125.00
0.344920	124.00
0.344940	123.00
0.344960	124.00
0.344980	125.00
0.345000	126.00
0.345020	128.00
0.345040	128.00
0.345060	128.00
0.345080	126.00
0.345100	125.00
0.345120	124.00
0.345140	123.00
0.345160	123.00
0.345180	122.00
0.345200	121.00
0.345220	121.00
0.345240	123.00
0.345260	125.00
0.345280	126.00
0.345300	126.00
0.345320	126.00
0.345340	125.00
0.345360	125.00
0.345380	125.00
0.345400	123.00
0.345420	122.00
0.345440	122.00
0.345460	123.00
0.345480	124.00
0.345500	125.00
0.345520	127.00
0.345540	128.00
0.345560	128.00
0.345580	127.00
0.345600	126.00
0.345620	125.00
0.345640	124.00
0.345660	123.00
0.345680	123.00
0.345700	124.00
0.345720	125.00
0.345740	126.00
0.345760	128.00
0.345780	129.00
0.345800	130.00
0.345820	129.00
0.345840	128.00
0.345860	126.00
0.345880	123.00
0.345900	121.00
0.345920	120.00
0.345940	121.00
0.345960	123.00
0.345980	125.00
0.346000	126.00
0.346020	126.00
0.346040	126.00
0.346060	126.00
0.346080	126.00
0.346100	125.00
0.346120	125.00
0.346140	125.00
0.346160	125.00
0.346180	124.00
0.346200	124.00
0.346220	124.00
0.346240	124.00
0.346260	125.00
0.346280	126.00
0.346300	126.00
0.346320	126.00
0.346340	127.00
0.346360	128.00
0.346380	128.00
0.346400	127.00
0.346420	125.00
0.346440	124.00
0.346460	123.00
0.346480	124.00
0.346500	125.00
0.346520	125.00
0.346540	126.00
0.346560	127.00
0.346580	128.00
0.346600	129.00
0.346620	129.00
0.346640	127.00
0.346660	126.00
0.346680	124.00
0.346700	123.00
0.346720	122.00
0.346740	122.00
0.346760	124.00
0.346780	126.00
0.346800	129.00
0.346820	129.00
0.346840	129.00
0.346860	127.00
0.346880	125.00
0.346900	124.00
0.346920	123.00
0.346940	122.00
0.346960	123.00
0.346980	124.00
0.347000	125.00
0.347020	126.00
0.347040	125.00
0.347060	124.00
0.347080	124.00
0.347100	124.00
0.347120	125.00
0.347140	126.00
0.347160	128.00
0.347180	128.00
0.347200	128.00
0.347220	127.00
0.347240	126.00
0.347260	126.00
0.347280	125.00
0.347300	125.00
0.347320	124.00
0.347340	124.00
0.347360	125.00
0.347380	126.00
0.347400	127.00
0.347420	129.00
0.347440	129.00
0.347460	128.00
0.347480	126.00
0.347500	125.00
0.347520	124.00
0.347540	124.00
0.347560	125.00
0.347580	126.00
0.347600	127.00
0.347620	128.00
0.347640	129.00
0.347660	129.00
0.347680	129.00
0.347700	128.00
0.347720	125.00
0.347740	123.00
0.347760	122.00
0.347780	121.00
0.347800	122.00
0.347820	123.00
0.347840	125.00
0.347860	127.00
0.347880	128.00
0.347900	128.00
0.347920	127.00
0.347940	125.00
0.347960	122.00
0.347980	121.00
0.348000	120.00
0.348020	121.00
0.348040	122.00
0.348060	124.00
0.348080	127.00
0.348100	129.00
0.348120	129.00
0.348140	128.00
0.348160	125.00
0.348180	122.00
0.348200	120.00
0.348220	119.00
0.348240	120.00
0.348260	123.00
0.348280	126.00
0.348300	128.00
0.348320	130.00
0.348340	131.00
0.348360	131.00
0.348380	130.00
0.348400	127.00
0.348420	125.00
0.348440	123.00
0.348460	122.00
0.348480	122.00
0.348500	122.00
0.348520	124.00
0.348540	125.00
0.348560	127.00
0.348580	129.00
0.348600	130.00
0.348620	130.00
0.348640	129.00
0.348660	128.00
0.348680	127.00
0.348700	126.00
0.348720	124.00
0.348740	123.00
0.348760	122.00
0.348780	122.00
0.348800	123.00
0.348820	124.00
0.348840	126.00
0.348860	128.00
0.348880	129.00
0.348900	129.00
0.348920	129.00
0.348940	128.00
0.348960	126.00
0.348980	125.00
0.349000	123.00
0.349020	121.00
0.349040	121.00
0.349060	122.00
0.349080	124.00
0.349100	125.00
0.349120	125.00
0.349140	126.00
0.349160	127.00
0.349180	127.00
0.349200	127.00
0.349220	125.00
0.349240	124.00
0.349260	122.00
0.349280	122.00
0.349300	123.00
0.349320	123.00
0.349340	124.00
0.349360	124.00
0.349380	125.00
0.349400	126.00
0.349420	126.00
0.349440	127.00
0.349460	127.00
0.349480	127.00
0.349500	127.00
0.349520	127.00
0.349540	126.00
0.349560	125.00
0.349580	125.00
0.349600	125.00
0.349620	124.00
0.349640	124.00
0.349660	123.00
0.349680	122.00
0.349700	123.00
0.349720	124.00
0.349740	126.00
0.349760	127.00
0.349780	128.00
0.349800	128.00
0.349820	127.00
0.349840	126.00
0.349860	126.00
0.349880	126.00
0.349900	125.00
0.349920	124.00
0.349940	123.00
0.349960	122.00
0.349980	122.00
0.350000	123.00
0.350020	125.00
0.350040	126.00
0.350060	127.00
0.350080	128.00
0.350100	128.00
0.350120	128.00
0.350140	127.00
0.350160	126.00
0.350180	124.00
0.350200	124.00
0.350220	124.00
0.350240	125.00
0.350260	125.00
0.350280	125.00
0.350300	125.00
0.350320	125.00
0.350340	125.00
0.350360	126.00
0.350380	127.00
0.350400	127.00
0.350420	127.00
0.350440	127.00
0.350460	126.00
0.350480	126.00
0.350500	126.00
0.350520	125.00
0.350540	124.00
0.350560	125.00
0.350580	127.00
0.350600	128.00
0.350620	128.00
0.350640	127.00
0.350660	126.00
0.350680	126.00
0.350700	125.00
0.350720	125.00
0.350740	125.00
0.350760	124.00
0.350780	124.00
0.350800	125.00
0.350820	125.00
0.350840	126.00
0.350860	126.00
0.350880	126.00
0.350900	126.00
0.350920	126.00
0.350940	126.00
0.350960	127.00
0.350980	127.00
0.351000	127.00
0.351020	126.00
0.351040	124.00
0.351060	122.00
0.351080	123.00
0.351100	124.00
0.351120	125.00
0.351140	126.00
0.351160	126.00
0.351180	125.00
0.351200	126.00
0.351220	126.00
0.351240	126.00
0.351260	125.00
0.351280	124.00
0.351300	123.00
0.351320	124.00
0.351340	125.00
0.351360	126.00
0.351380	127.00
0.351400	127.00
0.351420	127.00
0.351440	126.00
0.351460	126.00
0.351480	126.00
0.351500	126.00
0.351520	126.00
0.351540	126.00
0.351560	126.00
0.351580	125.00
0.351600	124.00
0.351620	125.00
0.351640	125.00
0.351660	125.00
0.351680	125.00
0.351700	125.00
0.351720	125.00
0.351740	125.00
0.351760	125.00
0.351780	125.00
0.351800	124.00
0.351820	124.00
0.351840	125.00
0.351860	125.00
0.351880	125.00
0.351900	126.00
0.351920	127.00
0.351940	127.00
0.351960	126.00
0.351980	124.00
0.352000	122.00
0.352020	122.00
0.352040	123.00
0.352060	124.00
0.352080	125.00
0.352100	126.00
0.352120	126.00
0.352140	127.00
0.352160	128.00
0.352180	128.00
0.352200	127.00
0.352220	125.00
0.352240	124.00
0.352260	124.00
0.352280	124.00
0.352300	125.00
0.352320	126.00
0.352340	127.00
0.352360	128.00
0.352380	128.00
0.352400	128.00
0.352420	127.00
0.352440	126.00
0.352460	125.00
0.352480	124.00
0.352500	124.00
0.352520	124.00
0.352540	125.00
0.352560	126.00
0.352580	127.00
0.352600	127.00
0.352620	126.00
0.352640	125.00
0.352660	124.00
0.352680	123.00
0.352700	122.00
0.352720	122.00
0.352740	122.00
0.352760	123.00
0.352780	124.00
0.352800	126.00
0.352820	126.00
0.352840	126.00
0.352860	125.00
0.352880	125.00
0.352900	125.00
0.352920	125.00
0.352940	124.00
0.352960	123.00
0.352980	123.00
0.353000	124.00
0.353020	125.00
0.353040	127.00
0.353060	128.00
0.353080	128.00
0.353100	127.00
0.353120	126.00
0.353140	125.00
0.353160	125.00
0.353180	125.00
0.353200	125.00
0.353220	125.00
0.353240	125.00
0.353260	125.00
0.353280	126.00
0.353300	127.00
0.353320	128.00
0.353340	128.00
0.353360	127.00
0.353380	126.00
0.353400	125.00
0.353420	125.00
0.353440	125.00
0.353460	126.00
0.353480	127.00
0.353500	126.00
0.353520	126.00
0.353540	126.00
0.353560	126.00
0.353580	126.00
0.353600	126.00
0.353620	126.00
0.353640	125.00
0.353660	125.00
0.353680	125.00
0.353700	126.00
0.353720	126.00
0.353740	125.00
0.353760	124.00
0.353780	123.00
0.353800	122.00
0.353820	123.00
0.353840	123.00
0.353860	124.00
0.353880	124.00
0.353900	125.00
0.353920	126.00
0.353940	127.00
0.353960	127.00
0.353980	127.00
0.354000	127.00
0.354020	126.00
0.354040	126.00
0.354060	125.00
0.354080	124.00
0.354100	124.00
0.354120	124.00
0.354140	124.00
0.354160	125.00
0.354180	125.00
0.354200	125.00
0.354220	126.00
0.354240	127.00
0.354260	127.00
0.354280	125.00
0.354300	124.00
0.354320	124.00
0.354340	124.00
0.354360	125.00
0.354380	125.00
0.354400	124.00
0.354420	124.00
0.354440	125.00
0.354460	126.00
0.354480	126.00
0.354500	126.00
0.354520	125.00
0.354540	125.00
0.354560	125.00
0.354580	126.00
0.354600	127.00
0.354620	127.00
0.354640	127.00
0.354660	126.00
0.354680	125.00
0.354700	124.00
0.354720	123.00
0.354740	123.00
0.354760	125.00
0.354780	127.00
0.354800	127.00
0.354820	127.00
0.354840	126.00
0.354860	124.00
0.354880	123.00
0.354900	121.00
0.354920	120.00
0.354940	120.00
0.354960	121.00
0.354980	124.00
0.355000	126.00
0.355020	127.00
0.355040	127.00
0.355060	127.00
0.355080	126.00
0.355100	125.00
0.355120	124.00
0.355140	124.00
0.355160	124.00
0.355180	125.00
0.355200	126.00
0.355220	126.00
0.355240	126.00
0.355260	126.00
0.355280	126.00
0.355300	126.00
0.355320	126.00
0.355340	125.00
0.355360	125.00
0.355380	125.00
0.355400	126.00
0.355420	126.00
0.355440	126.00
0.355460	125.00
0.355480	125.00
0.355500	125.00
0.355520	125.00
0.355540	125.00
0.355560	126.00
0.355580	126.00
0.355600	127.00
0.355620	127.00
0.355640	127.00
0.355660	126.00
0.355680	126.00
0.355700	125.00
0.355720	124.00
0.355740	123.00
0.355760	123.00
0.355780	123.00
0.355800	124.00
0.355820	124.00
0.355840	125.00
0.355860	125.00
0.355880	125.00
0.355900	125.00
0.355920	124.00
0.355940	124.00
0.355960	124.00
0.355980	125.00
0.356000	125.00
0.356020	126.00
0.356040	126.00
0.356060	126.00
0.356080	126.00
0.356100	126.00
0.356120	126.00
0.356140	125.00
0.356160	124.00
0.356180	124.00
0.356200	124.00
0.356220	124.00
0.356240	126.00
0.356260	127.00
0.356280	127.00
0.356300	126.00
0.356320	126.00
0.356340	126.00
0.356360	126.00
0.356380	127.00
0.356400	127.00
0.356420	127.00
0.356440	127.00
0.356460	128.00
0.356480	127.00
0.356500	127.00
0.356520	126.00
0.356540	125.00
0.356560	124.00
0.356580	123.00
0.356600	123.00
0.356620	123.00
0.356640	124.00
0.356660	125.00
0.356680	126.00
0.356700	126.00
0.356720	125.00
0.356740	125.00
0.356760	124.00
0.356780	124.00
0.356800	125.00
0.356820	125.00
0.356840	125.00
0.356860	125.00
0.356880	125.00
0.356900	126.00
0.356920	127.00
0.356940	128.00
0.356960	128.00
0.356980	128.00
0.357000	128.00
0.357020	126.00
0.357040	125.00
0.357060	125.00
0.357080	126.00
0.357100	127.00
0.357120	127.00
0.357140	126.00
0.357160	125.00
0.357180	124.00
0.357200	124.00
0.357220	124.00
0.357240	124.00
0.357260	125.00
0.357280	126.00
0.357300	126.00
0.357320	127.00
0.357340	127.00
0.357360	126.00
0.357380	125.00
0.357400	125.00
0.357420	124.00
0.357440	124.00
0.357460	124.00
0.357480	124.00
0.357500	125.00
0.357520	126.00
0.357540	126.00
0.357560	126.00
0.357580	125.00
0.357600	125.00
0.357620	125.00
0.357640	125.00
0.357660	125.00
0.357680	124.00
0.357700	124.00
0.357720	125.00
0.357740	125.00
0.357760	126.00
0.357780	125.00
0.357800	124.00
0.357820	124.00
0.357840	124.00
0.357860	124.00
0.357880	124.00
0.357900	124.00
0.357920	124.00
0.357940	125.00
0.357960	126.00
0.357980	127.00
0.358000	127.00
0.358020	127.00
0.358040	127.00
0.358060	127.00
0.358080	127.00
0.358100	127.00
0.358120	126.00
0.358140	125.00
0.358160	126.00
0.358180	127.00
0.358200	127.00
0.358220	126.00
0.358240	125.00
0.358260	125.00
0.358280	126.00
0.358300	126.00
0.358320	127.00
0.358340	127.00
0.358360	126.00
0.358380	126.00
0.358400	127.00
0.358420	127.00
0.358440	127.00
0.358460	126.00
0.358480	126.00
0.358500	125.00
0.358520	125.00
0.358540	126.00
0.358560	126.00
0.358580	126.00
0.358600	125.00
0.358620	124.00
0.358640	124.00
0.358660	123.00
0.358680	123.00
0.358700	123.00
0.358720	123.00
0.358740	123.00
0.358760	123.00
0.358780	124.00
0.358800	124.00
0.358820	124.00
0.358840	125.00
0.358860	126.00
0.358880	126.00
0.358900	127.00
0.358920	126.00
0.358940	126.00
0.358960	125.00
0.358980	125.00
0.359000	125.00
0.359020	125.00
0.359040	125.00
0.359060	126.00
0.359080	126.00
0.359100	126.00
0.359120	125.00
0.359140	125.00
0.359160	125.00
0.359180	125.00
0.359200	126.00
0.359220	126.00
0.359240	127.00
0.359260	127.00
0.359280	128.00
0.359300	128.00
0.359320	127.00
0.359340	127.00
0.359360	126.00
0.359380	126.00
0.359400	127.00
0.359420	127.00
0.359440	126.00
0.359460	126.00
0.359480	125.00
0.359500	125.00
0.359520	125.00
0.359540	125.00
0.359560	126.00
0.359580	126.00
0.359600	125.00
0.359620	125.00
0.359640	125.00
0.359660	125.00
0.359680	125.00
0.359700	124.00
0.359720	124.00
0.359740	124.00
0.359760	124.00
0.359780	124.00
0.359800	124.00
0.359820	124.00
0.359840	125.00
0.359860	126.00
0.359880	127.00
0.359900	128.00
0.359920	128.00
0.359940	127.00
0.359960	126.00
0.359980	125.00
0.360000	124.00
0.360020	124.00
0.360040	124.00
0.360060	125.00
0.360080	125.00
0.360100	126.00
0.360120	126.00
0.360140	125.00
0.360160	126.00
0.360180	126.00
0.360200	127.00
0.360220	127.00
0.360240	126.00
0.360260	126.00
0.360280	126.00
0.360300	126.00
0.360320	126.00
0.360340	126.00
0.360360	125.00
0.360380	124.00
0.360400	124.00
0.360420	124.00
0.360440	124.00
0.360460	125.00
0.360480	126.00
0.360500	126.00
0.360520	126.00
0.360540	125.00
0.360560	125.00
0.360580	125.00
0.360600	125.00
0.360620	126.00
0.360640	125.00
0.360660	125.00
0.360680	125.00
0.360700	124.00
0.360720	124.00
0.360740	124.00
0.360760	125.00
0.360780	125.00
0.360800	126.00
0.360820	126.00
0.360840	125.00
0.360860	125.00
0.360880	125.00
0.360900	125.00
0.360920	124.00
0.360940	124.00
0.360960	124.00
0.360980	125.00
0.361000	125.00
0.361020	126.00
0.361040	126.00
0.361060	125.00
0.361080	125.00
0.361100	125.00
0.361120	126.00
0.361140	126.00
0.361160	125.00
0.361180	125.00
0.361200	124.00
0.361220	125.00
0.361240	125.00
0.361260	126.00
0.361280	126.00
0.361300	126.00
0.361320	126.00
0.361340	126.00
0.361360	125.00
0.361380	125.00
0.361400	125.00
0.361420	124.00
0.361440	124.00
0.361460	124.00
0.361480	124.00
0.361500	125.00
0.361520	125.00
0.361540	125.00
0.361560	126.00
0.361580	126.00
0.361600	125.00
0.361620	125.00
0.361640	124.00
0.361660	124.00
0.361680	124.00
0.361700	124.00
0.361720	124.00
0.361740	124.00
0.361760	124.00
0.361780	124.00
0.361800	124.00
0.361820	125.00
0.361840	126.00
0.361860	127.00
0.361880	128.00
0.361900	128.00
0.361920	128.00
0.361940	127.00
0.361960	126.00
0.361980	125.00
0.362000	125.00
0.362020	125.00
0.362040	126.00
0.362060	127.00
0.362080	128.00
0.362100	128.00
0.362120	127.00
0.362140	127.00
0.362160	126.00
0.362180	126.00
0.362200	126.00
0.362220	126.00
0.362240	127.00
0.362260	127.00
0.362280	126.00
0.362300	125.00
0.362320	125.00
0.362340	125.00
0.362360	126.00
0.362380	126.00
0.362400	126.00
0.362420	125.00
0.362440	124.00
0.362460	125.00
0.362480	125.00
0.362500	125.00
0.362520	125.00
0.362540	124.00
0.362560	124.00
0.362580	124.00
0.362600	125.00
0.362620	124.00
0.362640	124.00
0.362660	123.00
0.362680	124.00
0.362700	125.00
0.362720	126.00
0.362740	126.00
0.362760	126.00
0.362780	126.00
0.362800	126.00
0.362820	125.00
0.362840	125.00
0.362860	124.00
0.362880	125.00
0.362900	125.00
0.362920	126.00
0.362940	126.00
0.362960	125.00
0.362980	126.00
0.363000	126.00
0.363020	127.00
0.363040	127.00
0.363060	126.00
0.363080	125.00
0.363100	125.00
0.363120	125.00
0.363140	125.00
0.363160	126.00
0.363180	126.00
0.363200	127.00
0.363220	127.00
0.363240	127.00
0.363260	127.00
0.363280	126.00
0.363300	126.00
0.363320	125.00
0.363340	125.00
0.363360	124.00
0.363380	123.00
0.363400	123.00
0.363420	124.00
0.363440	125.00
0.363460	126.00
0.363480	127.00
0.363500	127.00
0.363520	126.00
0.363540	125.00
0.363560	125.00
0.363580	125.00
0.363600	125.00
0.363620	125.00
0.363640	125.00
0.363660	124.00
0.363680	125.00
0.363700	125.00
0.363720	125.00
0.363740	125.00
0.363760	125.00
0.363780	125.00
0.363800	125.00
0.363820	125.00
0.363840	125.00
0.363860	125.00
0.363880	125.00
0.363900	125.00
0.363920	125.00
0.363940	125.00
0.363960	125.00
0.363980	125.00
0.364000	126.00
0.364020	127.00
0.364040	127.00
0.364060	127.00
0.364080	127.00
0.364100	127.00
0.364120	127.00
0.364140	127.00
0.364160	126.00
0.364180	125.00
0.364200	125.00
0.364220	125.00
0.364240	125.00
0.364260	125.00
0.364280	125.00
0.364300	125.00
0.364320	125.00
0.364340	125.00
0.364360	125.00
0.364380	125.00
0.364400	124.00
0.364420	125.00
0.364440	125.00
0.364460	125.00
0.364480	126.00
0.364500	126.00
0.364520	125.00
0.364540	125.00
0.364560	124.00
0.364580	124.00
0.364600	124.00
0.364620	124.00
0.364640	125.00
0.364660	125.00
0.364680	125.00
0.364700	125.00
0.364720	125.00
0.364740	126.00
0.364760	126.00
0.364780	126.00
0.364800	125.00
0.364820	125.00
0.364840	126.00
0.364860	126.00
0.364880	126.00
0.364900	126.00
0.364920	126.00
0.364940	126.00
0.364960	127.00
0.364980	127.00
0.365000	127.00
0.365020	126.00
0.365040	126.00
0.365060	126.00
0.365080	127.00
0.365100	127.00
0.365120	126.00
0.365140	125.00
0.365160	125.00
0.365180	125.00
0.365200	126.00
0.365220	126.00
0.365240	125.00
0.365260	124.00
0.365280	124.00
0.365300	123.00
0.365320	124.00
0.365340	124.00
0.365360	124.00
0.365380	124.00
0.365400	124.00
0.365420	124.00
0.365440	124.00
0.365460	124.00
0.365480	125.00
0.365500	125.00
0.365520	125.00
0.365540	125.00
0.365560	126.00
0.365580	126.00
0.365600	126.00
0.365620	127.00
0.365640	127.00
0.365660	126.00
0.365680	126.00
0.365700	126.00
0.365720	126.00
0.365740	127.00
0.365760	127.00
0.365780	127.00
0.365800	126.00
0.365820	126.00
0.365840	126.00
0.365860	126.00
0.365880	126.00
0.365900	126.00
0.365920	126.00
0.365940	126.00
0.365960	127.00
0.365980	128.00
0.366000	128.00
0.366020	127.00
0.366040	126.00
0.366060	125.00
0.366080	124.00
0.366100	124.00
0.366120	123.00
0.366140	123.00
0.366160	123.00
0.366180	124.00
0.366200	125.00
0.366220	125.00
0.366240	125.00
0.366260	124.00
0.366280	123.00
0.366300	123.00
0.366320	123.00
0.366340	123.00
0.366360	123.00
0.366380	124.00
0.366400	124.00
0.366420	124.00
0.366440	124.00
0.366460	125.00
0.366480	125.00
0.366500	126.00
0.366520	126.00
0.366540	127.00
0.366560	127.00
0.366580	127.00
0.366600	128.00
0.366620	127.00
0.366640	127.00
0.366660	126.00
0.366680	126.00
0.366700	126.00
0.366720	126.00
0.366740	126.00
0.366760	126.00
0.366780	125.00
0.366800	125.00
0.366820	125.00
0.366840	124.00
0.366860	124.00
0.366880	124.00
0.366900	125.00
0.366920	125.00
0.366940	125.00
0.366960	125.00
0.366980	125.00
0.367000	125.00
0.367020	125.00
0.367040	125.00
0.367060	126.00
0.367080	126.00
0.367100	126.00
0.367120	125.00
0.367140	125.00
0.367160	124.00
0.367180	125.00
0.367200	126.00
0.367220	127.00
0.367240	127.00
0.367260	127.00
0.367280	126.00
0.367300	125.00
0.367320	125.00
0.367340	124.00
0.367360	124.00
0.367380	124.00
0.367400	124.00
0.367420	124.00
0.367440	123.00
0.367460	123.00
0.367480	123.00
0.367500	124.00
0.367520	125.00
0.367540	125.00
0.367560	125.00
0.367580	125.00
0.367600	126.00
0.367620	127.00
0.367640	128.00
0.367660	127.00
0.367680	126.00
0.367700	125.00
0.367720	126.00
0.367740	126.00
0.367760	126.00
0.367780	127.00
0.367800	127.00
0.367820	128.00
0.367840	127.00
0.367860	126.00
0.367880	126.00
0.367900	126.00
0.367920	126.00
0.367940	127.00
0.367960	127.00
0.367980	127.00
0.368000	127.00
0.368020	126.00
0.368040	126.00
0.368060	126.00
0.368080	125.00
0.368100	126.00
0.368120	126.00
0.368140	126.00
0.368160	125.00
0.368180	124.00
0.368200	123.00
0.368220	123.00
0.368240	124.00
0.368260	124.00
0.368280	125.00
0.368300	125.00
0.368320	125.00
0.368340	126.00
0.368360	125.00
0.368380	125.00
0.368400	124.00
0.368420	124.00
0.368440	125.00
0.368460	125.00
0.368480	125.00
0.368500	125.00
0.368520	125.00
0.368540	125.00
0.368560	126.00
0.368580	127.00
0.368600	127.00
0.368620	126.00
0.368640	126.00
0.368660	126.00
0.368680	126.00
0.368700	126.00
0.368720	126.00
0.368740	125.00
0.368760	124.00
0.368780	125.00
0.368800	126.00
0.368820	127.00
0.368840	127.00
0.368860	127.00
0.368880	127.00
0.368900	126.00
0.368920	126.00
0.368940	126.00
0.368960	126.00
0.368980	125.00
0.369000	125.00
0.369020	125.00
0.369040	124.00
0.369060	124.00
0.369080	124.00
0.369100	125.00
0.369120	125.00
0.369140	125.00
0.369160	125.00
0.369180	125.00
0.369200	124.00
0.369220	125.00
0.369240	125.00
0.369260	125.00
0.369280	125.00
0.369300	125.00
0.369320	125.00
0.369340	125.00
0.369360	125.00
0.369380	124.00
0.369400	124.00
0.369420	125.00
0.369440	126.00
0.369460	126.00
0.369480	127.00
0.369500	127.00
0.369520	127.00
0.369540	127.00
0.369560	126.00
0.369580	125.00
0.369600	124.00
0.369620	123.00
0.369640	123.00
0.369660	123.00
0.369680	123.00
0.369700	123.00
0.369720	124.00
0.369740	126.00
0.369760	126.00
0.369780	126.00
0.369800	125.00
0.369820	125.00
0.369840	125.00
0.369860	126.00
0.369880	126.00
0.369900	126.00
0.369920	126.00
0.369940	126.00
0.369960	126.00
0.369980	126.00
0.370000	126.00
0.370020	126.00
0.370040	126.00
0.370060	127.00
0.370080	127.00
0.370100	127.00
0.370120	126.00
0.370140	125.00
0.370160	124.00
0.370180	124.00
0.370200	124.00
0.370220	125.00
0.370240	124.00
0.370260	123.00
0.370280	123.00
0.370300	124.00
0.370320	125.00
0.370340	127.00
0.370360	127.00
0.370380	127.00
0.370400	126.00
0.370420	126.00
0.370440	127.00
0.370460	127.00
0.370480	127.00
0.370500	126.00
0.370520	125.00
0.370540	125.00
0.370560	124.00
0.370580	125.00
0.370600	126.00
0.370620	126.00
0.370640	126.00
0.370660	126.00
0.370680	126.00
0.370700	126.00
0.370720	126.00
0.370740	127.00
0.370760	127.00
0.370780	126.00
0.370800	125.00
0.370820	125.00
0.370840	125.00
0.370860	125.00
0.370880	126.00
0.370900	127.00
0.370920	127.00
0.370940	127.00
0.370960	126.00
0.370980	126.00
0.371000	126.00
0.371020	125.00
0.371040	125.00
0.371060	125.00
0.371080	125.00
0.371100	125.00
0.371120	126.00
0.371140	126.00
0.371160	126.00
0.371180	126.00
0.371200	125.00
0.371220	124.00
0.371240	123.00
0.371260	123.00
0.371280	124.00
0.371300	125.00
0.371320	125.00
0.371340	124.00
0.371360	123.00
0.371380	123.00
0.371400	124.00
0.371420	125.00
0.371440	126.00
0.371460	126.00
0.371480	127.00
0.371500	127.00
0.371520	127.00
0.371540	126.00
0.371560	125.00
0.371580	125.00
0.371600	125.00
0.371620	125.00
0.371640	125.00
0.371660	125.00
0.371680	125.00
0.371700	125.00
0.371720	126.00
0.371740	126.00
0.371760	127.00
0.371780	127.00
0.371800	127.00
0.371820	127.00
0.371840	127.00
0.371860	126.00
0.371880	125.00
0.371900	125.00
0.371920	125.00
0.371940	125.00
0.371960	124.00
0.371980	124.00
0.372000	125.00
0.372020	126.00
0.372040	126.00
0.372060	126.00
0.372080	126.00
0.372100	125.00
0.372120	124.00
0.372140	125.00
0.372160	125.00
0.372180	125.00
0.372200	124.00
0.372220	124.00
0.372240	124.00
0.372260	124.00
0.372280	125.00
0.372300	125.00
0.372320	124.00
0.372340	124.00
0.372360	124.00
0.372380	125.00
0.372400	126.00
0.372420	127.00
0.372440	126.00
0.372460	124.00
0.372480	123.00
0.372500	123.00
0.372520	124.00
0.372540	125.00
0.372560	125.00
0.372580	125.00
0.372600	125.00
0.372620	125.00
0.372640	126.00
0.372660	127.00
0.372680	127.00
0.372700	127.00
0.372720	126.00
0.372740	126.00
0.372760	125.00
0.372780	126.00
0.372800	126.00
0.372820	127.00
0.372840	127.00
0.372860	127.00
0.372880	126.00
0.372900	126.00
0.372920	126.00
0.372940	127.00
0.372960	127.00
0.372980	126.00
0.373000	126.00
0.373020	125.00
0.373040	125.00
0.373060	125.00
0.373080	125.00
0.373100	124.00
0.373120	124.00
0.373140	125.00
0.373160	125.00
0.373180	125.00
0.373200	125.00
0.373220	124.00
0.373240	124.00
0.373260	124.00
0.373280	124.00
0.373300	125.00
0.373320	125.00
0.373340	126.00
0.373360	126.00
0.373380	126.00
0.373400	125.00
0.373420	125.00
0.373440	124.00
0.373460	124.00
0.373480	124.00
0.373500	125.00
0.373520	126.00
0.373540	126.00
0.373560	126.00
0.373580	126.00
0.373600	126.00
0.373620	125.00
0.373640	125.00
0.373660	125.00
0.373680	126.00
0.373700	126.00
0.373720	126.00
0.373740	126.00
0.373760	125.00
0.373780	125.00
0.373800	125.00
0.373820	125.00
0.373840	125.00
0.373860	125.00
0.373880	125.00
0.373900	125.00
0.373920	125.00
0.373940	125.00
0.373960	124.00
0.373980	124.00
0.374000	123.00
0.374020	124.00
0.374040	124.00
0.374060	124.00
0.374080	124.00
0.374100	124.00
0.374120	124.00
0.374140	124.00
0.374160	124.00
0.374180	123.00
0.374200	124.00
0.374220	124.00
0.374240	125.00
0.374260	125.00
0.374280	125.00
0.374300	125.00
0.374320	125.00
0.374340	126.00
0.374360	127.00
0.374380	127.00
0.374400	127.00
0.374420	126.00
0.374440	125.00
0.374460	124.00
0.374480	124.00
0.374500	125.00
0.374520	125.00
0.374540	125.00
0.374560	123.00
0.374580	123.00
0.374600	123.00
0.374620	124.00
0.374640	125.00
0.374660	127.00
0.374680	128.00
0.374700	128.00
0.374720	128.00
0.374740	126.00
0.374760	125.00
0.374780	124.00
0.374800	124.00
0.374820	125.00
0.374840	126.00
0.374860	125.00
0.374880	124.00
0.374900	123.00
0.374920	124.00
0.374940	125.00
0.374960	125.00
0.374980	125.00
0.375000	124.00
0.375020	123.00
0.375040	123.00
0.375060	124.00
0.375080	124.00
0.375100	124.00
0.375120	124.00
0.375140	124.00
0.375160	125.00
0.375180	126.00
0.375200	126.00
0.375220	127.00
0.375240	127.00
0.375260	127.00
0.375280	126.00
0.375300	125.00
0.375320	125.00
0.375340	126.00
0.375360	127.00
0.375380	127.00
0.375400	128.00
0.375420	128.00
0.375440	128.00
0.375460	128.00
0.375480	128.00
0.375500	128.00
0.375520	128.00
0.375540	128.00
0.375560	128.00
0.375580	127.00
0.375600	127.00
0.375620	127.00
0.375640	127.00
0.375660	127.00
0.375680	126.00
0.375700	126.00
0.375720	126.00
0.375740	126.00
0.375760	126.00
0.375780	125.00
0.375800	124.00
0.375820	124.00
0.375840	125.00
0.375860	125.00
0.375880	125.00
0.375900	124.00
0.375920	124.00
0.375940	125.00
0.375960	125.00
0.375980	125.00
0.376000	124.00
0.376020	123.00
0.376040	122.00
0.376060	122.00
0.376080	123.00
0.376100	123.00
0.376120	124.00
0.376140	124.00
0.376160	124.00
0.376180	123.00
0.376200	124.00
0.376220	124.00
0.376240	125.00
0.376260	126.00
0.376280	126.00
0.376300	125.00
0.376320	125.00
0.376340	125.00
0.376360	125.00
0.376380	126.00
0.376400	126.00
0.376420	126.00
0.376440	126.00
0.376460	126.00
0.376480	127.00
0.376500	127.00
0.376520	127.00
0.376540	126.00
0.376560	126.00
0.376580	126.00
0.376600	125.00
0.376620	125.00
0.376640	125.00
0.376660	125.00
0.376680	126.00
0.376700	126.00
0.376720	127.00
0.376740	126.00
0.376760	125.00
0.376780	124.00
0.376800	124.00
0.376820	125.00
0.376840	126.00
0.376860	126.00
0.376880	126.00
0.376900	125.00
0.376920	125.00
0.376940	124.00
0.376960	124.00
0.376980	124.00
0.377000	124.00
0.377020	125.00
0.377040	126.00
0.377060	126.00
0.377080	126.00
0.377100	125.00
0.377120	125.00
0.377140	124.00
0.377160	124.00
0.377180	124.00
0.377200	125.00
0.377220	126.00
0.377240	126.00
0.377260	127.00
0.377280	126.00
0.377300	126.00
0.377320	126.00
0.377340	126.00
0.377360	126.00
0.377380	125.00
0.377400	124.00
0.377420	124.00
0.377440	125.00
0.377460	127.00
0.377480	127.00
0.377500	127.00
0.377520	126.00
0.377540	126.00
0.377560	126.00
0.377580	127.00
0.377600	127.00
0.377620	126.00
0.377640	126.00
0.377660	125.00
0.377680	126.00
0.377700	126.00
0.377720	126.00
0.377740	126.00
0.377760	125.00
0.377780	126.00
0.377800	126.00
0.377820	127.00
0.377840	126.00
0.377860	125.00
0.377880	125.00
0.377900	124.00
0.377920	124.00
0.377940	124.00
0.377960	124.00
0.377980	125.00
0.378000	125.00
0.378020	125.00
0.378040	125.00
0.378060	124.00
0.378080	124.00
0.378100	124.00
0.378120	125.00
0.378140	126.00
0.378160	125.00
0.378180	124.00
0.378200	123.00
0.378220	123.00
0.378240	124.00
0.378260	125.00
0.378280	126.00
0.378300	126.00
0.378320	125.00
0.378340	125.00
0.378360	125.00
0.378380	126.00
0.378400	126.00
0.378420	126.00
0.378440	126.00
0.378460	126.00
0.378480	125.00
0.378500	125.00
0.378520	126.00
0.378540	126.00
0.378560	127.00
0.378580	126.00
0.378600	125.00
0.378620	124.00
0.378640	124.00
0.378660	123.00
0.378680	124.00
0.378700	124.00
0.378720	125.00
0.378740	126.00
0.378760	126.00
0.378780	127.00
0.378800	127.00
0.378820	126.00
0.378840	126.00
0.378860	125.00
0.378880	124.00
0.378900	124.00
0.378920	125.00
0.378940	125.00
0.378960	125.00
0.378980	125.00
0.379000	125.00
0.379020	125.00
0.379040	125.00
0.379060	125.00
0.379080	125.00
0.379100	125.00
0.379120	125.00
0.379140	125.00
0.379160	125.00
0.379180	125.00
0.379200	125.00
0.379220	125.00
0.379240	125.00
0.379260	125.00
0.379280	124.00
0.379300	124.00
0.379320	123.00
0.379340	124.00
0.379360	125.00
0.379380	126.00
0.379400	126.00
0.379420	126.00
0.379440	126.00
0.379460	126.00
0.379480	127.00
0.379500	128.00
0.379520	128.00
0.379540	128.00
0.379560	127.00
0.379580	127.00
0.379600	126.00
0.379620	126.00
0.379640	126.00
0.379660	126.00
0.379680	126.00
0.379700	126.00
0.379720	126.00
0.379740	126.00
0.379760	126.00
0.379780	125.00
0.379800	125.00
0.379820	124.00
0.379840	124.00
0.379860	123.00
0.379880	123.00
0.379900	124.00
0.379920	125.00
0.379940	126.00
0.379960	125.00
0.379980	125.00
0.380000	124.00
0.380020	124.00
0.380040	125.00
0.380060	125.00
0.380080	125.00
0.380100	125.00
0.380120	125.00
0.380140	126.00
0.380160	127.00
0.380180	127.00
0.380200	127.00
0.380220	126.00
0.380240	126.00
0.380260	126.00
0.380280	126.00
0.380300	126.00
0.380320	126.00
0.380340	126.00
0.380360	126.00
0.380380	126.00
0.380400	126.00
0.380420	125.00
0.380440	126.00
0.380460	127.00
0.380480	127.00
0.380500	127.00
0.380520	126.00
0.380540	125.00
0.380560	124.00
0.380580	124.00
0.380600	124.00
0.380620	125.00
0.380640	126.00
0.380660	126.00
0.380680	125.00
0.380700	125.00
0.380720	125.00
0.380740	125.00
0.380760	124.00
0.380780	124.00
0.380800	123.00
0.380820	123.00
0.380840	123.00
0.380860	125.00
0.380880	126.00
0.380900	126.00
0.380920	125.00
0.380940	125.00
0.380960	125.00
0.380980	125.00
0.381000	125.00
0.381020	125.00
0.381040	126.00
0.381060	127.00
0.381080	128.00
0.381100	128.00
0.381120	127.00
0.381140	126.00
0.381160	125.00
0.381180	125.00
0.381200	126.00
0.381220	125.00
0.381240	125.00
0.381260	125.00
0.381280	125.00
0.381300	126.00
0.381320	126.00
0.381340	126.00
0.381360	126.00
0.381380	125.00
0.381400	125.00
0.381420	125.00
0.381440	126.00
0.381460	126.00
0.381480	126.00
0.381500	126.00
0.381520	126.00
0.381540	127.00
0.381560	128.00
0.381580	128.00
0.381600	126.00
0.381620	125.00
0.381640	123.00
0.381660	123.00
0.381680	123.00
0.381700	124.00
0.381720	124.00
0.381740	125.00
0.381760	126.00
0.381780	128.00
0.381800	128.00
0.381820	127.00
0.381840	126.00
0.381860	126.00
0.381880	125.00
0.381900	124.00
0.381920	123.00
0.381940	122.00
0.381960	123.00
0.381980	125.00
0.382000	126.00
0.382020	126.00
0.382040	125.00
0.382060	124.00
0.382080	125.00
0.382100	126.00
0.382120	127.00
0.382140	127.00
0.382160	126.00
0.382180	126.00
0.382200	125.00
0.382220	125.00
0.382240	125.00
0.382260	125.00
0.382280	125.00
0.382300	125.00
0.382320	126.00
0.382340	126.00
0.382360	126.00
0.382380	126.00
0.382400	126.00
0.382420	126.00
0.382440	127.00
0.382460	127.00
0.382480	127.00
0.382500	126.00
0.382520	126.00
0.382540	126.00
0.382560	125.00
0.382580	125.00
0.382600	125.00
0.382620	125.00
0.382640	125.00
0.382660	125.00
0.382680	125.00
0.382700	125.00
0.382720	125.00
0.382740	124.00
0.382760	123.00
0.382780	123.00
0.382800	123.00
0.382820	124.00
0.382840	125.00
0.382860	125.00
0.382880	125.00
0.382900	125.00
0.382920	124.00
0.382940	124.00
0.382960	124.00
0.382980	125.00
0.383000	125.00
0.383020	125.00
0.383040	125.00
0.383060	125.00
0.383080	124.00
0.383100	124.00
0.383120	123.00
0.383140	123.00
0.383160	123.00
0.383180	124.00
0.383200	125.00
0.383220	125.00
0.383240	125.00
0.383260	125.00
0.383280	125.00
0.383300	127.00
0.383320	128.00
0.383340	129.00
0.383360	128.00
0.383380	128.00
0.383400	127.00
0.383420	126.00
0.383440	126.00
0.383460	125.00
0.383480	125.00
0.383500	125.00
0.383520	125.00
0.383540	125.00
0.383560	125.00
0.383580	124.00
0.383600	124.00
0.383620	123.00
0.383640	123.00
0.383660	123.00
0.383680	124.00
0.383700	126.00
0.383720	126.00
0.383740	126.00
0.383760	126.00
0.383780	126.00
