0.303800	101.00
0.303820	49.00
0.303840	102.00
0.303860	142.00
0.303880	146.00
0.303900	127.00
0.303920	114.00
0.303940	119.00
0.303960	131.00
0.303980	134.00
0.304000	126.00
0.304020	119.00
0.304040	123.00
0.304060	131.00
0.304080	133.00
0.304100	127.00
0.304120	122.00
0.304140	123.00
0.304160	128.00
0.304180	128.00
0.304200	123.00
0.304220	119.00
0.304240	121.00
0.304260	125.00
0.304280	127.00
0.304300	124.00
0.304320	122.00
0.304340	124.00
0.304360	128.00
0.304380	130.00
0.304400	127.00
0.304420	125.00
0.304440	125.00
0.304460	127.00
0.304480	127.00
0.304500	125.00
0.304520	124.00
0.304540	125.00
0.304560	128.00
0.304580	127.00
0.304600	125.00
0.304620	122.00
0.304640	123.00
0.304660	125.00
0.304680	125.00
0.304700	124.00
0.304720	122.00
0.304740	124.00
0.304760	126.00
0.304780	127.00
0.304800	126.00
0.304820	124.00
0.304840	124.00
0.304860	126.00
0.304880	127.00
0.304900	125.00
0.304920	123.00
0.304940	123.00
0.304960	125.00
0.304980	126.00
0.305000	126.00
0.305020	125.00
0.305040	125.00
0.305060	126.00
0.305080	126.00
0.305100	125.00
0.305120	124.00
0.305140	124.00
0.305160	125.00
0.305180	126.00
0.305200	126.00
0.305220	125.00
0.305240	126.00
0.305260	127.00
0.305280	127.00
0.305300	126.00
0.305320	125.00
0.305340	125.00
0.305360	127.00
0.305380	128.00
0.305400	128.00
0.305420	126.00
0.305440	126.00
0.305460	126.00
0.305480	126.00
0.305500	125.00
0.305520	124.00
0.305540	125.00
0.305560	126.00
0.305580	126.00
0.305600	126.00
0.305620	125.00
0.305640	125.00
0.305660	125.00
0.305680	124.00
0.305700	124.00
0.305720	124.00
0.305740	125.00
0.305760	126.00
0.305780	126.00
0.305800	125.00
0.305820	124.00
0.305840	124.00
0.305860	125.00
0.305880	124.00
0.305900	123.00
0.305920	123.00
0.305940	123.00
0.305960	125.00
0.305980	125.00
0.306000	125.00
0.306020	125.00
0.306040	126.00
0.306060	127.00
0.306080	127.00
0.306100	126.00
0.306120	125.00
0.306140	125.00
0.306160	126.00
0.306180	127.00
0.306200	126.00
0.306220	126.00
0.306240	126.00
0.306260	126.00
0.306280	126.00
0.306300	126.00
0.306320	127.00
0.306340	128.00
0.306360	128.00
0.306380	127.00
0.306400	125.00
0.306420	124.00
0.306440	125.00
0.306460	126.00
0.306480	127.00
0.306500	127.00
0.306520	126.00
0.306540	126.00
0.306560	126.00
0.306580	125.00
0.306600	124.00
0.306620	123.00
0.306640	124.00
0.306660	125.00
0.306680	125.00
0.306700	124.00
0.306720	123.00
0.306740	123.00
0.306760	124.00
0.306780	125.00
0.306800	125.00
0.306820	125.00
0.306840	125.00
0.306860	125.00
0.306880	125.00
0.306900	125.00
0.306920	125.00
0.306940	125.00
0.306960	126.00
0.306980	126.00
0.307000	125.00
0.307020	125.00
0.307040	125.00
0.307060	126.00
0.307080	126.00
0.307100	125.00
0.307120	124.00
0.307140	124.00
0.307160	126.00
0.307180	126.00
0.307200	126.00
0.307220	125.00
0.307240	125.00
0.307260	125.00
0.307280	126.00
0.307300	125.00
0.307320	125.00
0.307340	126.00
0.307360	126.00
0.307380	126.00
0.307400	126.00
0.307420	125.00
0.307440	125.00
0.307460	126.00
0.307480	126.00
0.307500	125.00
0.307520	125.00
0.307540	126.00
0.307560	127.00
0.307580	127.00
0.307600	126.00
0.307620	126.00
0.307640	126.00
0.307660	126.00
0.307680	126.00
0.307700	125.00
0.307720	125.00
0.307740	125.00
0.307760	125.00
0.307780	125.00
0.307800	125.00
0.307820	125.00
0.307840	125.00
0.307860	126.00
0.307880	126.00
0.307900	125.00
0.307920	125.00
0.307940	126.00
0.307960	126.00
0.307980	126.00
0.308000	124.00
0.308020	124.00
0.308040	125.00
0.308060	126.00
0.308080	126.00
0.308100	125.00
0.308120	124.00
0.308140	125.00
0.308160	126.00
0.308180	126.00
0.308200	125.00
0.308220	125.00
0.308240	125.00
0.308260	126.00
0.308280	127.00
0.308300	127.00
0.308320	127.00
0.308340	126.00
0.308360	126.00
0.308380	126.00
0.308400	125.00
0.308420	125.00
0.308440	126.00
0.308460	126.00
0.308480	125.00
0.308500	124.00
0.308520	123.00
0.308540	124.00
0.308560	125.00
0.308580	125.00
0.308600	125.00
0.308620	124.00
0.308640	124.00
0.308660	124.00
0.308680	124.00
0.308700	125.00
0.308720	125.00
0.308740	126.00
0.308760	127.00
0.308780	127.00
0.308800	126.00
0.308820	125.00
0.308840	125.00
0.308860	125.00
0.308880	125.00
0.308900	124.00
0.308920	124.00
0.308940	124.00
0.308960	124.00
0.308980	124.00
0.309000	124.00
0.309020	124.00
0.309040	125.00
0.309060	126.00
0.309080	126.00
0.309100	126.00
0.309120	125.00
0.309140	125.00
0.309160	126.00
0.309180	127.00
0.309200	128.00
0.309220	128.00
0.309240	128.00
0.309260	127.00
0.309280	127.00
0.309300	126.00
0.309320	126.00
0.309340	126.00
0.309360	126.00
0.309380	126.00
0.309400	126.00
0.309420	125.00
0.309440	125.00
0.309460	126.00
0.309480	126.00
0.309500	126.00
0.309520	125.00
0.309540	125.00
0.309560	125.00
0.309580	125.00
0.309600	125.00
0.309620	125.00
0.309640	125.00
0.309660	126.00
0.309680	125.00
0.309700	123.00
0.309720	123.00
0.309740	125.00
0.309760	126.00
0.309780	127.00
0.309800	126.00
0.309820	126.00
0.309840	126.00
0.309860	127.00
0.309880	127.00
0.309900	126.00
0.309920	124.00
0.309940	124.00
0.309960	124.00
0.309980	124.00
0.310000	124.00
0.310020	124.00
0.310040	125.00
0.310060	127.00
0.310080	127.00
0.310100	127.00
0.310120	126.00
0.310140	126.00
0.310160	127.00
0.310180	127.00
0.310200	127.00
0.310220	127.00
0.310240	126.00
0.310260	126.00
0.310280	126.00
0.310300	125.00
0.310320	124.00
0.310340	123.00
0.310360	123.00
0.310380	124.00
0.310400	125.00
0.310420	125.00
0.310440	125.00
0.310460	125.00
0.310480	125.00
0.310500	125.00
0.310520	125.00
0.310540	125.00
0.310560	125.00
0.310580	125.00
0.310600	125.00
0.310620	124.00
0.310640	124.00
0.310660	124.00
0.310680	125.00
0.310700	125.00
0.310720	126.00
0.310740	126.00
0.310760	125.00
0.310780	125.00
0.310800	125.00
0.310820	125.00
0.310840	125.00
0.310860	125.00
0.310880	125.00
0.310900	124.00
0.310920	123.00
0.310940	124.00
0.310960	124.00
0.310980	124.00
0.311000	125.00
0.311020	125.00
0.311040	126.00
0.311060	127.00
0.311080	127.00
0.311100	127.00
0.311120	127.00
0.311140	127.00
0.311160	127.00
0.311180	127.00
0.311200	127.00
0.311220	127.00
0.311240	127.00
0.311260	127.00
0.311280	127.00
0.311300	126.00
0.311320	125.00
0.311340	124.00
0.311360	124.00
0.311380	124.00
0.311400	124.00
0.311420	125.00
0.311440	127.00
0.311460	128.00
0.311480	128.00
0.311500	128.00
0.311520	127.00
0.311540	126.00
0.311560	124.00
0.311580	121.00
0.311600	120.00
0.311620	121.00
0.311640	123.00
0.311660	125.00
0.311680	127.00
0.311700	127.00
0.311720	126.00
0.311740	126.00
0.311760	125.00
0.311780	124.00
0.311800	123.00
0.311820	123.00
0.311840	124.00
0.311860	126.00
0.311880	127.00
0.311900	129.00
0.311920	129.00
0.311940	130.00
0.311960	130.00
0.311980	129.00
0.312000	126.00
0.312020	124.00
0.312040	122.00
0.312060	121.00
0.312080	122.00
0.312100	123.00
0.312120	125.00
0.312140	128.00
0.312160	131.00
0.312180	134.00
0.312200	133.00
0.312220	131.00
0.312240	128.00
0.312260	124.00
0.312280	121.00
0.312300	120.00
0.312320	121.00
0.312340	124.00
0.312360	126.00
0.312380	128.00
0.312400	128.00
0.312420	129.00
0.312440	128.00
0.312460	127.00
0.312480	123.00
0.312500	120.00
0.312520	117.00
0.312540	117.00
0.312560	120.00
0.312580	124.00
0.312600	129.00
0.312620	134.00
0.312640	137.00
0.312660	136.00
0.312680	132.00
0.312700	126.00
0.312720	119.00
0.312740	115.00
0.312760	115.00
0.312780	119.00
0.312800	123.00
0.312820	126.00
0.312840	126.00
0.312860	123.00
0.312880	120.00
0.312900	121.00
0.312920	129.00
0.312940	139.00
0.312960	149.00
0.312980	151.00
0.313000	144.00
0.313020	128.00
0.313040	109.00
0.313060	92.00
0.313080	82.00
0.313100	84.00
0.313120	100.00
0.313140	127.00
0.313160	154.00
0.313180	175.00
0.313200	183.00
0.313220	176.00
0.313240	157.00
0.313260	129.00
0.313280	98.00
0.313300	74.00
0.313320	63.00
0.313340	68.00
0.313360	89.00
0.313380	119.00
0.313400	149.00
0.313420	172.00
0.313440	184.00
0.313460	182.00
0.313480	166.00
0.313500	142.00
0.313520	113.00
0.313540	87.00
0.313560	66.00
0.313580	53.00
0.313600	52.00
0.313620	67.00
0.313640	100.00
0.313660	143.00
0.313680	186.00
0.313700	217.00
0.313720	228.00
0.313740	216.00
0.313760	181.00
0.313780	132.00
0.313800	77.00
0.313820	31.00
0.313840	5.00
0.313860	5.00
0.313880	31.00
0.313900	75.00
0.313920	129.00
0.313940	180.00
0.313960	219.00
0.313980	238.00
0.314000	233.00
0.314020	207.00
0.314040	163.00
0.314060	109.00
0.314080	56.00
0.314100	17.00
0.314120	1.00
0.314140	15.00
0.314160	54.00
0.314180	106.00
0.314200	158.00
0.314220	198.00
0.314240	218.00
0.314260	218.00
0.314280	198.00
0.314300	164.00
0.314320	124.00
0.314340	90.00
0.314360	68.00
0.314380	61.00
0.314400	68.00
0.314420	84.00
0.314440	105.00
0.314460	125.00
0.314480	139.00
0.314500	146.00
0.314520	147.00
0.314540	146.00
0.314560	145.00
0.314580	144.00
0.314600	142.00
0.314620	136.00
0.314640	126.00
0.314660	114.00
0.314680	104.00
0.314700	98.00
0.314720	98.00
0.314740	105.00
0.314760	117.00
0.314780	131.00
0.314800	143.00
0.314820	150.00
0.314840	151.00
0.314860	145.00
0.314880	135.00
0.314900	123.00
0.314920	112.00
0.314940	105.00
0.314960	105.00
0.314980	111.00
0.315000	120.00
0.315020	131.00
0.315040	140.00
0.315060	146.00
0.315080	146.00
0.315100	142.00
0.315120	133.00
0.315140	122.00
0.315160	112.00
0.315180	104.00
0.315200	102.00
0.315220	106.00
0.315240	114.00
0.315260	125.00
0.315280	135.00
0.315300	143.00
0.315320	148.00
0.315340	147.00
0.315360	142.00
0.315380	132.00
0.315400	121.00
0.315420	110.00
0.315440	103.00
0.315460	101.00
0.315480	105.00
0.315500	113.00
0.315520	124.00
0.315540	135.00
0.315560	143.00
0.315580	146.00
0.315600	144.00
0.315620	138.00
0.315640	130.00
0.315660	122.00
0.315680	114.00
0.315700	108.00
0.315720	107.00
0.315740	111.00
0.315760	120.00
0.315780	130.00
0.315800	139.00
0.315820	144.00
0.315840	144.00
0.315860	139.00
0.315880	132.00
0.315900	122.00
0.315920	114.00
0.315940	110.00
0.315960	109.00
0.315980	112.00
0.316000	116.00
0.316020	122.00
0.316040	128.00
0.316060	135.00
0.316080	139.00
0.316100	140.00
0.316120	138.00
0.316140	134.00
0.316160	130.00
0.316180	125.00
0.316200	120.00
0.316220	115.00
0.316240	112.00
0.316260	112.00
0.316280	115.00
0.316300	120.00
0.316320	125.00
0.316340	130.00
0.316360	134.00
0.316380	136.00
0.316400	136.00
0.316420	135.00
0.316440	131.00
0.316460	126.00
0.316480	121.00
0.316500	117.00
0.316520	115.00
0.316540	115.00
0.316560	117.00
0.316580	121.00
0.316600	126.00
0.316620	131.00
0.316640	134.00
0.316660	136.00
0.316680	136.00
0.316700	132.00
0.316720	128.00
0.316740	122.00
0.316760	118.00
0.316780	115.00
0.316800	115.00
0.316820	116.00
0.316840	121.00
0.316860	126.00
0.316880	131.00
0.316900	134.00
0.316920	135.00
0.316940	134.00
0.316960	131.00
0.316980	128.00
0.317000	124.00
0.317020	120.00
0.317040	118.00
0.317060	117.00
0.317080	117.00
0.317100	119.00
0.317120	121.00
0.317140	124.00
0.317160	128.00
0.317180	130.00
0.317200	131.00
0.317220	131.00
0.317240	130.00
0.317260	129.00
0.317280	127.00
0.317300	125.00
0.317320	123.00
0.317340	121.00
0.317360	120.00
0.317380	121.00
0.317400	122.00
0.317420	125.00
0.317440	126.00
0.317460	128.00
0.317480	129.00
0.317500	129.00
0.317520	129.00
0.317540	129.00
0.317560	128.00
0.317580	126.00
0.317600	125.00
0.317620	125.00
0.317640	124.00
0.317660	123.00
0.317680	122.00
0.317700	121.00
0.317720	121.00
0.317740	123.00
0.317760	126.00
0.317780	128.00
0.317800	129.00
0.317820	129.00
0.317840	129.00
0.317860	129.00
0.317880	128.00
0.317900	126.00
0.317920	124.00
0.317940	123.00
0.317960	123.00
0.317980	124.00
0.318000	125.00
0.318020	126.00
0.318040	126.00
0.318060	126.00
0.318080	126.00
0.318100	125.00
0.318120	124.00
0.318140	123.00
0.318160	123.00
0.318180	123.00
0.318200	124.00
0.318220	124.00
0.318240	125.00
0.318260	125.00
0.318280	125.00
0.318300	126.00
0.318320	127.00
0.318340	127.00
0.318360	126.00
0.318380	124.00
0.318400	122.00
0.318420	122.00
0.318440	123.00
0.318460	125.00
0.318480	126.00
0.318500	127.00
0.318520	129.00
0.318540	131.00
0.318560	132.00
0.318580	131.00
0.318600	129.00
0.318620	126.00
0.318640	124.00
0.318660	123.00
0.318680	123.00
0.318700	123.00
0.318720	124.00
0.318740	125.00
0.318760	127.00
0.318780	128.00
0.318800	128.00
0.318820	127.00
0.318840	126.00
0.318860	126.00
0.318880	125.00
0.318900	124.00
0.318920	124.00
0.318940	124.00
0.318960	125.00
0.318980	126.00
0.319000	126.00
0.319020	126.00
0.319040	125.00
0.319060	125.00
0.319080	125.00
0.319100	124.00
0.319120	124.00
0.319140	124.00
0.319160	125.00
0.319180	126.00
0.319200	127.00
0.319220	128.00
0.319240	128.00
0.319260	127.00
0.319280	126.00
0.319300	125.00
0.319320	123.00
0.319340	123.00
0.319360	123.00
0.319380	124.00
0.319400	125.00
0.319420	125.00
0.319440	125.00
0.319460	125.00
0.319480	126.00
0.319500	127.00
0.319520	127.00
0.319540	127.00
0.319560	126.00
0.319580	126.00
0.319600	125.00
0.319620	125.00
0.319640	125.00
0.319660	125.00
0.319680	126.00
0.319700	126.00
0.319720	126.00
0.319740	126.00
0.319760	126.00
0.319780	127.00
0.319800	128.00
0.319820	128.00
0.319840	128.00
0.319860	128.00
0.319880	126.00
0.319900	125.00
0.319920	125.00
0.319940	125.00
0.319960	125.00
0.319980	125.00
0.320000	125.00
0.320020	125.00
0.320040	125.00
0.320060	125.00
0.320080	126.00
0.320100	126.00
0.320120	125.00
0.320140	124.00
0.320160	124.00
0.320180	123.00
0.320200	123.00
0.320220	124.00
0.320240	124.00
0.320260	124.00
0.320280	125.00
0.320300	125.00
0.320320	126.00
0.320340	127.00
0.320360	128.00
0.320380	128.00
0.320400	127.00
0.320420	126.00
0.320440	126.00
0.320460	126.00
0.320480	127.00
0.320500	126.00
0.320520	125.00
0.320540	124.00
0.320560	124.00
0.320580	125.00
0.320600	126.00
0.320620	126.00
0.320640	126.00
0.320660	126.00
0.320680	125.00
0.320700	125.00
0.320720	124.00
0.320740	124.00
0.320760	124.00
0.320780	124.00
0.320800	124.00
0.320820	124.00
0.320840	125.00
0.320860	126.00
0.320880	127.00
0.320900	128.00
0.320920	128.00
0.320940	128.00
0.320960	127.00
0.320980	126.00
0.321000	126.00
0.321020	125.00
0.321040	125.00
0.321060	125.00
0.321080	125.00
0.321100	125.00
0.321120	126.00
0.321140	127.00
0.321160	126.00
0.321180	126.00
0.321200	125.00
0.321220	124.00
0.321240	124.00
0.321260	124.00
0.321280	124.00
0.321300	124.00
0.321320	124.00
0.321340	125.00
0.321360	126.00
0.321380	126.00
0.321400	126.00
0.321420	126.00
0.321440	127.00
0.321460	129.00
0.321480	129.00
0.321500	128.00
0.321520	127.00
0.321540	125.00
0.321560	125.00
0.321580	124.00
0.321600	124.00
0.321620	124.00
0.321640	124.00
0.321660	126.00
0.321680	127.00
0.321700	127.00
0.321720	127.00
0.321740	126.00
0.321760	126.00
0.321780	126.00
0.321800	125.00
0.321820	125.00
0.321840	126.00
0.321860	126.00
0.321880	126.00
0.321900	125.00
0.321920	124.00
0.321940	124.00
0.321960	126.00
0.321980	127.00
0.322000	127.00
0.322020	126.00
0.322040	124.00
0.322060	124.00
0.322080	123.00
0.322100	123.00
0.322120	124.00
0.322140	124.00
0.322160	124.00
0.322180	125.00
0.322200	124.00
0.322220	124.00
0.322240	125.00
0.322260	126.00
0.322280	126.00
0.322300	126.00
0.322320	125.00
0.322340	124.00
0.322360	124.00
0.322380	125.00
0.322400	124.00
0.322420	124.00
0.322440	124.00
0.322460	124.00
0.322480	125.00
0.322500	125.00
0.322520	125.00
0.322540	125.00
0.322560	125.00
0.322580	125.00
0.322600	126.00
0.322620	127.00
0.322640	128.00
0.322660	129.00
0.322680	129.00
0.322700	128.00
0.322720	126.00
0.322740	124.00
0.322760	124.00
0.322780	124.00
0.322800	126.00
0.322820	127.00
0.322840	128.00
0.322860	128.00
0.322880	128.00
0.322900	128.00
0.322920	127.00
0.322940	126.00
0.322960	125.00
0.322980	124.00
0.323000	123.00
0.323020	122.00
0.323040	122.00
0.323060	123.00
0.323080	124.00
0.323100	124.00
0.323120	125.00
0.323140	125.00
0.323160	125.00
0.323180	124.00
0.323200	123.00
0.323220	123.00
0.323240	123.00
0.323260	124.00
0.323280	124.00
0.323300	124.00
0.323320	124.00
0.323340	125.00
0.323360	126.00
0.323380	128.00
0.323400	128.00
0.323420	127.00
0.323440	127.00
0.323460	127.00
0.323480	127.00
0.323500	126.00
0.323520	125.00
0.323540	125.00
0.323560	125.00
0.323580	126.00
0.323600	126.00
0.323620	126.00
0.323640	126.00
0.323660	126.00
0.323680	126.00
0.323700	126.00
0.323720	126.00
0.323740	126.00
0.323760	126.00
0.323780	126.00
0.323800	126.00
0.323820	125.00
0.323840	125.00
0.323860	125.00
0.323880	125.00
0.323900	125.00
0.323920	125.00
0.323940	124.00
0.323960	124.00
0.323980	124.00
0.324000	124.00
0.324020	124.00
0.324040	124.00
0.324060	124.00
0.324080	124.00
0.324100	124.00
0.324120	124.00
0.324140	125.00
0.324160	126.00
0.324180	126.00
0.324200	126.00
0.324220	124.00
0.324240	123.00
0.324260	123.00
0.324280	123.00
0.324300	124.00
0.324320	124.00
0.324340	125.00
0.324360	125.00
0.324380	126.00
0.324400	125.00
0.324420	125.00
0.324440	125.00
0.324460	126.00
0.324480	126.00
0.324500	126.00
0.324520	126.00
0.324540	126.00
0.324560	126.00
0.324580	126.00
0.324600	126.00
0.324620	125.00
0.324640	125.00
0.324660	126.00
0.324680	128.00
0.324700	128.00
0.324720	127.00
0.324740	126.00
0.324760	126.00
0.324780	127.00
0.324800	126.00
0.324820	126.00
0.324840	125.00
0.324860	125.00
0.324880	125.00
0.324900	125.00
0.324920	124.00
0.324940	124.00
0.324960	124.00
0.324980	124.00
0.325000	125.00
0.325020	125.00
0.325040	126.00
0.325060	127.00
0.325080	128.00
0.325100	128.00
0.325120	127.00
0.325140	125.00
0.325160	124.00
0.325180	124.00
0.325200	124.00
0.325220	124.00
0.325240	125.00
0.325260	126.00
0.325280	127.00
0.325300	127.00
0.325320	127.00
0.325340	127.00
0.325360	127.00
0.325380	127.00
0.325400	126.00
0.325420	125.00
0.325440	124.00
0.325460	124.00
0.325480	124.00
0.325500	124.00
0.325520	123.00
0.325540	122.00
0.325560	123.00
0.325580	125.00
0.325600	126.00
0.325620	127.00
0.325640	127.00
0.325660	127.00
0.325680	126.00
0.325700	126.00
0.325720	125.00
0.325740	126.00
0.325760	126.00
0.325780	126.00
0.325800	127.00
0.325820	127.00
0.325840	126.00
0.325860	125.00
0.325880	125.00
0.325900	124.00
0.325920	124.00
0.325940	125.00
0.325960	125.00
0.325980	125.00
0.326000	125.00
0.326020	125.00
0.326040	125.00
0.326060	126.00
0.326080	126.00
0.326100	126.00
0.326120	125.00
0.326140	125.00
0.326160	125.00
0.326180	125.00
0.326200	125.00
0.326220	125.00
0.326240	125.00
0.326260	125.00
0.326280	126.00
0.326300	126.00
0.326320	126.00
0.326340	126.00
0.326360	126.00
0.326380	128.00
0.326400	128.00
0.326420	128.00
0.326440	126.00
0.326460	125.00
0.326480	125.00
0.326500	125.00
0.326520	125.00
0.326540	125.00
0.326560	125.00
0.326580	126.00
0.326600	126.00
0.326620	127.00
0.326640	127.00
0.326660	126.00
0.326680	126.00
0.326700	125.00
0.326720	125.00
0.326740	125.00
0.326760	126.00
0.326780	126.00
0.326800	127.00
0.326820	126.00
0.326840	125.00
0.326860	124.00
0.326880	124.00
0.326900	124.00
0.326920	125.00
0.326940	124.00
0.326960	124.00
0.326980	124.00
0.327000	124.00
0.327020	124.00
0.327040	123.00
0.327060	123.00
0.327080	124.00
0.327100	125.00
0.327120	126.00
0.327140	126.00
0.327160	126.00
0.327180	125.00
0.327200	125.00
0.327220	125.00
0.327240	125.00
0.327260	125.00
0.327280	125.00
0.327300	125.00
0.327320	125.00
0.327340	126.00
0.327360	126.00
0.327380	127.00
0.327400	127.00
0.327420	127.00
0.327440	125.00
0.327460	124.00
0.327480	124.00
0.327500	124.00
0.327520	124.00
0.327540	124.00
0.327560	125.00
0.327580	126.00
0.327600	127.00
0.327620	128.00
0.327640	127.00
0.327660	126.00
0.327680	125.00
0.327700	124.00
0.327720	124.00
0.327740	123.00
0.327760	124.00
0.327780	125.00
0.327800	126.00
0.327820	126.00
0.327840	126.00
0.327860	126.00
0.327880	125.00
0.327900	125.00
0.327920	125.00
0.327940	124.00
0.327960	124.00
0.327980	125.00
0.328000	125.00
0.328020	125.00
0.328040	124.00
0.328060	123.00
0.328080	123.00
0.328100	123.00
0.328120	124.00
0.328140	124.00
0.328160	124.00
0.328180	124.00
0.328200	125.00
0.328220	126.00
0.328240	126.00
0.328260	126.00
0.328280	125.00
0.328300	124.00
0.328320	124.00
0.328340	124.00
0.328360	125.00
0.328380	125.00
0.328400	126.00
0.328420	126.00
0.328440	126.00
0.328460	126.00
0.328480	126.00
0.328500	126.00
0.328520	127.00
0.328540	126.00
0.328560	126.00
0.328580	125.00
0.328600	125.00
0.328620	126.00
0.328640	125.00
0.328660	125.00
0.328680	124.00
0.328700	124.00
0.328720	125.00
0.328740	125.00
0.328760	126.00
0.328780	125.00
0.328800	126.00
0.328820	126.00
0.328840	126.00
0.328860	125.00
0.328880	124.00
0.328900	123.00
0.328920	124.00
0.328940	125.00
0.328960	126.00
0.328980	126.00
0.329000	126.00
0.329020	125.00
0.329040	125.00
0.329060	125.00
0.329080	126.00
0.329100	126.00
0.329120	127.00
0.329140	128.00
0.329160	128.00
0.329180	128.00
0.329200	127.00
0.329220	125.00
0.329240	124.00
0.329260	124.00
0.329280	125.00
0.329300	126.00
0.329320	126.00
0.329340	126.00
0.329360	125.00
0.329380	125.00
0.329400	125.00
0.329420	125.00
0.329440	126.00
0.329460	126.00
0.329480	126.00
0.329500	126.00
0.329520	126.00
0.329540	127.00
0.329560	127.00
0.329580	127.00
0.329600	127.00
0.329620	127.00
0.329640	127.00
0.329660	126.00
0.329680	125.00
0.329700	124.00
0.329720	125.00
0.329740	126.00
0.329760	127.00
0.329780	127.00
0.329800	126.00
0.329820	125.00
0.329840	125.00
0.329860	126.00
0.329880	126.00
0.329900	126.00
0.329920	125.00
0.329940	125.00
0.329960	125.00
0.329980	125.00
0.330000	124.00
0.330020	125.00
0.330040	125.00
0.330060	126.00
0.330080	127.00
0.330100	127.00
0.330120	127.00
0.330140	127.00
0.330160	126.00
0.330180	125.00
0.330200	125.00
0.330220	124.00
0.330240	124.00
0.330260	125.00
0.330280	125.00
0.330300	126.00
0.330320	126.00
0.330340	126.00
0.330360	126.00
0.330380	126.00
0.330400	126.00
0.330420	125.00
0.330440	126.00
0.330460	126.00
0.330480	126.00
0.330500	126.00
0.330520	125.00
0.330540	124.00
0.330560	124.00
0.330580	124.00
0.330600	124.00
0.330620	124.00
0.330640	124.00
0.330660	125.00
0.330680	125.00
0.330700	125.00
0.330720	125.00
0.330740	125.00
0.330760	125.00
0.330780	126.00
0.330800	125.00
0.330820	125.00
0.330840	124.00
0.330860	124.00
0.330880	125.00
0.330900	125.00
0.330920	126.00
0.330940	126.00
0.330960	126.00
0.330980	126.00
0.331000	125.00
0.331020	125.00
0.331040	125.00
0.331060	125.00
0.331080	125.00
0.331100	125.00
0.331120	126.00
0.331140	127.00
0.331160	127.00
0.331180	127.00
0.331200	126.00
0.331220	125.00
0.331240	125.00
0.331260	125.00
0.331280	125.00
0.331300	125.00
0.331320	124.00
0.331340	125.00
0.331360	126.00
0.331380	127.00
0.331400	128.00
0.331420	127.00
0.331440	126.00
0.331460	125.00
0.331480	126.00
0.331500	126.00
0.331520	126.00
0.331540	126.00
0.331560	126.00
0.331580	125.00
0.331600	125.00
0.331620	124.00
0.331640	124.00
0.331660	124.00
0.331680	124.00
0.331700	124.00
0.331720	124.00
0.331740	124.00
0.331760	124.00
0.331780	124.00
0.331800	124.00
0.331820	125.00
0.331840	125.00
0.331860	125.00
0.331880	124.00
0.331900	124.00
0.331920	125.00
0.331940	126.00
0.331960	126.00
0.331980	125.00
0.332000	124.00
0.332020	124.00
0.332040	124.00
0.332060	125.00
0.332080	126.00
0.332100	125.00
0.332120	125.00
0.332140	125.00
0.332160	126.00
0.332180	125.00
0.332200	124.00
0.332220	123.00
0.332240	123.00
0.332260	124.00
0.332280	125.00
0.332300	125.00
0.332320	125.00
0.332340	126.00
0.332360	126.00
0.332380	127.00
0.332400	126.00
0.332420	125.00
0.332440	125.00
0.332460	126.00
0.332480	128.00
0.332500	129.00
0.332520	128.00
0.332540	127.00
0.332560	126.00
0.332580	126.00
0.332600	126.00
0.332620	126.00
0.332640	126.00
0.332660	126.00
0.332680	125.00
0.332700	124.00
0.332720	124.00
0.332740	124.00
0.332760	125.00
0.332780	126.00
0.332800	127.00
0.332820	127.00
0.332840	126.00
0.332860	125.00
0.332880	126.00
0.332900	126.00
0.332920	125.00
0.332940	124.00
0.332960	123.00
0.332980	123.00
0.333000	125.00
0.333020	126.00
0.333040	126.00
0.333060	125.00
0.333080	125.00
0.333100	125.00
0.333120	126.00
0.333140	126.00
0.333160	126.00
0.333180	126.00
0.333200	126.00
0.333220	126.00
0.333240	126.00
0.333260	126.00
0.333280	126.00
0.333300	126.00
0.333320	127.00
0.333340	128.00
0.333360	128.00
0.333380	128.00
0.333400	127.00
0.333420	126.00
0.333440	126.00
0.333460	125.00
0.333480	124.00
0.333500	123.00
0.333520	123.00
0.333540	124.00
0.333560	125.00
0.333580	126.00
0.333600	126.00
0.333620	125.00
0.333640	125.00
0.333660	125.00
0.333680	125.00
0.333700	126.00
0.333720	126.00
0.333740	125.00
0.333760	124.00
0.333780	125.00
0.333800	125.00
0.333820	125.00
0.333840	126.00
0.333860	126.00
0.333880	127.00
0.333900	127.00
0.333920	127.00
0.333940	126.00
0.333960	126.00
0.333980	126.00
0.334000	127.00
0.334020	127.00
0.334040	127.00
0.334060	126.00
0.334080	126.00
0.334100	126.00
0.334120	125.00
0.334140	125.00
0.334160	125.00
0.334180	126.00
0.334200	126.00
0.334220	125.00
0.334240	125.00
0.334260	124.00
0.334280	125.00
0.334300	126.00
0.334320	127.00
0.334340	127.00
0.334360	126.00
0.334380	126.00
0.334400	126.00
0.334420	127.00
0.334440	127.00
0.334460	127.00
0.334480	127.00
0.334500	126.00
0.334520	125.00
0.334540	124.00
0.334560	124.00
0.334580	124.00
0.334600	124.00
0.334620	124.00
0.334640	124.00
0.334660	124.00
0.334680	124.00
0.334700	125.00
0.334720	124.00
0.334740	124.00
0.334760	124.00
0.334780	124.00
0.334800	124.00
0.334820	124.00
0.334840	124.00
0.334860	124.00
0.334880	124.00
0.334900	125.00
0.334920	126.00
0.334940	127.00
0.334960	127.00
0.334980	127.00
0.335000	126.00
0.335020	126.00
0.335040	126.00
0.335060	127.00
0.335080	127.00
0.335100	126.00
0.335120	125.00
0.335140	125.00
0.335160	124.00
0.335180	124.00
0.335200	125.00
0.335220	125.00
0.335240	126.00
0.335260	126.00
0.335280	126.00
0.335300	126.00
0.335320	126.00
0.335340	126.00
0.335360	125.00
0.335380	126.00
0.335400	125.00
0.335420	125.00
0.335440	125.00
0.335460	125.00
0.335480	126.00
0.335500	126.00
0.335520	125.00
0.335540	124.00
0.335560	123.00
0.335580	123.00
0.335600	123.00
0.335620	123.00
0.335640	123.00
0.335660	124.00
0.335680	124.00
0.335700	125.00
0.335720	125.00
0.335740	124.00
0.335760	124.00
0.335780	124.00
0.335800	125.00
0.335820	126.00
0.335840	126.00
0.335860	126.00
0.335880	126.00
0.335900	126.00
0.335920	126.00
0.335940	127.00
0.335960	126.00
0.335980	126.00
0.336000	126.00
0.336020	126.00
0.336040	126.00
0.336060	126.00
0.336080	126.00
0.336100	126.00
0.336120	125.00
0.336140	125.00
0.336160	125.00
0.336180	125.00
0.336200	126.00
0.336220	127.00
0.336240	127.00
0.336260	127.00
0.336280	126.00
0.336300	125.00
0.336320	125.00
0.336340	126.00
0.336360	127.00
0.336380	127.00
0.336400	127.00
0.336420	127.00
0.336440	126.00
0.336460	125.00
0.336480	125.00
0.336500	126.00
0.336520	127.00
0.336540	126.00
0.336560	125.00
0.336580	124.00
0.336600	124.00
0.336620	125.00
0.336640	125.00
0.336660	126.00
0.336680	125.00
0.336700	125.00
0.336720	125.00
0.336740	125.00
0.336760	125.00
0.336780	125.00
0.336800	125.00
0.336820	125.00
0.336840	125.00
0.336860	126.00
0.336880	125.00
0.336900	125.00
0.336920	124.00
0.336940	124.00
0.336960	124.00
0.336980	124.00
0.337000	125.00
0.337020	125.00
0.337040	126.00
0.337060	126.00
0.337080	127.00
0.337100	127.00
0.337120	127.00
0.337140	127.00
0.337160	127.00
0.337180	127.00
0.337200	126.00
0.337220	126.00
0.337240	125.00
0.337260	125.00
0.337280	125.00
0.337300	126.00
0.337320	126.00
0.337340	125.00
0.337360	125.00
0.337380	125.00
0.337400	125.00
0.337420	125.00
0.337440	125.00
0.337460	125.00
0.337480	125.00
0.337500	126.00
0.337520	126.00
0.337540	126.00
0.337560	125.00
0.337580	125.00
0.337600	124.00
0.337620	124.00
0.337640	125.00
0.337660	125.00
0.337680	126.00
0.337700	126.00
0.337720	125.00
0.337740	125.00
0.337760	125.00
0.337780	125.00
0.337800	125.00
0.337820	125.00
0.337840	125.00
0.337860	126.00
0.337880	127.00
0.337900	127.00
0.337920	127.00
0.337940	126.00
0.337960	126.00
0.337980	126.00
0.338000	126.00
0.338020	127.00
0.338040	127.00
0.338060	127.00
0.338080	127.00
0.338100	127.00
0.338120	127.00
0.338140	126.00
0.338160	126.00
0.338180	125.00
0.338200	125.00
0.338220	125.00
0.338240	125.00
0.338260	126.00
0.338280	125.00
0.338300	125.00
0.338320	125.00
0.338340	125.00
0.338360	125.00
0.338380	126.00
0.338400	126.00
0.338420	126.00
0.338440	125.00
0.338460	125.00
0.338480	124.00
0.338500	124.00
0.338520	124.00
0.338540	124.00
0.338560	124.00
0.338580	124.00
0.338600	124.00
0.338620	124.00
0.338640	125.00
0.338660	125.00
0.338680	125.00
0.338700	126.00
0.338720	126.00
0.338740	126.00
0.338760	126.00
0.338780	126.00
0.338800	126.00
0.338820	126.00
0.338840	126.00
0.338860	126.00
0.338880	126.00
0.338900	125.00
0.338920	125.00
0.338940	125.00
0.338960	125.00
0.338980	126.00
0.339000	126.00
0.339020	126.00
0.339040	126.00
0.339060	126.00
0.339080	126.00
0.339100	127.00
0.339120	127.00
0.339140	126.00
0.339160	124.00
0.339180	123.00
0.339200	123.00
0.339220	124.00
0.339240	125.00
0.339260	125.00
0.339280	125.00
0.339300	125.00
0.339320	125.00
0.339340	125.00
0.339360	126.00
0.339380	126.00
0.339400	126.00
0.339420	125.00
0.339440	125.00
0.339460	124.00
0.339480	124.00
0.339500	124.00
0.339520	125.00
0.339540	125.00
0.339560	125.00
0.339580	125.00
0.339600	125.00
0.339620	125.00
0.339640	125.00
0.339660	125.00
0.339680	125.00
0.339700	124.00
0.339720	124.00
0.339740	124.00
0.339760	124.00
0.339780	124.00
0.339800	125.00
0.339820	125.00
0.339840	125.00
0.339860	126.00
0.339880	126.00
0.339900	126.00
0.339920	126.00
0.339940	126.00
0.339960	126.00
0.339980	126.00
0.340000	126.00
0.340020	126.00
0.340040	126.00
0.340060	126.00
0.340080	126.00
0.340100	126.00
0.340120	126.00
0.340140	126.00
0.340160	126.00
0.340180	125.00
0.340200	125.00
0.340220	126.00
0.340240	126.00
0.340260	127.00
0.340280	127.00
0.340300	126.00
0.340320	126.00
0.340340	125.00
0.340360	126.00
0.340380	126.00
0.340400	125.00
0.340420	125.00
0.340440	124.00
0.340460	124.00
0.340480	124.00
0.340500	125.00
0.340520	125.00
0.340540	124.00
0.340560	124.00
0.340580	123.00
0.340600	124.00
0.340620	125.00
0.340640	125.00
0.340660	125.00
0.340680	125.00
0.340700	125.00
0.340720	125.00
0.340740	125.00
0.340760	126.00
0.340780	126.00
0.340800	126.00
0.340820	126.00
0.340840	126.00
0.340860	126.00
0.340880	126.00
0.340900	125.00
0.340920	125.00
0.340940	125.00
0.340960	126.00
0.340980	126.00
0.341000	125.00
0.341020	125.00
0.341040	125.00
0.341060	126.00
0.341080	127.00
0.341100	126.00
0.341120	125.00
0.341140	124.00
0.341160	123.00
0.341180	124.00
0.341200	125.00
0.341220	125.00
0.341240	125.00
0.341260	124.00
0.341280	124.00
0.341300	125.00
0.341320	126.00
0.341340	127.00
0.341360	126.00
0.341380	125.00
0.341400	124.00
0.341420	123.00
0.341440	124.00
0.341460	124.00
0.341480	124.00
0.341500	124.00
0.341520	124.00
0.341540	125.00
0.341560	125.00
0.341580	125.00
0.341600	124.00
0.341620	123.00
0.341640	123.00
0.341660	123.00
0.341680	124.00
0.341700	125.00
0.341720	125.00
0.341740	126.00
0.341760	125.00
0.341780	125.00
0.341800	126.00
0.341820	126.00
0.341840	127.00
0.341860	127.00
0.341880	126.00
0.341900	125.00
0.341920	125.00
0.341940	125.00
0.341960	125.00
0.341980	125.00
0.342000	126.00
0.342020	127.00
0.342040	128.00
0.342060	128.00
0.342080	128.00
0.342100	126.00
0.342120	125.00
0.342140	125.00
0.342160	125.00
0.342180	126.00
0.342200	126.00
0.342220	126.00
0.342240	126.00
0.342260	126.00
0.342280	126.00
0.342300	125.00
0.342320	125.00
0.342340	125.00
0.342360	125.00
0.342380	124.00
0.342400	124.00
0.342420	123.00
0.342440	124.00
0.342460	125.00
0.342480	126.00
0.342500	126.00
0.342520	125.00
0.342540	125.00
0.342560	125.00
0.342580	126.00
0.342600	126.00
0.342620	126.00
0.342640	126.00
0.342660	126.00
0.342680	126.00
0.342700	126.00
0.342720	126.00
0.342740	126.00
0.342760	126.00
0.342780	126.00
0.342800	126.00
0.342820	125.00
0.342840	126.00
0.342860	127.00
0.342880	127.00
0.342900	126.00
0.342920	126.00
0.342940	126.00
0.342960	126.00
0.342980	127.00
0.343000	127.00
0.343020	126.00
0.343040	125.00
0.343060	125.00
0.343080	126.00
0.343100	126.00
0.343120	125.00
0.343140	125.00
0.343160	124.00
0.343180	125.00
0.343200	126.00
0.343220	126.00
0.343240	125.00
0.343260	124.00
0.343280	124.00
0.343300	124.00
0.343320	125.00
0.343340	125.00
0.343360	126.00
0.343380	126.00
0.343400	126.00
0.343420	126.00
0.343440	125.00
0.343460	124.00
0.343480	124.00
0.343500	125.00
0.343520	125.00
0.343540	126.00
0.343560	126.00
0.343580	126.00
0.343600	126.00
0.343620	127.00
0.343640	128.00
0.343660	128.00
0.343680	127.00
0.343700	126.00
0.343720	125.00
0.343740	125.00
0.343760	125.00
0.343780	124.00
0.343800	124.00
0.343820	124.00
0.343840	125.00
0.343860	125.00
0.343880	126.00
0.343900	126.00
0.343920	126.00
0.343940	127.00
0.343960	127.00
0.343980	127.00
0.344000	127.00
0.344020	126.00
0.344040	126.00
0.344060	126.00
0.344080	126.00
0.344100	126.00
0.344120	126.00
0.344140	125.00
0.344160	124.00
0.344180	124.00
0.344200	124.00
0.344220	124.00
0.344240	125.00
0.344260	124.00
0.344280	123.00
0.344300	122.00
0.344320	122.00
0.344340	122.00
0.344360	123.00
0.344380	124.00
0.344400	125.00
0.344420	126.00
0.344440	125.00
0.344460	125.00
0.344480	125.00
0.344500	125.00
0.344520	125.00
0.344540	125.00
0.344560	126.00
0.344580	126.00
0.344600	126.00
0.344620	127.00
0.344640	128.00
0.344660	128.00
0.344680	128.00
0.344700	127.00
0.344720	126.00
0.344740	126.00
0.344760	126.00
0.344780	126.00
0.344800	126.00
0.344820	126.00
0.344840	126.00
0.344860	126.00
0.344880	126.00
0.344900	126.00
0.344920	126.00
0.344940	126.00
0.344960	126.00
0.344980	125.00
0.345000	124.00
0.345020	124.00
0.345040	123.00
0.345060	123.00
0.345080	124.00
0.345100	125.00
0.345120	125.00
0.345140	126.00
0.345160	125.00
0.345180	124.00
0.345200	124.00
0.345220	124.00
0.345240	124.00
0.345260	124.00
0.345280	123.00
0.345300	123.00
0.345320	124.00
0.345340	125.00
0.345360	126.00
0.345380	127.00
0.345400	126.00
0.345420	125.00
0.345440	125.00
0.345460	125.00
0.345480	125.00
0.345500	125.00
0.345520	124.00
0.345540	124.00
0.345560	125.00
0.345580	126.00
0.345600	126.00
0.345620	126.00
0.345640	126.00
0.345660	126.00
0.345680	126.00
0.345700	126.00
0.345720	125.00
0.345740	125.00
0.345760	124.00
0.345780	125.00
0.345800	125.00
0.345820	127.00
0.345840	128.00
0.345860	130.00
0.345880	130.00
0.345900	130.00
0.345920	128.00
0.345940	127.00
0.345960	126.00
0.345980	125.00
0.346000	125.00
0.346020	125.00
0.346040	125.00
0.346060	125.00
0.346080	125.00
0.346100	126.00
0.346120	126.00
0.346140	127.00
0.346160	126.00
0.346180	125.00
0.346200	125.00
0.346220	124.00
0.346240	125.00
0.346260	125.00
0.346280	125.00
0.346300	124.00
0.346320	123.00
0.346340	123.00
0.346360	125.00
0.346380	126.00
0.346400	126.00
0.346420	126.00
0.346440	125.00
0.346460	125.00
0.346480	126.00
0.346500	126.00
0.346520	125.00
0.346540	125.00
0.346560	125.00
0.346580	125.00
0.346600	126.00
0.346620	127.00
0.346640	128.00
0.346660	127.00
0.346680	127.00
0.346700	126.00
0.346720	126.00
0.346740	125.00
0.346760	125.00
0.346780	124.00
0.346800	123.00
0.346820	124.00
0.346840	125.00
0.346860	127.00
0.346880	127.00
0.346900	127.00
0.346920	126.00
0.346940	126.00
0.346960	127.00
0.346980	127.00
0.347000	126.00
0.347020	124.00
0.347040	123.00
0.347060	123.00
0.347080	124.00
0.347100	125.00
0.347120	124.00
0.347140	123.00
0.347160	122.00
0.347180	123.00
0.347200	125.00
0.347220	126.00
0.347240	126.00
0.347260	125.00
0.347280	124.00
0.347300	124.00
0.347320	124.00
0.347340	124.00
0.347360	123.00
0.347380	123.00
0.347400	123.00
0.347420	124.00
0.347440	125.00
0.347460	126.00
0.347480	127.00
0.347500	127.00
0.347520	127.00
0.347540	126.00
0.347560	125.00
0.347580	124.00
0.347600	124.00
0.347620	124.00
0.347640	125.00
0.347660	126.00
0.347680	127.00
0.347700	129.00
0.347720	129.00
0.347740	129.00
0.347760	128.00
0.347780	125.00
0.347800	123.00
0.347820	121.00
0.347840	121.00
0.347860	122.00
0.347880	123.00
0.347900	125.00
0.347920	127.00
0.347940	128.00
0.347960	129.00
0.347980	128.00
0.348000	126.00
0.348020	123.00
0.348040	121.00
0.348060	121.00
0.348080	122.00
0.348100	124.00
0.348120	126.00
0.348140	128.00
0.348160	128.00
0.348180	127.00
0.348200	126.00
0.348220	125.00
0.348240	124.00
0.348260	122.00
0.348280	121.00
0.348300	121.00
0.348320	121.00
0.348340	124.00
0.348360	126.00
0.348380	129.00
0.348400	130.00
0.348420	131.00
0.348440	130.00
0.348460	128.00
0.348480	126.00
0.348500	123.00
0.348520	122.00
0.348540	122.00
0.348560	124.00
0.348580	125.00
0.348600	126.00
0.348620	127.00
0.348640	127.00
0.348660	129.00
0.348680	130.00
0.348700	130.00
0.348720	130.00
0.348740	129.00
0.348760	128.00
0.348780	125.00
0.348800	123.00
0.348820	121.00
0.348840	121.00
0.348860	122.00
0.348880	123.00
0.348900	126.00
0.348920	128.00
0.348940	130.00
0.348960	131.00
0.348980	132.00
0.349000	131.00
0.349020	128.00
0.349040	125.00
0.349060	122.00
0.349080	119.00
0.349100	118.00
0.349120	119.00
0.349140	121.00
0.349160	124.00
0.349180	127.00
0.349200	129.00
0.349220	129.00
0.349240	129.00
0.349260	128.00
0.349280	126.00
0.349300	124.00
0.349320	123.00
0.349340	123.00
0.349360	123.00
0.349380	123.00
0.349400	124.00
0.349420	124.00
0.349440	125.00
0.349460	126.00
0.349480	127.00
0.349500	128.00
0.349520	128.00
0.349540	129.00
0.349560	130.00
0.349580	129.00
0.349600	128.00
0.349620	127.00
0.349640	125.00
0.349660	123.00
0.349680	122.00
0.349700	122.00
0.349720	122.00
0.349740	124.00
0.349760	126.00
0.349780	128.00
0.349800	129.00
0.349820	130.00
0.349840	130.00
0.349860	129.00
0.349880	127.00
0.349900	124.00
0.349920	121.00
0.349940	119.00
0.349960	119.00
0.349980	120.00
0.350000	121.00
0.350020	123.00
0.350040	125.00
0.350060	127.00
0.350080	128.00
0.350100	128.00
0.350120	127.00
0.350140	126.00
0.350160	125.00
0.350180	123.00
0.350200	121.00
0.350220	120.00
0.350240	119.00
0.350260	120.00
0.350280	121.00
0.350300	122.00
0.350320	125.00
0.350340	127.00
0.350360	129.00
0.350380	130.00
0.350400	129.00
0.350420	128.00
0.350440	126.00
0.350460	125.00
0.350480	124.00
0.350500	124.00
0.350520	124.00
0.350540	125.00
0.350560	126.00
0.350580	126.00
0.350600	126.00
0.350620	126.00
0.350640	125.00
0.350660	124.00
0.350680	124.00
0.350700	124.00
0.350720	125.00
0.350740	126.00
0.350760	127.00
0.350780	128.00
0.350800	128.00
0.350820	128.00
0.350840	127.00
0.350860	127.00
0.350880	126.00
0.350900	125.00
0.350920	124.00
0.350940	124.00
0.350960	124.00
0.350980	124.00
0.351000	124.00
0.351020	124.00
0.351040	125.00
0.351060	126.00
0.351080	126.00
0.351100	125.00
0.351120	124.00
0.351140	124.00
0.351160	124.00
0.351180	123.00
0.351200	123.00
0.351220	124.00
0.351240	125.00
0.351260	127.00
0.351280	128.00
0.351300	127.00
0.351320	127.00
0.351340	127.00
0.351360	127.00
0.351380	127.00
0.351400	126.00
0.351420	125.00
0.351440	124.00
0.351460	125.00
0.351480	126.00
0.351500	126.00
0.351520	126.00
0.351540	126.00
0.351560	127.00
0.351580	128.00
0.351600	128.00
0.351620	127.00
0.351640	126.00
0.351660	126.00
0.351680	126.00
0.351700	126.00
0.351720	125.00
0.351740	124.00
0.351760	125.00
0.351780	126.00
0.351800	127.00
0.351820	127.00
0.351840	126.00
0.351860	126.00
0.351880	125.00
0.351900	125.00
0.351920	124.00
0.351940	122.00
0.351960	122.00
0.351980	123.00
0.352000	123.00
0.352020	123.00
0.352040	123.00
0.352060	123.00
0.352080	124.00
0.352100	125.00
0.352120	126.00
0.352140	126.00
0.352160	126.00
0.352180	125.00
0.352200	125.00
0.352220	125.00
0.352240	125.00
0.352260	125.00
0.352280	126.00
0.352300	126.00
0.352320	125.00
0.352340	125.00
0.352360	126.00
0.352380	127.00
0.352400	127.00
0.352420	126.00
0.352440	125.00
0.352460	124.00
0.352480	124.00
0.352500	124.00
0.352520	124.00
0.352540	123.00
0.352560	124.00
0.352580	126.00
0.352600	128.00
0.352620	129.00
0.352640	129.00
0.352660	128.00
0.352680	126.00
0.352700	124.00
0.352720	123.00
0.352740	123.00
0.352760	124.00
0.352780	125.00
0.352800	126.00
0.352820	126.00
0.352840	126.00
0.352860	127.00
0.352880	127.00
0.352900	128.00
0.352920	127.00
0.352940	125.00
0.352960	124.00
0.352980	123.00
0.353000	124.00
0.353020	125.00
0.353040	125.00
0.353060	126.00
0.353080	127.00
0.353100	127.00
0.353120	126.00
0.353140	125.00
0.353160	124.00
0.353180	123.00
0.353200	123.00
0.353220	124.00
0.353240	125.00
0.353260	126.00
0.353280	127.00
0.353300	127.00
0.353320	127.00
0.353340	127.00
0.353360	127.00
0.353380	126.00
0.353400	126.00
0.353420	125.00
0.353440	124.00
0.353460	124.00
0.353480	124.00
0.353500	126.00
0.353520	127.00
0.353540	128.00
0.353560	128.00
0.353580	127.00
0.353600	127.00
0.353620	126.00
0.353640	126.00
0.353660	125.00
0.353680	125.00
0.353700	125.00
0.353720	125.00
0.353740	126.00
0.353760	127.00
0.353780	126.00
0.353800	125.00
0.353820	124.00
0.353840	123.00
0.353860	123.00
0.353880	123.00
0.353900	124.00
0.353920	124.00
0.353940	124.00
0.353960	125.00
0.353980	126.00
0.354000	127.00
0.354020	126.00
0.354040	125.00
0.354060	124.00
0.354080	125.00
0.354100	126.00
0.354120	126.00
0.354140	126.00
0.354160	125.00
0.354180	126.00
0.354200	127.00
0.354220	127.00
0.354240	126.00
0.354260	125.00
0.354280	123.00
0.354300	123.00
0.354320	123.00
0.354340	124.00
0.354360	126.00
0.354380	127.00
0.354400	127.00
0.354420	128.00
0.354440	128.00
0.354460	128.00
0.354480	128.00
0.354500	127.00
0.354520	126.00
0.354540	125.00
0.354560	125.00
0.354580	125.00
0.354600	125.00
0.354620	125.00
0.354640	126.00
0.354660	126.00
0.354680	127.00
0.354700	128.00
0.354720	128.00
0.354740	126.00
0.354760	125.00
0.354780	124.00
0.354800	124.00
0.354820	124.00
0.354840	125.00
0.354860	125.00
0.354880	125.00
0.354900	125.00
0.354920	125.00
0.354940	124.00
0.354960	123.00
0.354980	124.00
0.355000	125.00
0.355020	126.00
0.355040	127.00
0.355060	127.00
0.355080	126.00
0.355100	126.00
0.355120	124.00
0.355140	123.00
0.355160	123.00
0.355180	123.00
0.355200	125.00
0.355220	127.00
0.355240	128.00
0.355260	128.00
0.355280	129.00
0.355300	128.00
0.355320	127.00
0.355340	125.00
0.355360	123.00
0.355380	122.00
0.355400	123.00
0.355420	124.00
0.355440	125.00
0.355460	126.00
0.355480	127.00
0.355500	128.00
0.355520	128.00
0.355540	127.00
0.355560	126.00
0.355580	125.00
0.355600	124.00
0.355620	124.00
0.355640	124.00
0.355660	124.00
0.355680	124.00
0.355700	125.00
0.355720	126.00
0.355740	128.00
0.355760	128.00
0.355780	128.00
0.355800	126.00
0.355820	125.00
0.355840	124.00
0.355860	124.00
0.355880	124.00
0.355900	124.00
0.355920	124.00
0.355940	123.00
0.355960	123.00
0.355980	123.00
0.356000	122.00
0.356020	123.00
0.356040	123.00
0.356060	124.00
0.356080	126.00
0.356100	128.00
0.356120	128.00
0.356140	128.00
0.356160	126.00
0.356180	125.00
0.356200	124.00
0.356220	124.00
0.356240	125.00
0.356260	125.00
0.356280	126.00
0.356300	126.00
0.356320	126.00
0.356340	126.00
0.356360	126.00
0.356380	125.00
0.356400	125.00
0.356420	124.00
0.356440	124.00
0.356460	124.00
0.356480	124.00
0.356500	124.00
0.356520	125.00
0.356540	126.00
0.356560	127.00
0.356580	127.00
0.356600	126.00
0.356620	125.00
0.356640	124.00
0.356660	124.00
0.356680	125.00
0.356700	126.00
0.356720	125.00
0.356740	125.00
0.356760	125.00
0.356780	125.00
0.356800	126.00
0.356820	125.00
0.356840	124.00
0.356860	122.00
0.356880	122.00
0.356900	124.00
0.356920	125.00
0.356940	126.00
0.356960	127.00
0.356980	127.00
0.357000	126.00
0.357020	126.00
0.357040	125.00
0.357060	124.00
0.357080	124.00
0.357100	125.00
0.357120	125.00
0.357140	126.00
0.357160	126.00
0.357180	126.00
0.357200	127.00
0.357220	127.00
0.357240	127.00
0.357260	125.00
0.357280	124.00
0.357300	124.00
0.357320	125.00
0.357340	126.00
0.357360	127.00
0.357380	127.00
0.357400	127.00
0.357420	127.00
0.357440	127.00
0.357460	126.00
0.357480	125.00
0.357500	124.00
0.357520	125.00
0.357540	125.00
0.357560	125.00
0.357580	125.00
0.357600	125.00
0.357620	125.00
0.357640	126.00
0.357660	127.00
0.357680	126.00
0.357700	124.00
0.357720	122.00
0.357740	121.00
0.357760	122.00
0.357780	124.00
0.357800	125.00
0.357820	126.00
0.357840	126.00
0.357860	125.00
0.357880	125.00
0.357900	125.00
0.357920	125.00
0.357940	125.00
0.357960	124.00
0.357980	124.00
0.358000	125.00
0.358020	125.00
0.358040	126.00
0.358060	126.00
0.358080	126.00
0.358100	126.00
0.358120	125.00
0.358140	125.00
0.358160	125.00
0.358180	126.00
0.358200	127.00
0.358220	128.00
0.358240	128.00
0.358260	127.00
0.358280	126.00
0.358300	126.00
0.358320	127.00
0.358340	127.00
0.358360	126.00
0.358380	126.00
0.358400	125.00
0.358420	126.00
0.358440	126.00
0.358460	127.00
0.358480	126.00
0.358500	125.00
0.358520	125.00
0.358540	125.00
0.358560	125.00
0.358580	124.00
0.358600	124.00
0.358620	123.00
0.358640	123.00
0.358660	123.00
0.358680	123.00
0.358700	124.00
0.358720	124.00
0.358740	124.00
0.358760	124.00
0.358780	124.00
0.358800	124.00
0.358820	124.00
0.358840	124.00
0.358860	125.00
0.358880	125.00
0.358900	125.00
0.358920	126.00
0.358940	126.00
0.358960	126.00
0.358980	127.00
0.359000	127.00
0.359020	127.00
0.359040	127.00
0.359060	126.00
0.359080	126.00
0.359100	125.00
0.359120	125.00
0.359140	125.00
0.359160	125.00
0.359180	125.00
0.359200	125.00
0.359220	124.00
0.359240	125.00
0.359260	125.00
0.359280	125.00
0.359300	125.00
0.359320	126.00
0.359340	127.00
0.359360	127.00
0.359380	127.00
0.359400	125.00
0.359420	124.00
0.359440	123.00
0.359460	123.00
0.359480	123.00
0.359500	124.00
0.359520	125.00
0.359540	126.00
0.359560	125.00
0.359580	124.00
0.359600	123.00
0.359620	123.00
0.359640	124.00
0.359660	125.00
0.359680	125.00
0.359700	125.00
0.359720	125.00
0.359740	125.00
0.359760	126.00
0.359780	127.00
0.359800	126.00
0.359820	125.00
0.359840	125.00
0.359860	125.00
0.359880	125.00
0.359900	126.00
0.359920	126.00
0.359940	126.00
0.359960	126.00
0.359980	127.00
0.360000	127.00
0.360020	127.00
0.360040	127.00
0.360060	126.00
0.360080	125.00
0.360100	125.00
0.360120	125.00
0.360140	125.00
0.360160	126.00
0.360180	127.00
0.360200	128.00
0.360220	128.00
0.360240	127.00
0.360260	126.00
0.360280	126.00
0.360300	126.00
0.360320	126.00
0.360340	126.00
0.360360	126.00
0.360380	126.00
0.360400	126.00
0.360420	126.00
0.360440	126.00
0.360460	126.00
0.360480	125.00
0.360500	124.00
0.360520	124.00
0.360540	125.00
0.360560	125.00
0.360580	126.00
0.360600	125.00
0.360620	124.00
0.360640	124.00
0.360660	124.00
0.360680	124.00
0.360700	124.00
0.360720	124.00
0.360740	125.00
0.360760	126.00
0.360780	126.00
0.360800	126.00
0.360820	125.00
0.360840	125.00
0.360860	125.00
0.360880	126.00
0.360900	126.00
0.360920	125.00
0.360940	126.00
0.360960	126.00
0.360980	127.00
0.361000	127.00
0.361020	126.00
0.361040	125.00
0.361060	125.00
0.361080	125.00
0.361100	124.00
0.361120	123.00
0.361140	123.00
0.361160	124.00
0.361180	125.00
0.361200	126.00
0.361220	127.00
0.361240	127.00
0.361260	128.00
0.361280	128.00
0.361300	128.00
0.361320	127.00
0.361340	126.00
0.361360	126.00
0.361380	126.00
0.361400	126.00
0.361420	125.00
0.361440	125.00
0.361460	125.00
0.361480	125.00
0.361500	125.00
0.361520	126.00
0.361540	126.00
0.361560	127.00
0.361580	127.00
0.361600	127.00
0.361620	126.00
0.361640	126.00
0.361660	125.00
0.361680	125.00
0.361700	125.00
0.361720	125.00
0.361740	125.00
0.361760	124.00
0.361780	124.00
0.361800	123.00
0.361820	124.00
0.361840	124.00
0.361860	124.00
0.361880	124.00
0.361900	124.00
0.361920	124.00
0.361940	125.00
0.361960	126.00
0.361980	127.00
0.362000	127.00
0.362020	126.00
0.362040	125.00
0.362060	125.00
0.362080	126.00
0.362100	126.00
0.362120	126.00
0.362140	125.00
0.362160	126.00
0.362180	126.00
0.362200	126.00
0.362220	126.00
0.362240	126.00
0.362260	127.00
0.362280	127.00
0.362300	127.00
0.362320	126.00
0.362340	124.00
0.362360	124.00
0.362380	124.00
0.362400	125.00
0.362420	126.00
0.362440	125.00
0.362460	125.00
0.362480	126.00
0.362500	126.00
0.362520	126.00
0.362540	126.00
0.362560	125.00
0.362580	125.00
0.362600	125.00
0.362620	125.00
0.362640	125.00
0.362660	125.00
0.362680	124.00
0.362700	123.00
0.362720	123.00
0.362740	123.00
0.362760	123.00
0.362780	123.00
0.362800	124.00
0.362820	124.00
0.362840	125.00
0.362860	125.00
0.362880	125.00
0.362900	126.00
0.362920	126.00
0.362940	126.00
0.362960	126.00
0.362980	126.00
0.363000	126.00
0.363020	126.00
0.363040	126.00
0.363060	126.00
0.363080	126.00
0.363100	126.00
0.363120	126.00
0.363140	126.00
0.363160	126.00
0.363180	126.00
0.363200	126.00
0.363220	125.00
0.363240	124.00
0.363260	124.00
0.363280	124.00
0.363300	124.00
0.363320	124.00
0.363340	124.00
0.363360	124.00
0.363380	124.00
0.363400	125.00
0.363420	125.00
0.363440	126.00
0.363460	126.00
0.363480	126.00
0.363500	126.00
0.363520	127.00
0.363540	127.00
0.363560	127.00
0.363580	127.00
0.363600	126.00
0.363620	125.00
0.363640	124.00
0.363660	124.00
0.363680	124.00
0.363700	125.00
0.363720	125.00
0.363740	125.00
0.363760	125.00
0.363780	126.00
0.363800	126.00
0.363820	125.00
0.363840	124.00
0.363860	123.00
0.363880	124.00
0.363900	125.00
0.363920	126.00
0.363940	126.00
0.363960	126.00
0.363980	127.00
0.364000	127.00
0.364020	126.00
0.364040	125.00
0.364060	124.00
0.364080	124.00
0.364100	125.00
0.364120	126.00
0.364140	127.00
0.364160	126.00
0.364180	126.00
0.364200	126.00
0.364220	127.00
0.364240	127.00
0.364260	126.00
0.364280	126.00
0.364300	126.00
0.364320	126.00
0.364340	126.00
0.364360	126.00
0.364380	125.00
0.364400	125.00
0.364420	125.00
0.364440	125.00
0.364460	125.00
0.364480	126.00
0.364500	127.00
0.364520	127.00
0.364540	127.00
0.364560	126.00
0.364580	126.00
0.364600	126.00
0.364620	125.00
0.364640	124.00
0.364660	123.00
0.364680	123.00
0.364700	123.00
0.364720	125.00
0.364740	126.00
0.364760	126.00
0.364780	125.00
0.364800	125.00
0.364820	126.00
0.364840	127.00
0.364860	128.00
0.364880	127.00
0.364900	126.00
0.364920	124.00
0.364940	124.00
0.364960	124.00
0.364980	125.00
0.365000	125.00
0.365020	126.00
0.365040	126.00
0.365060	126.00
0.365080	126.00
0.365100	127.00
0.365120	127.00
0.365140	126.00
0.365160	125.00
0.365180	124.00
0.365200	124.00
0.365220	124.00
0.365240	125.00
0.365260	125.00
0.365280	126.00
0.365300	126.00
0.365320	126.00
0.365340	126.00
0.365360	126.00
0.365380	126.00
0.365400	126.00
0.365420	125.00
0.365440	125.00
0.365460	124.00
0.365480	124.00
0.365500	123.00
0.365520	124.00
0.365540	125.00
0.365560	126.00
0.365580	126.00
0.365600	125.00
0.365620	125.00
0.365640	124.00
0.365660	125.00
0.365680	125.00
0.365700	124.00
0.365720	124.00
0.365740	124.00
0.365760	125.00
0.365780	125.00
0.365800	126.00
0.365820	126.00
0.365840	127.00
0.365860	126.00
0.365880	126.00
0.365900	125.00
0.365920	124.00
0.365940	124.00
0.365960	124.00
0.365980	125.00
0.366000	126.00
0.366020	127.00
0.366040	127.00
0.366060	128.00
0.366080	128.00
0.366100	128.00
0.366120	127.00
0.366140	127.00
0.366160	127.00
0.366180	127.00
0.366200	126.00
0.366220	125.00
0.366240	125.00
0.366260	126.00
0.366280	126.00
0.366300	126.00
0.366320	126.00
0.366340	126.00
0.366360	126.00
0.366380	125.00
0.366400	125.00
0.366420	124.00
0.366440	125.00
0.366460	126.00
0.366480	127.00
0.366500	126.00
0.366520	126.00
0.366540	125.00
0.366560	125.00
0.366580	126.00
0.366600	126.00
0.366620	126.00
0.366640	125.00
0.366660	125.00
0.366680	125.00
0.366700	125.00
0.366720	125.00
0.366740	125.00
0.366760	125.00
0.366780	125.00
0.366800	125.00
0.366820	125.00
0.366840	125.00
0.366860	125.00
0.366880	125.00
0.366900	126.00
0.366920	126.00
0.366940	126.00
0.366960	126.00
0.366980	126.00
0.367000	126.00
0.367020	126.00
0.367040	126.00
0.367060	127.00
0.367080	126.00
0.367100	125.00
0.367120	125.00
0.367140	124.00
0.367160	124.00
0.367180	124.00
0.367200	124.00
0.367220	123.00
0.367240	124.00
0.367260	125.00
0.367280	126.00
0.367300	126.00
0.367320	125.00
0.367340	124.00
0.367360	124.00
0.367380	124.00
0.367400	126.00
0.367420	126.00
0.367440	126.00
0.367460	124.00
0.367480	123.00
0.367500	123.00
0.367520	124.00
0.367540	125.00
0.367560	125.00
0.367580	125.00
0.367600	124.00
0.367620	124.00
0.367640	125.00
0.367660	125.00
0.367680	125.00
0.367700	125.00
0.367720	125.00
0.367740	126.00
0.367760	126.00
0.367780	126.00
0.367800	125.00
0.367820	126.00
0.367840	126.00
0.367860	127.00
0.367880	127.00
0.367900	127.00
0.367920	126.00
0.367940	126.00
0.367960	127.00
0.367980	127.00
0.368000	127.00
0.368020	126.00
0.368040	127.00
0.368060	127.00
0.368080	127.00
0.368100	127.00
0.368120	127.00
0.368140	126.00
0.368160	126.00
0.368180	126.00
0.368200	126.00
0.368220	125.00
0.368240	126.00
0.368260	126.00
0.368280	127.00
0.368300	127.00
0.368320	126.00
0.368340	125.00
0.368360	124.00
0.368380	125.00
0.368400	125.00
0.368420	126.00
0.368440	126.00
0.368460	125.00
0.368480	125.00
0.368500	124.00
0.368520	124.00
0.368540	123.00
0.368560	123.00
0.368580	123.00
0.368600	124.00
0.368620	124.00
0.368640	124.00
0.368660	124.00
0.368680	123.00
0.368700	124.00
0.368720	124.00
0.368740	124.00
0.368760	124.00
0.368780	125.00
0.368800	125.00
0.368820	126.00
0.368840	126.00
0.368860	126.00
0.368880	126.00
0.368900	126.00
0.368920	126.00
0.368940	126.00
0.368960	125.00
0.368980	125.00
0.369000	124.00
0.369020	124.00
0.369040	123.00
0.369060	123.00
0.369080	123.00
0.369100	123.00
0.369120	124.00
0.369140	125.00
0.369160	126.00
0.369180	126.00
0.369200	125.00
0.369220	125.00
0.369240	125.00
0.369260	125.00
0.369280	124.00
0.369300	123.00
0.369320	123.00
0.369340	125.00
0.369360	126.00
0.369380	126.00
0.369400	125.00
0.369420	125.00
0.369440	125.00
0.369460	127.00
0.369480	128.00
0.369500	128.00
0.369520	127.00
0.369540	127.00
0.369560	127.00
0.369580	128.00
0.369600	127.00
0.369620	126.00
0.369640	125.00
0.369660	126.00
0.369680	127.00
0.369700	128.00
0.369720	128.00
0.369740	127.00
0.369760	127.00
0.369780	127.00
0.369800	126.00
0.369820	126.00
0.369840	126.00
0.369860	126.00
0.369880	127.00
0.369900	127.00
0.369920	127.00
0.369940	126.00
0.369960	125.00
0.369980	125.00
0.370000	125.00
0.370020	125.00
0.370040	125.00
0.370060	125.00
0.370080	125.00
0.370100	125.00
0.370120	125.00
0.370140	125.00
0.370160	125.00
0.370180	125.00
0.370200	125.00
0.370220	126.00
0.370240	126.00
0.370260	126.00
0.370280	126.00
0.370300	125.00
0.370320	124.00
0.370340	125.00
0.370360	125.00
0.370380	126.00
0.370400	125.00
0.370420	124.00
0.370440	123.00
0.370460	124.00
0.370480	125.00
0.370500	125.00
0.370520	124.00
0.370540	124.00
0.370560	123.00
0.370580	124.00
0.370600	126.00
0.370620	126.00
0.370640	126.00
0.370660	126.00
0.370680	126.00
0.370700	126.00
0.370720	127.00
0.370740	126.00
0.370760	125.00
0.370780	125.00
0.370800	126.00
0.370820	127.00
0.370840	127.00
0.370860	127.00
0.370880	125.00
0.370900	125.00
0.370920	125.00
0.370940	126.00
0.370960	127.00
0.370980	126.00
0.371000	126.00
0.371020	125.00
0.371040	125.00
0.371060	124.00
0.371080	124.00
0.371100	123.00
0.371120	123.00
0.371140	124.00
0.371160	125.00
0.371180	126.00
0.371200	125.00
0.371220	125.00
0.371240	125.00
0.371260	125.00
0.371280	125.00
0.371300	125.00
0.371320	124.00
0.371340	124.00
0.371360	124.00
0.371380	125.00
0.371400	125.00
0.371420	125.00
0.371440	125.00
0.371460	124.00
0.371480	124.00
0.371500	124.00
0.371520	124.00
0.371540	125.00
0.371560	126.00
0.371580	127.00
0.371600	126.00
0.371620	125.00
0.371640	124.00
0.371660	125.00
0.371680	126.00
0.371700	127.00
0.371720	126.00
0.371740	125.00
0.371760	124.00
0.371780	125.00
0.371800	126.00
0.371820	127.00
0.371840	127.00
0.371860	127.00
0.371880	127.00
0.371900	127.00
0.371920	127.00
0.371940	126.00
0.371960	125.00
0.371980	125.00
0.372000	125.00
0.372020	125.00
0.372040	126.00
0.372060	125.00
0.372080	125.00
0.372100	125.00
0.372120	125.00
0.372140	125.00
0.372160	126.00
0.372180	126.00
0.372200	126.00
0.372220	126.00
0.372240	126.00
0.372260	126.00
0.372280	126.00
0.372300	126.00
0.372320	126.00
0.372340	126.00
0.372360	126.00
0.372380	125.00
0.372400	124.00
0.372420	124.00
0.372440	124.00
0.372460	125.00
0.372480	126.00
0.372500	126.00
0.372520	126.00
0.372540	126.00
0.372560	126.00
0.372580	126.00
0.372600	126.00
0.372620	126.00
0.372640	126.00
0.372660	126.00
0.372680	126.00
0.372700	125.00
0.372720	125.00
0.372740	125.00
0.372760	125.00
0.372780	125.00
0.372800	125.00
0.372820	125.00
0.372840	125.00
0.372860	126.00
0.372880	127.00
0.372900	127.00
0.372920	127.00
0.372940	126.00
0.372960	125.00
0.372980	125.00
0.373000	125.00
0.373020	125.00
0.373040	125.00
0.373060	125.00
0.373080	125.00
0.373100	126.00
0.373120	126.00
0.373140	125.00
0.373160	125.00
0.373180	125.00
0.373200	125.00
0.373220	126.00
0.373240	126.00
0.373260	125.00
0.373280	125.00
0.373300	124.00
0.373320	124.00
0.373340	124.00
0.373360	124.00
0.373380	123.00
0.373400	123.00
0.373420	124.00
0.373440	125.00
0.373460	126.00
0.373480	125.00
0.373500	125.00
0.373520	124.00
0.373540	125.00
0.373560	125.00
0.373580	126.00
0.373600	126.00
0.373620	126.00
0.373640	126.00
0.373660	125.00
0.373680	125.00
0.373700	126.00
0.373720	126.00
0.373740	126.00
0.373760	126.00
0.373780	126.00
0.373800	126.00
0.373820	126.00
0.373840	126.00
0.373860	127.00
0.373880	126.00
0.373900	126.00
0.373920	126.00
0.373940	127.00
0.373960	126.00
0.373980	126.00
0.374000	126.00
0.374020	125.00
0.374040	125.00
0.374060	125.00
0.374080	126.00
0.374100	126.00
0.374120	126.00
0.374140	125.00
0.374160	124.00
0.374180	124.00
0.374200	123.00
0.374220	123.00
0.374240	124.00
0.374260	124.00
0.374280	124.00
0.374300	124.00
0.374320	124.00
0.374340	125.00
0.374360	126.00
0.374380	126.00
0.374400	126.00
0.374420	126.00
0.374440	127.00
0.374460	127.00
0.374480	127.00
0.374500	126.00
0.374520	126.00
0.374540	126.00
0.374560	126.00
0.374580	125.00
0.374600	125.00
0.374620	125.00
0.374640	125.00
0.374660	125.00
0.374680	125.00
0.374700	125.00
0.374720	125.00
0.374740	126.00
0.374760	127.00
0.374780	128.00
0.374800	127.00
0.374820	126.00
0.374840	125.00
0.374860	125.00
0.374880	125.00
0.374900	125.00
0.374920	124.00
0.374940	124.00
0.374960	125.00
0.374980	126.00
0.375000	127.00
0.375020	127.00
0.375040	126.00
0.375060	125.00
0.375080	124.00
0.375100	124.00
0.375120	125.00
0.375140	125.00
0.375160	125.00
0.375180	124.00
0.375200	123.00
0.375220	122.00
0.375240	122.00
0.375260	123.00
0.375280	123.00
0.375300	123.00
0.375320	123.00
0.375340	124.00
0.375360	125.00
0.375380	126.00
0.375400	126.00
0.375420	127.00
0.375440	127.00
0.375460	127.00
0.375480	127.00
0.375500	126.00
0.375520	125.00
0.375540	125.00
0.375560	125.00
0.375580	126.00
0.375600	126.00
0.375620	125.00
0.375640	125.00
0.375660	125.00
0.375680	126.00
0.375700	127.00
0.375720	127.00
0.375740	126.00
0.375760	126.00
0.375780	126.00
0.375800	126.00
0.375820	126.00
0.375840	125.00
0.375860	124.00
0.375880	124.00
0.375900	124.00
0.375920	124.00
0.375940	124.00
0.375960	124.00
0.375980	125.00
0.376000	126.00
0.376020	126.00
0.376040	125.00
0.376060	124.00
0.376080	124.00
0.376100	125.00
0.376120	125.00
0.376140	125.00
0.376160	125.00
0.376180	124.00
0.376200	125.00
0.376220	124.00
0.376240	124.00
0.376260	124.00
0.376280	124.00
0.376300	125.00
0.376320	126.00
0.376340	127.00
0.376360	127.00
0.376380	126.00
0.376400	125.00
0.376420	124.00
0.376440	124.00
0.376460	125.00
0.376480	126.00
0.376500	127.00
0.376520	127.00
0.376540	127.00
0.376560	127.00
0.376580	126.00
0.376600	125.00
0.376620	124.00
0.376640	125.00
0.376660	126.00
0.376680	126.00
0.376700	126.00
0.376720	126.00
0.376740	125.00
0.376760	125.00
0.376780	125.00
0.376800	125.00
0.376820	125.00
0.376840	125.00
0.376860	125.00
0.376880	126.00
0.376900	126.00
0.376920	126.00
0.376940	126.00
0.376960	126.00
0.376980	126.00
0.377000	125.00
0.377020	125.00
0.377040	124.00
0.377060	124.00
0.377080	124.00
0.377100	124.00
0.377120	124.00
0.377140	125.00
0.377160	125.00
0.377180	125.00
0.377200	124.00
0.377220	124.00
0.377240	124.00
0.377260	124.00
0.377280	125.00
0.377300	125.00
0.377320	125.00
0.377340	125.00
0.377360	125.00
0.377380	125.00
0.377400	125.00
0.377420	125.00
0.377440	125.00
0.377460	125.00
0.377480	125.00
0.377500	126.00
0.377520	126.00
0.377540	126.00
0.377560	126.00
0.377580	126.00
0.377600	126.00
0.377620	127.00
0.377640	127.00
0.377660	127.00
0.377680	126.00
0.377700	126.00
0.377720	126.00
0.377740	125.00
0.377760	125.00
0.377780	125.00
0.377800	125.00
0.377820	125.00
0.377840	125.00
0.377860	125.00
0.377880	125.00
0.377900	125.00
0.377920	126.00
0.377940	126.00
0.377960	126.00
0.377980	126.00
0.378000	126.00
0.378020	126.00
0.378040	126.00
0.378060	126.00
0.378080	125.00
0.378100	125.00
0.378120	125.00
0.378140	124.00
0.378160	125.00
0.378180	125.00
0.378200	125.00
0.378220	125.00
0.378240	125.00
0.378260	124.00
0.378280	124.00
0.378300	125.00
0.378320	125.00
0.378340	126.00
0.378360	126.00
0.378380	127.00
0.378400	127.00
0.378420	127.00
0.378440	126.00
0.378460	126.00
0.378480	125.00
0.378500	125.00
0.378520	125.00
0.378540	126.00
0.378560	126.00
0.378580	126.00
0.378600	125.00
0.378620	125.00
0.378640	124.00
0.378660	124.00
0.378680	125.00
0.378700	126.00
0.378720	127.00
0.378740	127.00
0.378760	126.00
0.378780	126.00
0.378800	126.00
0.378820	126.00
0.378840	125.00
0.378860	125.00
0.378880	125.00
0.378900	125.00
0.378920	125.00
0.378940	125.00
0.378960	125.00
0.378980	125.00
0.379000	126.00
0.379020	127.00
0.379040	127.00
0.379060	126.00
0.379080	126.00
0.379100	125.00
0.379120	125.00
0.379140	124.00
0.379160	124.00
0.379180	125.00
0.379200	126.00
0.379220	126.00
0.379240	126.00
0.379260	125.00
0.379280	124.00
0.379300	125.00
0.379320	126.00
0.379340	127.00
0.379360	127.00
0.379380	126.00
0.379400	124.00
0.379420	124.00
0.379440	125.00
0.379460	126.00
0.379480	126.00
0.379500	126.00
0.379520	126.00
0.379540	127.00
0.379560	127.00
0.379580	126.00
0.379600	125.00
0.379620	125.00
0.379640	125.00
0.379660	126.00
0.379680	126.00
0.379700	125.00
0.379720	125.00
0.379740	125.00
0.379760	126.00
0.379780	127.00
0.379800	127.00
0.379820	125.00
0.379840	124.00
0.379860	124.00
0.379880	124.00
0.379900	125.00
0.379920	126.00
0.379940	125.00
0.379960	125.00
0.379980	125.00
0.380000	125.00
0.380020	125.00
0.380040	125.00
0.380060	125.00
0.380080	125.00
0.380100	124.00
0.380120	124.00
0.380140	123.00
0.380160	124.00
0.380180	126.00
0.380200	127.00
0.380220	127.00
0.380240	126.00
0.380260	126.00
0.380280	126.00
0.380300	126.00
0.380320	126.00
0.380340	125.00
0.380360	124.00
0.380380	124.00
0.380400	125.00
0.380420	125.00
0.380440	125.00
0.380460	126.00
0.380480	126.00
0.380500	127.00
0.380520	127.00
0.380540	126.00
0.380560	126.00
0.380580	126.00
0.380600	126.00
0.380620	125.00
0.380640	125.00
0.380660	125.00
0.380680	125.00
0.380700	126.00
0.380720	126.00
0.380740	125.00
0.380760	124.00
0.380780	124.00
0.380800	125.00
0.380820	125.00
0.380840	125.00
0.380860	125.00
0.380880	125.00
0.380900	126.00
0.380920	126.00
0.380940	126.00
0.380960	125.00
0.380980	124.00
0.381000	123.00
0.381020	123.00
0.381040	123.00
0.381060	124.00
0.381080	124.00
0.381100	125.00
0.381120	126.00
0.381140	126.00
0.381160	125.00
0.381180	125.00
0.381200	126.00
0.381220	126.00
0.381240	127.00
0.381260	126.00
0.381280	126.00
0.381300	126.00
0.381320	125.00
0.381340	125.00
0.381360	126.00
0.381380	126.00
0.381400	127.00
0.381420	127.00
0.381440	127.00
0.381460	126.00
0.381480	125.00
0.381500	124.00
0.381520	123.00
0.381540	123.00
0.381560	123.00
0.381580	124.00
0.381600	125.00
0.381620	125.00
0.381640	125.00
0.381660	124.00
0.381680	125.00
0.381700	126.00
0.381720	126.00
0.381740	125.00
0.381760	124.00
0.381780	124.00
0.381800	125.00
0.381820	126.00
0.381840	126.00
0.381860	126.00
0.381880	125.00
0.381900	124.00
0.381920	124.00
0.381940	124.00
0.381960	124.00
0.381980	125.00
0.382000	125.00
0.382020	125.00
0.382040	125.00
0.382060	125.00
0.382080	125.00
0.382100	126.00
0.382120	126.00
0.382140	125.00
0.382160	125.00
0.382180	124.00
0.382200	124.00
0.382220	124.00
0.382240	124.00
0.382260	124.00
0.382280	125.00
0.382300	126.00
0.382320	127.00
0.382340	127.00
0.382360	126.00
0.382380	125.00
0.382400	124.00
0.382420	124.00
0.382440	125.00
0.382460	125.00
0.382480	126.00
0.382500	128.00
0.382520	129.00
0.382540	128.00
0.382560	127.00
0.382580	126.00
0.382600	125.00
0.382620	125.00
0.382640	125.00
0.382660	125.00
0.382680	125.00
0.382700	125.00
0.382720	125.00
0.382740	125.00
0.382760	124.00
0.382780	124.00
0.382800	124.00
0.382820	124.00
0.382840	124.00
0.382860	123.00
0.382880	124.00
0.382900	125.00
0.382920	127.00
0.382940	127.00
0.382960	127.00
0.382980	125.00
0.383000	124.00
0.383020	124.00
0.383040	125.00
0.383060	125.00
0.383080	125.00
0.383100	125.00
0.383120	125.00
0.383140	125.00
0.383160	126.00
0.383180	126.00
0.383200	125.00
0.383220	124.00
0.383240	124.00
0.383260	124.00
0.383280	125.00
0.383300	126.00
0.383320	127.00
0.383340	127.00
0.383360	126.00
0.383380	126.00
0.383400	126.00
0.383420	126.00
0.383440	126.00
0.383460	126.00
0.383480	126.00
0.383500	126.00
0.383520	126.00
0.383540	127.00
0.383560	127.00
0.383580	126.00
0.383600	125.00
0.383620	126.00
0.383640	127.00
0.383660	127.00
0.383680	127.00
0.383700	126.00
0.383720	125.00
0.383740	125.00
0.383760	126.00
0.383780	126.00
