0.303800	101.00
0.303820	51.00
0.303840	103.00
0.303860	142.00
0.303880	146.00
0.303900	127.00
0.303920	114.00
0.303940	120.00
0.303960	132.00
0.303980	134.00
0.304000	126.00
0.304020	119.00
0.304040	122.00
0.304060	129.00
0.304080	131.00
0.304100	125.00
0.304120	120.00
0.304140	121.00
0.304160	126.00
0.304180	128.00
0.304200	124.00
0.304220	121.00
0.304240	122.00
0.304260	125.00
0.304280	125.00
0.304300	122.00
0.304320	120.00
0.304340	122.00
0.304360	125.00
0.304380	126.00
0.304400	123.00
0.304420	122.00
0.304440	124.00
0.304460	128.00
0.304480	129.00
0.304500	127.00
0.304520	124.00
0.304540	125.00
0.304560	127.00
0.304580	128.00
0.304600	125.00
0.304620	124.00
0.304640	125.00
0.304660	128.00
0.304680	128.00
0.304700	126.00
0.304720	124.00
0.304740	125.00
0.304760	127.00
0.304780	128.00
0.304800	127.00
0.304820	125.00
0.304840	126.00
0.304860	128.00
0.304880	129.00
0.304900	127.00
0.304920	125.00
0.304940	125.00
0.304960	126.00
0.304980	127.00
0.305000	126.00
0.305020	124.00
0.305040	125.00
0.305060	126.00
0.305080	126.00
0.305100	125.00
0.305120	123.00
0.305140	123.00
0.305160	125.00
0.305180	126.00
0.305200	125.00
0.305220	124.00
0.305240	124.00
0.305260	127.00
0.305280	128.00
0.305300	127.00
0.305320	125.00
0.305340	124.00
0.305360	125.00
0.305380	126.00
0.305400	127.00
0.305420	126.00
0.305440	125.00
0.305460	125.00
0.305480	125.00
0.305500	124.00
0.305520	124.00
0.305540	124.00
0.305560	124.00
0.305580	125.00
0.305600	124.00
0.305620	125.00
0.305640	125.00
0.305660	126.00
0.305680	126.00
0.305700	125.00
0.305720	125.00
0.305740	126.00
0.305760	129.00
0.305780	129.00
0.305800	128.00
0.305820	127.00
0.305840	127.00
0.305860	127.00
0.305880	126.00
0.305900	124.00
0.305920	123.00
0.305940	124.00
0.305960	126.00
0.305980	127.00
0.306000	127.00
0.306020	126.00
0.306040	125.00
0.306060	125.00
0.306080	125.00
0.306100	125.00
0.306120	124.00
0.306140	124.00
0.306160	125.00
0.306180	125.00
0.306200	125.00
0.306220	124.00
0.306240	124.00
0.306260	124.00
0.306280	125.00
0.306300	125.00
0.306320	125.00
0.306340	125.00
0.306360	126.00
0.306380	126.00
0.306400	126.00
0.306420	124.00
0.306440	124.00
0.306460	124.00
0.306480	124.00
0.306500	124.00
0.306520	124.00
0.306540	125.00
0.306560	126.00
0.306580	126.00
0.306600	126.00
0.306620	126.00
0.306640	126.00
0.306660	126.00
0.306680	125.00
0.306700	124.00
0.306720	123.00
0.306740	124.00
0.306760	126.00
0.306780	126.00
0.306800	126.00
0.306820	125.00
0.306840	126.00
0.306860	127.00
0.306880	127.00
0.306900	126.00
0.306920	125.00
0.306940	126.00
0.306960	127.00
0.306980	128.00
0.307000	127.00
0.307020	127.00
0.307040	126.00
0.307060	126.00
0.307080	125.00
0.307100	124.00
0.307120	123.00
0.307140	124.00
0.307160	125.00
0.307180	125.00
0.307200	125.00
0.307220	124.00
0.307240	124.00
0.307260	124.00
0.307280	123.00
0.307300	123.00
0.307320	124.00
0.307340	125.00
0.307360	126.00
0.307380	127.00
0.307400	127.00
0.307420	127.00
0.307440	127.00
0.307460	128.00
0.307480	128.00
0.307500	128.00
0.307520	127.00
0.307540	127.00
0.307560	127.00
0.307580	127.00
0.307600	126.00
0.307620	125.00
0.307640	125.00
0.307660	125.00
0.307680	125.00
0.307700	124.00
0.307720	123.00
0.307740	124.00
0.307760	126.00
0.307780	126.00
0.307800	125.00
0.307820	124.00
0.307840	124.00
0.307860	125.00
0.307880	127.00
0.307900	127.00
0.307920	126.00
0.307940	125.00
0.307960	126.00
0.307980	127.00
0.308000	127.00
0.308020	126.00
0.308040	125.00
0.308060	124.00
0.308080	124.00
0.308100	124.00
0.308120	124.00
0.308140	124.00
0.308160	124.00
0.308180	124.00
0.308200	125.00
0.308220	126.00
0.308240	126.00
0.308260	126.00
0.308280	126.00
0.308300	126.00
0.308320	125.00
0.308340	125.00
0.308360	125.00
0.308380	126.00
0.308400	125.00
0.308420	125.00
0.308440	125.00
0.308460	125.00
0.308480	125.00
0.308500	125.00
0.308520	125.00
0.308540	125.00
0.308560	126.00
0.308580	126.00
0.308600	126.00
0.308620	126.00
0.308640	127.00
0.308660	127.00
0.308680	126.00
0.308700	125.00
0.308720	125.00
0.308740	126.00
0.308760	126.00
0.308780	126.00
0.308800	125.00
0.308820	124.00
0.308840	124.00
0.308860	125.00
0.308880	125.00
0.308900	125.00
0.308920	125.00
0.308940	125.00
0.308960	125.00
0.308980	125.00
0.309000	124.00
0.309020	124.00
0.309040	124.00
0.309060	125.00
0.309080	125.00
0.309100	125.00
0.309120	125.00
0.309140	126.00
0.309160	126.00
0.309180	126.00
0.309200	124.00
0.309220	123.00
0.309240	123.00
0.309260	124.00
0.309280	126.00
0.309300	127.00
0.309320	126.00
0.309340	126.00
0.309360	125.00
0.309380	125.00
0.309400	125.00
0.309420	125.00
0.309440	125.00
0.309460	125.00
0.309480	125.00
0.309500	125.00
0.309520	125.00
0.309540	127.00
0.309560	128.00
0.309580	128.00
0.309600	128.00
0.309620	128.00
0.309640	127.00
0.309660	126.00
0.309680	124.00
0.309700	122.00
0.309720	122.00
0.309740	123.00
0.309760	125.00
0.309780	127.00
0.309800	128.00
0.309820	127.00
0.309840	126.00
0.309860	125.00
0.309880	125.00
0.309900	126.00
0.309920	126.00
0.309940	125.00
0.309960	125.00
0.309980	124.00
0.310000	123.00
0.310020	122.00
0.310040	121.00
0.310060	123.00
0.310080	125.00
0.310100	128.00
0.310120	130.00
0.310140	131.00
0.310160	130.00
0.310180	127.00
0.310200	125.00
0.310220	123.00
0.310240	122.00
0.310260	122.00
0.310280	124.00
0.310300	126.00
0.310320	128.00
0.310340	129.00
0.310360	130.00
0.310380	128.00
0.310400	126.00
0.310420	124.00
0.310440	122.00
0.310460	121.00
0.310480	121.00
0.310500	123.00
0.310520	125.00
0.310540	128.00
0.310560	131.00
0.310580	132.00
0.310600	131.00
0.310620	129.00
0.310640	128.00
0.310660	127.00
0.310680	126.00
0.310700	125.00
0.310720	124.00
0.310740	124.00
0.310760	124.00
0.310780	124.00
0.310800	124.00
0.310820	125.00
0.310840	126.00
0.310860	127.00
0.310880	128.00
0.310900	129.00
0.310920	130.00
0.310940	129.00
0.310960	126.00
0.310980	122.00
0.311000	118.00
0.311020	116.00
0.311040	117.00
0.311060	121.00
0.311080	125.00
0.311100	130.00
0.311120	134.00
0.311140	136.00
0.311160	134.00
0.311180	129.00
0.311200	123.00
0.311220	117.00
0.311240	113.00
0.311260	112.00
0.311280	114.00
0.311300	119.00
0.311320	126.00
0.311340	133.00
0.311360	138.00
0.311380	139.00
0.311400	138.00
0.311420	134.00
0.311440	128.00
0.311460	122.00
0.311480	117.00
0.311500	114.00
0.311520	115.00
0.311540	119.00
0.311560	123.00
0.311580	127.00
0.311600	130.00
0.311620	132.00
0.311640	134.00
0.311660	134.00
0.311680	132.00
0.311700	130.00
0.311720	128.00
0.311740	126.00
0.311760	124.00
0.311780	122.00
0.311800	120.00
0.311820	120.00
0.311840	123.00
0.311860	125.00
0.311880	125.00
0.311900	125.00
0.311920	125.00
0.311940	127.00
0.311960	128.00
0.311980	128.00
0.312000	126.00
0.312020	125.00
0.312040	124.00
0.312060	124.00
0.312080	124.00
0.312100	123.00
0.312120	122.00
0.312140	123.00
0.312160	124.00
0.312180	125.00
0.312200	125.00
0.312220	126.00
0.312240	127.00
0.312260	127.00
0.312280	128.00
0.312300	127.00
0.312320	126.00
0.312340	125.00
0.312360	126.00
0.312380	126.00
0.312400	125.00
0.312420	125.00
0.312440	125.00
0.312460	126.00
0.312480	127.00
0.312500	127.00
0.312520	128.00
0.312540	128.00
0.312560	127.00
0.312580	126.00
0.312600	125.00
0.312620	125.00
0.312640	125.00
0.312660	126.00
0.312680	127.00
0.312700	126.00
0.312720	125.00
0.312740	124.00
0.312760	125.00
0.312780	125.00
0.312800	125.00
0.312820	125.00
0.312840	126.00
0.312860	127.00
0.312880	128.00
0.312900	127.00
0.312920	126.00
0.312940	125.00
0.312960	126.00
0.312980	126.00
0.313000	124.00
0.313020	122.00
0.313040	121.00
0.313060	122.00
0.313080	124.00
0.313100	126.00
0.313120	127.00
0.313140	127.00
0.313160	128.00
0.313180	128.00
0.313200	128.00
0.313220	127.00
0.313240	126.00
0.313260	126.00
0.313280	125.00
0.313300	125.00
0.313320	125.00
0.313340	125.00
0.313360	126.00
0.313380	126.00
0.313400	126.00
0.313420	126.00
0.313440	125.00
0.313460	125.00
0.313480	125.00
0.313500	125.00
0.313520	125.00
0.313540	124.00
0.313560	124.00
0.313580	123.00
0.313600	123.00
0.313620	123.00
0.313640	124.00
0.313660	126.00
0.313680	126.00
0.313700	125.00
0.313720	125.00
0.313740	124.00
0.313760	124.00
0.313780	124.00
0.313800	124.00
0.313820	124.00
0.313840	125.00
0.313860	126.00
0.313880	125.00
0.313900	125.00
0.313920	124.00
0.313940	123.00
0.313960	124.00
0.313980	124.00
0.314000	125.00
0.314020	126.00
0.314040	126.00
0.314060	127.00
0.314080	127.00
0.314100	127.00
0.314120	127.00
0.314140	127.00
0.314160	127.00
0.314180	126.00
0.314200	126.00
0.314220	125.00
0.314240	125.00
0.314260	126.00
0.314280	126.00
0.314300	126.00
0.314320	125.00
0.314340	125.00
0.314360	125.00
0.314380	125.00
0.314400	125.00
0.314420	126.00
0.314440	126.00
0.314460	127.00
0.314480	126.00
0.314500	126.00
0.314520	126.00
0.314540	126.00
0.314560	126.00
0.314580	125.00
0.314600	125.00
0.314620	125.00
0.314640	126.00
0.314660	128.00
0.314680	128.00
0.314700	127.00
0.314720	126.00
0.314740	124.00
0.314760	124.00
0.314780	124.00
0.314800	124.00
0.314820	124.00
0.314840	124.00
0.314860	125.00
0.314880	125.00
0.314900	125.00
0.314920	125.00
0.314940	124.00
0.314960	124.00
0.314980	124.00
0.315000	124.00
0.315020	125.00
0.315040	126.00
0.315060	126.00
0.315080	125.00
0.315100	124.00
0.315120	124.00
0.315140	124.00
0.315160	124.00
0.315180	124.00
0.315200	124.00
0.315220	124.00
0.315240	125.00
0.315260	126.00
0.315280	128.00
0.315300	129.00
0.315320	129.00
0.315340	129.00
0.315360	128.00
0.315380	127.00
0.315400	126.00
0.315420	126.00
0.315440	126.00
0.315460	126.00
0.315480	126.00
0.315500	126.00
0.315520	125.00
0.315540	126.00
0.315560	126.00
0.315580	125.00
0.315600	124.00
0.315620	124.00
0.315640	124.00
0.315660	125.00
0.315680	126.00
0.315700	125.00
0.315720	124.00
0.315740	124.00
0.315760	124.00
0.315780	125.00
0.315800	125.00
0.315820	124.00
0.315840	123.00
0.315860	123.00
0.315880	123.00
0.315900	123.00
0.315920	123.00
0.315940	122.00
0.315960	122.00
0.315980	123.00
0.316000	125.00
0.316020	125.00
0.316040	126.00
0.316060	126.00
0.316080	126.00
0.316100	126.00
0.316120	126.00
0.316140	125.00
0.316160	126.00
0.316180	126.00
0.316200	126.00
0.316220	127.00
0.316240	127.00
0.316260	127.00
0.316280	127.00
0.316300	127.00
0.316320	127.00
0.316340	127.00
0.316360	127.00
0.316380	126.00
0.316400	126.00
0.316420	126.00
0.316440	126.00
0.316460	127.00
0.316480	127.00
0.316500	127.00
0.316520	126.00
0.316540	126.00
0.316560	126.00
0.316580	126.00
0.316600	125.00
0.316620	124.00
0.316640	124.00
0.316660	124.00
0.316680	125.00
0.316700	125.00
0.316720	124.00
0.316740	124.00
0.316760	124.00
0.316780	124.00
0.316800	124.00
0.316820	125.00
0.316840	126.00
0.316860	127.00
0.316880	128.00
0.316900	128.00
0.316920	127.00
0.316940	126.00
0.316960	125.00
0.316980	124.00
0.317000	124.00
0.317020	124.00
0.317040	125.00
0.317060	125.00
0.317080	125.00
0.317100	124.00
0.317120	124.00
0.317140	124.00
0.317160	125.00
0.317180	125.00
0.317200	125.00
0.317220	125.00
0.317240	125.00
0.317260	125.00
0.317280	125.00
0.317300	125.00
0.317320	125.00
0.317340	125.00
0.317360	125.00
0.317380	125.00
0.317400	124.00
0.317420	124.00
0.317440	124.00
0.317460	125.00
0.317480	126.00
0.317500	127.00
0.317520	127.00
0.317540	126.00
0.317560	126.00
0.317580	125.00
0.317600	125.00
0.317620	124.00
0.317640	124.00
0.317660	125.00
0.317680	126.00
0.317700	126.00
0.317720	125.00
0.317740	125.00
0.317760	126.00
0.317780	127.00
0.317800	127.00
0.317820	127.00
0.317840	126.00
0.317860	126.00
0.317880	125.00
0.317900	125.00
0.317920	125.00
0.317940	125.00
0.317960	126.00
0.317980	127.00
0.318000	127.00
0.318020	127.00
0.318040	127.00
0.318060	126.00
0.318080	126.00
0.318100	126.00
0.318120	126.00
0.318140	125.00
0.318160	125.00
0.318180	125.00
0.318200	125.00
0.318220	126.00
0.318240	126.00
0.318260	126.00
0.318280	126.00
0.318300	125.00
0.318320	124.00
0.318340	125.00
0.318360	125.00
0.318380	125.00
0.318400	125.00
0.318420	125.00
0.318440	125.00
0.318460	126.00
0.318480	127.00
0.318500	128.00
0.318520	128.00
0.318540	128.00
0.318560	127.00
0.318580	127.00
0.318600	127.00
0.318620	126.00
0.318640	126.00
0.318660	126.00
0.318680	125.00
0.318700	124.00
0.318720	123.00
0.318740	122.00
0.318760	122.00
0.318780	123.00
0.318800	124.00
0.318820	124.00
0.318840	124.00
0.318860	125.00
0.318880	125.00
0.318900	126.00
0.318920	126.00
0.318940	126.00
0.318960	126.00
0.318980	125.00
0.319000	124.00
0.319020	123.00
0.319040	123.00
0.319060	124.00
0.319080	125.00
0.319100	126.00
0.319120	126.00
0.319140	126.00
0.319160	126.00
0.319180	127.00
0.319200	128.00
0.319220	128.00
0.319240	128.00
0.319260	128.00
0.319280	127.00
0.319300	125.00
0.319320	124.00
0.319340	124.00
0.319360	124.00
0.319380	125.00
0.319400	125.00
0.319420	125.00
0.319440	125.00
0.319460	125.00
0.319480	126.00
0.319500	127.00
0.319520	127.00
0.319540	127.00
0.319560	127.00
0.319580	127.00
0.319600	126.00
0.319620	126.00
0.319640	125.00
0.319660	124.00
0.319680	124.00
0.319700	124.00
0.319720	124.00
0.319740	125.00
0.319760	125.00
0.319780	125.00
0.319800	125.00
0.319820	125.00
0.319840	126.00
0.319860	126.00
0.319880	126.00
0.319900	125.00
0.319920	125.00
0.319940	124.00
0.319960	124.00
0.319980	124.00
0.320000	124.00
0.320020	124.00
0.320040	125.00
0.320060	126.00
0.320080	127.00
0.320100	127.00
0.320120	128.00
0.320140	128.00
0.320160	128.00
0.320180	127.00
0.320200	126.00
0.320220	126.00
0.320240	127.00
0.320260	127.00
0.320280	127.00
0.320300	127.00
0.320320	126.00
0.320340	125.00
0.320360	126.00
0.320380	126.00
0.320400	125.00
0.320420	125.00
0.320440	124.00
0.320460	124.00
0.320480	125.00
0.320500	125.00
0.320520	125.00
0.320540	125.00
0.320560	125.00
0.320580	125.00
0.320600	125.00
0.320620	125.00
0.320640	126.00
0.320660	125.00
0.320680	125.00
0.320700	124.00
0.320720	124.00
0.320740	124.00
0.320760	125.00
0.320780	125.00
0.320800	125.00
0.320820	125.00
0.320840	125.00
0.320860	126.00
0.320880	126.00
0.320900	126.00
0.320920	125.00
0.320940	125.00
0.320960	126.00
0.320980	126.00
0.321000	126.00
0.321020	125.00
0.321040	125.00
0.321060	126.00
0.321080	127.00
0.321100	128.00
0.321120	127.00
0.321140	127.00
0.321160	128.00
0.321180	128.00
0.321200	127.00
0.321220	127.00
0.321240	126.00
0.321260	126.00
0.321280	126.00
0.321300	125.00
0.321320	125.00
0.321340	124.00
0.321360	125.00
0.321380	126.00
0.321400	126.00
0.321420	126.00
0.321440	126.00
0.321460	125.00
0.321480	125.00
0.321500	124.00
0.321520	123.00
0.321540	124.00
0.321560	125.00
0.321580	127.00
0.321600	129.00
0.321620	128.00
0.321640	126.00
0.321660	124.00
0.321680	124.00
0.321700	125.00
0.321720	125.00
0.321740	125.00
0.321760	124.00
0.321780	124.00
0.321800	124.00
0.321820	126.00
0.321840	127.00
0.321860	128.00
0.321880	128.00
0.321900	128.00
0.321920	127.00
0.321940	127.00
0.321960	127.00
0.321980	127.00
0.322000	127.00
0.322020	127.00
0.322040	126.00
0.322060	125.00
0.322080	124.00
0.322100	124.00
0.322120	124.00
0.322140	124.00
0.322160	124.00
0.322180	124.00
0.322200	124.00
0.322220	125.00
0.322240	126.00
0.322260	127.00
0.322280	127.00
0.322300	126.00
0.322320	125.00
0.322340	124.00
0.322360	123.00
0.322380	123.00
0.322400	123.00
0.322420	124.00
0.322440	125.00
0.322460	125.00
0.322480	126.00
0.322500	125.00
0.322520	125.00
0.322540	124.00
0.322560	124.00
0.322580	123.00
0.322600	123.00
0.322620	123.00
0.322640	123.00
0.322660	124.00
0.322680	125.00
0.322700	125.00
0.322720	126.00
0.322740	126.00
0.322760	127.00
0.322780	127.00
0.322800	127.00
0.322820	127.00
0.322840	127.00
0.322860	126.00
0.322880	125.00
0.322900	125.00
0.322920	125.00
0.322940	125.00
0.322960	125.00
0.322980	125.00
0.323000	125.00
0.323020	125.00
0.323040	125.00
0.323060	126.00
0.323080	126.00
0.323100	126.00
0.323120	126.00
0.323140	126.00
0.323160	127.00
0.323180	127.00
0.323200	126.00
0.323220	125.00
0.323240	125.00
0.323260	125.00
0.323280	125.00
0.323300	125.00
0.323320	126.00
0.323340	126.00
0.323360	126.00
0.323380	126.00
0.323400	124.00
0.323420	123.00
0.323440	122.00
0.323460	123.00
0.323480	124.00
0.323500	125.00
0.323520	125.00
0.323540	126.00
0.323560	126.00
0.323580	125.00
0.323600	125.00
0.323620	125.00
0.323640	124.00
0.323660	124.00
0.323680	125.00
0.323700	126.00
0.323720	127.00
0.323740	128.00
0.323760	128.00
0.323780	128.00
0.323800	127.00
0.323820	126.00
0.323840	125.00
0.323860	125.00
0.323880	125.00
0.323900	125.00
0.323920	125.00
0.323940	126.00
0.323960	126.00
0.323980	126.00
0.324000	126.00
0.324020	125.00
0.324040	126.00
0.324060	126.00
0.324080	126.00
0.324100	127.00
0.324120	127.00
0.324140	127.00
0.324160	127.00
0.324180	128.00
0.324200	127.00
0.324220	126.00
0.324240	125.00
0.324260	124.00
0.324280	124.00
0.324300	124.00
0.324320	125.00
0.324340	125.00
0.324360	125.00
0.324380	124.00
0.324400	124.00
0.324420	125.00
0.324440	125.00
0.324460	125.00
0.324480	124.00
0.324500	123.00
0.324520	122.00
0.324540	122.00
0.324560	123.00
0.324580	125.00
0.324600	125.00
0.324620	125.00
0.324640	126.00
0.324660	126.00
0.324680	127.00
0.324700	127.00
0.324720	127.00
0.324740	126.00
0.324760	126.00
0.324780	125.00
0.324800	124.00
0.324820	123.00
0.324840	123.00
0.324860	124.00
0.324880	124.00
0.324900	125.00
0.324920	125.00
0.324940	125.00
0.324960	125.00
0.324980	125.00
0.325000	124.00
0.325020	125.00
0.325040	126.00
0.325060	127.00
0.325080	127.00
0.325100	127.00
0.325120	127.00
0.325140	127.00
0.325160	127.00
0.325180	127.00
0.325200	127.00
0.325220	127.00
0.325240	127.00
0.325260	127.00
0.325280	127.00
0.325300	126.00
0.325320	125.00
0.325340	125.00
0.325360	126.00
0.325380	126.00
0.325400	126.00
0.325420	124.00
0.325440	123.00
0.325460	122.00
0.325480	123.00
0.325500	124.00
0.325520	125.00
0.325540	125.00
0.325560	125.00
0.325580	126.00
0.325600	125.00
0.325620	125.00
0.325640	125.00
0.325660	125.00
0.325680	126.00
0.325700	126.00
0.325720	125.00
0.325740	125.00
0.325760	125.00
0.325780	126.00
0.325800	126.00
0.325820	126.00
0.325840	125.00
0.325860	124.00
0.325880	125.00
0.325900	126.00
0.325920	126.00
0.325940	127.00
0.325960	126.00
0.325980	126.00
0.326000	126.00
0.326020	126.00
0.326040	126.00
0.326060	125.00
0.326080	125.00
0.326100	125.00
0.326120	125.00
0.326140	126.00
0.326160	126.00
0.326180	127.00
0.326200	128.00
0.326220	129.00
0.326240	128.00
0.326260	127.00
0.326280	125.00
0.326300	123.00
0.326320	122.00
0.326340	122.00
0.326360	122.00
0.326380	123.00
0.326400	123.00
0.326420	123.00
0.326440	124.00
0.326460	125.00
0.326480	126.00
0.326500	126.00
0.326520	125.00
0.326540	124.00
0.326560	124.00
0.326580	124.00
0.326600	124.00
0.326620	125.00
0.326640	125.00
0.326660	125.00
0.326680	125.00
0.326700	125.00
0.326720	126.00
0.326740	126.00
0.326760	127.00
0.326780	127.00
0.326800	126.00
0.326820	126.00
0.326840	126.00
0.326860	126.00
0.326880	126.00
0.326900	126.00
0.326920	125.00
0.326940	124.00
0.326960	124.00
0.326980	124.00
0.327000	125.00
0.327020	126.00
0.327040	127.00
0.327060	127.00
0.327080	127.00
0.327100	126.00
0.327120	125.00
0.327140	124.00
0.327160	124.00
0.327180	124.00
0.327200	125.00
0.327220	126.00
0.327240	127.00
0.327260	127.00
0.327280	127.00
0.327300	126.00
0.327320	126.00
0.327340	125.00
0.327360	125.00
0.327380	124.00
0.327400	124.00
0.327420	124.00
0.327440	125.00
0.327460	125.00
0.327480	126.00
0.327500	127.00
0.327520	126.00
0.327540	125.00
0.327560	125.00
0.327580	125.00
0.327600	125.00
0.327620	126.00
0.327640	126.00
0.327660	125.00
0.327680	125.00
0.327700	125.00
0.327720	126.00
0.327740	126.00
0.327760	126.00
0.327780	126.00
0.327800	126.00
0.327820	127.00
0.327840	127.00
0.327860	126.00
0.327880	125.00
0.327900	124.00
0.327920	124.00
0.327940	125.00
0.327960	126.00
0.327980	126.00
0.328000	126.00
0.328020	125.00
0.328040	125.00
0.328060	124.00
0.328080	124.00
0.328100	124.00
0.328120	124.00
0.328140	124.00
0.328160	125.00
0.328180	126.00
0.328200	126.00
0.328220	126.00
0.328240	125.00
0.328260	125.00
0.328280	125.00
0.328300	125.00
0.328320	125.00
0.328340	125.00
0.328360	124.00
0.328380	124.00
0.328400	125.00
0.328420	125.00
0.328440	126.00
0.328460	126.00
0.328480	126.00
0.328500	126.00
0.328520	126.00
0.328540	126.00
0.328560	126.00
0.328580	126.00
0.328600	126.00
0.328620	126.00
0.328640	126.00
0.328660	126.00
0.328680	126.00
0.328700	126.00
0.328720	126.00
0.328740	125.00
0.328760	125.00
0.328780	126.00
0.328800	126.00
0.328820	126.00
0.328840	126.00
0.328860	125.00
0.328880	125.00
0.328900	125.00
0.328920	126.00
0.328940	127.00
0.328960	127.00
0.328980	127.00
0.329000	127.00
0.329020	126.00
0.329040	126.00
0.329060	125.00
0.329080	125.00
0.329100	125.00
0.329120	126.00
0.329140	126.00
0.329160	125.00
0.329180	124.00
0.329200	124.00
0.329220	124.00
0.329240	124.00
0.329260	124.00
0.329280	124.00
0.329300	125.00
0.329320	125.00
0.329340	126.00
0.329360	125.00
0.329380	125.00
0.329400	124.00
0.329420	124.00
0.329440	124.00
0.329460	124.00
0.329480	124.00
0.329500	124.00
0.329520	124.00
0.329540	124.00
0.329560	124.00
0.329580	125.00
0.329600	125.00
0.329620	126.00
0.329640	126.00
0.329660	126.00
0.329680	126.00
0.329700	125.00
0.329720	126.00
0.329740	126.00
0.329760	127.00
0.329780	127.00
0.329800	126.00
0.329820	126.00
0.329840	126.00
0.329860	126.00
0.329880	125.00
0.329900	125.00
0.329920	125.00
0.329940	125.00
0.329960	125.00
0.329980	125.00
0.330000	125.00
0.330020	125.00
0.330040	125.00
0.330060	125.00
0.330080	125.00
0.330100	125.00
0.330120	125.00
0.330140	125.00
0.330160	125.00
0.330180	124.00
0.330200	124.00
0.330220	123.00
0.330240	123.00
0.330260	124.00
0.330280	125.00
0.330300	125.00
0.330320	124.00
0.330340	123.00
0.330360	123.00
0.330380	124.00
0.330400	125.00
0.330420	125.00
0.330440	126.00
0.330460	126.00
0.330480	126.00
0.330500	126.00
0.330520	127.00
0.330540	127.00
0.330560	127.00
0.330580	126.00
0.330600	125.00
0.330620	124.00
0.330640	125.00
0.330660	125.00
0.330680	126.00
0.330700	126.00
0.330720	127.00
0.330740	128.00
0.330760	128.00
0.330780	127.00
0.330800	127.00
0.330820	127.00
0.330840	127.00
0.330860	127.00
0.330880	126.00
0.330900	125.00
0.330920	125.00
0.330940	126.00
0.330960	127.00
0.330980	127.00
0.331000	127.00
0.331020	126.00
0.331040	125.00
0.331060	125.00
0.331080	125.00
0.331100	125.00
0.331120	125.00
0.331140	126.00
0.331160	126.00
0.331180	126.00
0.331200	125.00
0.331220	124.00
0.331240	123.00
0.331260	123.00
0.331280	124.00
0.331300	124.00
0.331320	125.00
0.331340	125.00
0.331360	125.00
0.331380	125.00
0.331400	124.00
0.331420	124.00
0.331440	124.00
0.331460	125.00
0.331480	126.00
0.331500	126.00
0.331520	126.00
0.331540	126.00
0.331560	126.00
0.331580	126.00
0.331600	125.00
0.331620	125.00
0.331640	125.00
0.331660	126.00
0.331680	127.00
0.331700	127.00
0.331720	127.00
0.331740	126.00
0.331760	126.00
0.331780	126.00
0.331800	126.00
0.331820	126.00
0.331840	126.00
0.331860	126.00
0.331880	126.00
0.331900	126.00
0.331920	126.00
0.331940	125.00
0.331960	125.00
0.331980	124.00
0.332000	124.00
0.332020	125.00
0.332040	126.00
0.332060	127.00
0.332080	127.00
0.332100	127.00
0.332120	125.00
0.332140	124.00
0.332160	124.00
0.332180	124.00
0.332200	124.00
0.332220	124.00
0.332240	124.00
0.332260	125.00
0.332280	125.00
0.332300	125.00
0.332320	125.00
0.332340	125.00
0.332360	125.00
0.332380	125.00
0.332400	126.00
0.332420	125.00
0.332440	125.00
0.332460	124.00
0.332480	124.00
0.332500	125.00
0.332520	126.00
0.332540	127.00
0.332560	127.00
0.332580	127.00
0.332600	126.00
0.332620	126.00
0.332640	126.00
0.332660	125.00
0.332680	125.00
0.332700	125.00
0.332720	126.00
0.332740	127.00
0.332760	127.00
0.332780	127.00
0.332800	126.00
0.332820	125.00
0.332840	125.00
0.332860	125.00
0.332880	126.00
0.332900	126.00
0.332920	126.00
0.332940	126.00
0.332960	127.00
0.332980	127.00
0.333000	126.00
0.333020	125.00
0.333040	124.00
0.333060	125.00
0.333080	125.00
0.333100	125.00
0.333120	124.00
0.333140	124.00
0.333160	124.00
0.333180	126.00
0.333200	127.00
0.333220	126.00
0.333240	125.00
0.333260	124.00
0.333280	123.00
0.333300	124.00
0.333320	125.00
0.333340	126.00
0.333360	126.00
0.333380	126.00
0.333400	125.00
0.333420	125.00
0.333440	125.00
0.333460	125.00
0.333480	126.00
0.333500	126.00
0.333520	127.00
0.333540	127.00
0.333560	127.00
0.333580	127.00
0.333600	126.00
0.333620	125.00
0.333640	124.00
0.333660	124.00
0.333680	125.00
0.333700	125.00
0.333720	126.00
0.333740	127.00
0.333760	127.00
0.333780	127.00
0.333800	127.00
0.333820	126.00
0.333840	125.00
0.333860	125.00
0.333880	125.00
0.333900	124.00
0.333920	123.00
0.333940	123.00
0.333960	124.00
0.333980	125.00
0.334000	125.00
0.334020	125.00
0.334040	125.00
0.334060	125.00
0.334080	126.00
0.334100	126.00
0.334120	125.00
0.334140	125.00
0.334160	124.00
0.334180	124.00
0.334200	124.00
0.334220	124.00
0.334240	125.00
0.334260	126.00
0.334280	126.00
0.334300	126.00
0.334320	126.00
0.334340	125.00
0.334360	126.00
0.334380	126.00
0.334400	127.00
0.334420	127.00
0.334440	126.00
0.334460	125.00
0.334480	125.00
0.334500	126.00
0.334520	126.00
0.334540	126.00
0.334560	126.00
0.334580	126.00
0.334600	126.00
0.334620	127.00
0.334640	127.00
0.334660	127.00
0.334680	127.00
0.334700	127.00
0.334720	126.00
0.334740	125.00
0.334760	125.00
0.334780	124.00
0.334800	124.00
0.334820	125.00
0.334840	126.00
0.334860	126.00
0.334880	126.00
0.334900	125.00
0.334920	125.00
0.334940	124.00
0.334960	124.00
0.334980	123.00
0.335000	123.00
0.335020	123.00
0.335040	123.00
0.335060	124.00
0.335080	124.00
0.335100	125.00
0.335120	126.00
0.335140	126.00
0.335160	126.00
0.335180	125.00
0.335200	124.00
0.335220	124.00
0.335240	125.00
0.335260	126.00
0.335280	126.00
0.335300	126.00
0.335320	126.00
0.335340	126.00
0.335360	125.00
0.335380	124.00
0.335400	124.00
0.335420	124.00
0.335440	125.00
0.335460	126.00
0.335480	126.00
0.335500	126.00
0.335520	125.00
0.335540	124.00
0.335560	125.00
0.335580	126.00
0.335600	126.00
0.335620	126.00
0.335640	126.00
0.335660	125.00
0.335680	125.00
0.335700	125.00
0.335720	126.00
0.335740	126.00
0.335760	126.00
0.335780	126.00
0.335800	125.00
0.335820	123.00
0.335840	123.00
0.335860	124.00
0.335880	125.00
0.335900	125.00
0.335920	125.00
0.335940	125.00
0.335960	125.00
0.335980	126.00
0.336000	125.00
0.336020	125.00
0.336040	124.00
0.336060	123.00
0.336080	123.00
0.336100	124.00
0.336120	124.00
0.336140	124.00
0.336160	125.00
0.336180	126.00
0.336200	127.00
0.336220	127.00
0.336240	126.00
0.336260	126.00
0.336280	126.00
0.336300	126.00
0.336320	125.00
0.336340	125.00
0.336360	125.00
0.336380	125.00
0.336400	126.00
0.336420	127.00
0.336440	127.00
0.336460	127.00
0.336480	127.00
0.336500	126.00
0.336520	125.00
0.336540	125.00
0.336560	125.00
0.336580	125.00
0.336600	125.00
0.336620	126.00
0.336640	126.00
0.336660	127.00
0.336680	127.00
0.336700	127.00
0.336720	126.00
0.336740	125.00
0.336760	125.00
0.336780	126.00
0.336800	126.00
0.336820	126.00
0.336840	125.00
0.336860	124.00
0.336880	124.00
0.336900	124.00
0.336920	124.00
0.336940	124.00
0.336960	123.00
0.336980	123.00
0.337000	123.00
0.337020	124.00
0.337040	125.00
0.337060	126.00
0.337080	126.00
0.337100	126.00
0.337120	125.00
0.337140	124.00
0.337160	123.00
0.337180	124.00
0.337200	125.00
0.337220	125.00
0.337240	126.00
0.337260	126.00
0.337280	126.00
0.337300	127.00
0.337320	127.00
0.337340	127.00
0.337360	127.00
0.337380	127.00
0.337400	127.00
0.337420	127.00
0.337440	126.00
0.337460	126.00
0.337480	126.00
0.337500	126.00
0.337520	125.00
0.337540	125.00
0.337560	125.00
0.337580	127.00
0.337600	128.00
0.337620	128.00
0.337640	127.00
0.337660	126.00
0.337680	125.00
0.337700	124.00
0.337720	123.00
0.337740	123.00
0.337760	123.00
0.337780	124.00
0.337800	125.00
0.337820	125.00
0.337840	124.00
0.337860	124.00
0.337880	125.00
0.337900	126.00
0.337920	126.00
0.337940	125.00
0.337960	124.00
0.337980	124.00
0.338000	124.00
0.338020	124.00
0.338040	124.00
0.338060	125.00
0.338080	126.00
0.338100	127.00
0.338120	128.00
0.338140	128.00
0.338160	128.00
0.338180	127.00
0.338200	127.00
0.338220	126.00
0.338240	125.00
0.338260	124.00
0.338280	123.00
0.338300	123.00
0.338320	123.00
0.338340	124.00
0.338360	125.00
0.338380	126.00
0.338400	127.00
0.338420	127.00
0.338440	127.00
0.338460	126.00
0.338480	125.00
0.338500	126.00
0.338520	127.00
0.338540	127.00
0.338560	126.00
0.338580	125.00
0.338600	125.00
0.338620	126.00
0.338640	127.00
0.338660	127.00
0.338680	126.00
0.338700	125.00
0.338720	124.00
0.338740	124.00
0.338760	124.00
0.338780	125.00
0.338800	125.00
0.338820	125.00
0.338840	125.00
0.338860	124.00
0.338880	124.00
0.338900	124.00
0.338920	123.00
0.338940	123.00
0.338960	124.00
0.338980	124.00
0.339000	125.00
0.339020	126.00
0.339040	126.00
0.339060	126.00
0.339080	125.00
0.339100	125.00
0.339120	126.00
0.339140	127.00
0.339160	127.00
0.339180	126.00
0.339200	125.00
0.339220	125.00
0.339240	126.00
0.339260	126.00
0.339280	127.00
0.339300	126.00
0.339320	125.00
0.339340	125.00
0.339360	126.00
0.339380	126.00
0.339400	127.00
0.339420	126.00
0.339440	126.00
0.339460	125.00
0.339480	126.00
0.339500	126.00
0.339520	126.00
0.339540	125.00
0.339560	125.00
0.339580	126.00
0.339600	126.00
0.339620	126.00
0.339640	126.00
0.339660	125.00
0.339680	124.00
0.339700	124.00
0.339720	125.00
0.339740	125.00
0.339760	125.00
0.339780	125.00
0.339800	125.00
0.339820	126.00
0.339840	126.00
0.339860	127.00
0.339880	127.00
0.339900	126.00
0.339920	125.00
0.339940	124.00
0.339960	124.00
0.339980	124.00
0.340000	124.00
0.340020	124.00
0.340040	124.00
0.340060	125.00
0.340080	126.00
0.340100	126.00
0.340120	126.00
0.340140	126.00
0.340160	127.00
0.340180	127.00
0.340200	126.00
0.340220	125.00
0.340240	125.00
0.340260	125.00
0.340280	125.00
0.340300	126.00
0.340320	126.00
0.340340	125.00
0.340360	126.00
0.340380	126.00
0.340400	126.00
0.340420	127.00
0.340440	127.00
0.340460	127.00
0.340480	127.00
0.340500	126.00
0.340520	126.00
0.340540	125.00
0.340560	125.00
0.340580	125.00
0.340600	125.00
0.340620	126.00
0.340640	125.00
0.340660	125.00
0.340680	125.00
0.340700	125.00
0.340720	125.00
0.340740	125.00
0.340760	125.00
0.340780	124.00
0.340800	124.00
0.340820	123.00
0.340840	124.00
0.340860	124.00
0.340880	124.00
0.340900	124.00
0.340920	125.00
0.340940	126.00
0.340960	127.00
0.340980	128.00
0.341000	128.00
0.341020	127.00
0.341040	126.00
0.341060	126.00
0.341080	126.00
0.341100	126.00
0.341120	126.00
0.341140	125.00
0.341160	125.00
0.341180	124.00
0.341200	124.00
0.341220	125.00
0.341240	126.00
0.341260	127.00
0.341280	126.00
0.341300	125.00
0.341320	124.00
0.341340	124.00
0.341360	124.00
0.341380	125.00
0.341400	125.00
0.341420	125.00
0.341440	125.00
0.341460	125.00
0.341480	126.00
0.341500	128.00
0.341520	128.00
0.341540	128.00
0.341560	128.00
0.341580	126.00
0.341600	126.00
0.341620	125.00
0.341640	125.00
0.341660	126.00
0.341680	126.00
0.341700	126.00
0.341720	126.00
0.341740	127.00
0.341760	127.00
0.341780	126.00
0.341800	125.00
0.341820	124.00
0.341840	124.00
0.341860	124.00
0.341880	125.00
0.341900	126.00
0.341920	125.00
0.341940	124.00
0.341960	123.00
0.341980	123.00
0.342000	123.00
0.342020	124.00
0.342040	125.00
0.342060	125.00
0.342080	124.00
0.342100	124.00
0.342120	123.00
0.342140	123.00
0.342160	124.00
0.342180	125.00
0.342200	126.00
0.342220	126.00
0.342240	127.00
0.342260	127.00
0.342280	127.00
0.342300	128.00
0.342320	127.00
0.342340	127.00
0.342360	127.00
0.342380	127.00
0.342400	127.00
0.342420	127.00
0.342440	126.00
0.342460	125.00
0.342480	125.00
0.342500	125.00
0.342520	125.00
0.342540	125.00
0.342560	124.00
0.342580	124.00
0.342600	125.00
0.342620	126.00
0.342640	126.00
0.342660	125.00
0.342680	123.00
0.342700	123.00
0.342720	124.00
0.342740	125.00
0.342760	125.00
0.342780	126.00
0.342800	125.00
0.342820	125.00
0.342840	125.00
0.342860	126.00
0.342880	126.00
0.342900	126.00
0.342920	125.00
0.342940	125.00
0.342960	124.00
0.342980	124.00
0.343000	125.00
0.343020	126.00
0.343040	126.00
0.343060	127.00
0.343080	127.00
0.343100	127.00
0.343120	127.00
0.343140	126.00
0.343160	125.00
0.343180	124.00
0.343200	123.00
0.343220	124.00
0.343240	124.00
0.343260	125.00
0.343280	125.00
0.343300	126.00
0.343320	127.00
0.343340	127.00
0.343360	127.00
0.343380	126.00
0.343400	125.00
0.343420	126.00
0.343440	127.00
0.343460	127.00
0.343480	126.00
0.343500	125.00
0.343520	125.00
0.343540	125.00
0.343560	125.00
0.343580	126.00
0.343600	126.00
0.343620	125.00
0.343640	125.00
0.343660	125.00
0.343680	125.00
0.343700	124.00
0.343720	123.00
0.343740	123.00
0.343760	123.00
0.343780	124.00
0.343800	125.00
0.343820	125.00
0.343840	125.00
0.343860	125.00
0.343880	124.00
0.343900	124.00
0.343920	124.00
0.343940	124.00
0.343960	124.00
0.343980	125.00
0.344000	126.00
0.344020	126.00
0.344040	127.00
0.344060	126.00
0.344080	126.00
0.344100	125.00
0.344120	124.00
0.344140	124.00
0.344160	124.00
0.344180	124.00
0.344200	125.00
0.344220	126.00
0.344240	127.00
0.344260	127.00
0.344280	127.00
0.344300	126.00
0.344320	126.00
0.344340	126.00
0.344360	126.00
0.344380	127.00
0.344400	128.00
0.344420	128.00
0.344440	127.00
0.344460	127.00
0.344480	126.00
0.344500	126.00
0.344520	126.00
0.344540	127.00
0.344560	126.00
0.344580	125.00
0.344600	125.00
0.344620	125.00
0.344640	126.00
0.344660	126.00
0.344680	126.00
0.344700	126.00
0.344720	126.00
0.344740	126.00
0.344760	126.00
0.344780	125.00
0.344800	125.00
0.344820	125.00
0.344840	125.00
0.344860	125.00
0.344880	125.00
0.344900	125.00
0.344920	125.00
0.344940	125.00
0.344960	126.00
0.344980	125.00
0.345000	125.00
0.345020	125.00
0.345040	126.00
0.345060	126.00
0.345080	126.00
0.345100	125.00
0.345120	124.00
0.345140	125.00
0.345160	126.00
0.345180	126.00
0.345200	126.00
0.345220	125.00
0.345240	125.00
0.345260	125.00
0.345280	125.00
0.345300	125.00
0.345320	125.00
0.345340	125.00
0.345360	125.00
0.345380	125.00
0.345400	125.00
0.345420	125.00
0.345440	125.00
0.345460	125.00
0.345480	125.00
0.345500	125.00
0.345520	124.00
0.345540	124.00
0.345560	125.00
0.345580	124.00
0.345600	124.00
0.345620	124.00
0.345640	124.00
0.345660	124.00
0.345680	124.00
0.345700	123.00
0.345720	122.00
0.345740	122.00
0.345760	123.00
0.345780	124.00
0.345800	124.00
0.345820	124.00
0.345840	124.00
0.345860	124.00
0.345880	126.00
0.345900	127.00
0.345920	128.00
0.345940	128.00
0.345960	127.00
0.345980	127.00
0.346000	126.00
0.346020	126.00
0.346040	126.00
0.346060	126.00
0.346080	127.00
0.346100	128.00
0.346120	128.00
0.346140	127.00
0.346160	127.00
0.346180	126.00
0.346200	125.00
0.346220	125.00
0.346240	125.00
0.346260	126.00
0.346280	126.00
0.346300	126.00
0.346320	125.00
0.346340	125.00
0.346360	125.00
0.346380	126.00
0.346400	125.00
0.346420	124.00
0.346440	123.00
0.346460	123.00
0.346480	123.00
0.346500	124.00
0.346520	125.00
0.346540	126.00
0.346560	127.00
0.346580	128.00
0.346600	129.00
0.346620	128.00
0.346640	127.00
0.346660	126.00
0.346680	126.00
0.346700	125.00
0.346720	124.00
0.346740	124.00
0.346760	124.00
0.346780	124.00
0.346800	125.00
0.346820	126.00
0.346840	126.00
0.346860	127.00
0.346880	127.00
0.346900	127.00
0.346920	126.00
0.346940	126.00
0.346960	125.00
0.346980	125.00
0.347000	125.00
0.347020	124.00
0.347040	124.00
0.347060	124.00
0.347080	125.00
0.347100	126.00
0.347120	127.00
0.347140	127.00
0.347160	127.00
0.347180	127.00
0.347200	127.00
0.347220	128.00
0.347240	128.00
0.347260	128.00
0.347280	128.00
0.347300	127.00
0.347320	126.00
0.347340	125.00
0.347360	123.00
0.347380	123.00
0.347400	124.00
0.347420	125.00
0.347440	125.00
0.347460	124.00
0.347480	124.00
0.347500	124.00
0.347520	124.00
0.347540	124.00
0.347560	124.00
0.347580	124.00
0.347600	124.00
0.347620	124.00
0.347640	124.00
0.347660	124.00
0.347680	123.00
0.347700	123.00
0.347720	124.00
0.347740	125.00
0.347760	126.00
0.347780	126.00
0.347800	126.00
0.347820	126.00
0.347840	126.00
0.347860	126.00
0.347880	126.00
0.347900	126.00
0.347920	125.00
0.347940	125.00
0.347960	125.00
0.347980	125.00
0.348000	126.00
0.348020	126.00
0.348040	126.00
0.348060	125.00
0.348080	125.00
0.348100	125.00
0.348120	126.00
0.348140	126.00
0.348160	126.00
0.348180	126.00
0.348200	126.00
0.348220	126.00
0.348240	126.00
0.348260	126.00
0.348280	126.00
0.348300	126.00
0.348320	126.00
0.348340	125.00
0.348360	124.00
0.348380	124.00
0.348400	124.00
0.348420	125.00
0.348440	125.00
0.348460	126.00
0.348480	126.00
0.348500	125.00
0.348520	125.00
0.348540	125.00
0.348560	125.00
0.348580	125.00
0.348600	125.00
0.348620	125.00
0.348640	125.00
0.348660	125.00
0.348680	125.00
0.348700	126.00
0.348720	127.00
0.348740	126.00
0.348760	126.00
0.348780	125.00
0.348800	125.00
0.348820	126.00
0.348840	127.00
0.348860	127.00
0.348880	126.00
0.348900	125.00
0.348920	126.00
0.348940	126.00
0.348960	126.00
0.348980	125.00
0.349000	125.00
0.349020	125.00
0.349040	126.00
0.349060	126.00
0.349080	126.00
0.349100	126.00
0.349120	126.00
0.349140	127.00
0.349160	127.00
0.349180	127.00
0.349200	125.00
0.349220	124.00
0.349240	123.00
0.349260	123.00
0.349280	124.00
0.349300	124.00
0.349320	124.00
0.349340	125.00
0.349360	125.00
0.349380	126.00
0.349400	125.00
0.349420	124.00
0.349440	123.00
0.349460	123.00
0.349480	124.00
0.349500	125.00
0.349520	126.00
0.349540	126.00
0.349560	126.00
0.349580	126.00
0.349600	125.00
0.349620	124.00
0.349640	123.00
0.349660	123.00
0.349680	123.00
0.349700	124.00
0.349720	126.00
0.349740	127.00
0.349760	127.00
0.349780	128.00
0.349800	128.00
0.349820	127.00
0.349840	127.00
0.349860	126.00
0.349880	125.00
0.349900	124.00
0.349920	124.00
0.349940	124.00
0.349960	124.00
0.349980	125.00
0.350000	125.00
0.350020	126.00
0.350040	127.00
0.350060	127.00
0.350080	127.00
0.350100	127.00
0.350120	127.00
0.350140	126.00
0.350160	125.00
0.350180	125.00
0.350200	125.00
0.350220	125.00
0.350240	126.00
0.350260	126.00
0.350280	126.00
0.350300	126.00
0.350320	125.00
0.350340	125.00
0.350360	125.00
0.350380	125.00
0.350400	125.00
0.350420	124.00
0.350440	124.00
0.350460	124.00
0.350480	125.00
0.350500	125.00
0.350520	125.00
0.350540	124.00
0.350560	123.00
0.350580	124.00
0.350600	125.00
0.350620	126.00
0.350640	126.00
0.350660	125.00
0.350680	124.00
0.350700	123.00
0.350720	124.00
0.350740	124.00
0.350760	124.00
0.350780	124.00
0.350800	124.00
0.350820	126.00
0.350840	127.00
0.350860	128.00
0.350880	128.00
0.350900	128.00
0.350920	128.00
0.350940	128.00
0.350960	127.00
0.350980	126.00
0.351000	124.00
0.351020	123.00
0.351040	122.00
0.351060	123.00
0.351080	125.00
0.351100	127.00
0.351120	128.00
0.351140	129.00
0.351160	129.00
0.351180	128.00
0.351200	126.00
0.351220	125.00
0.351240	123.00
0.351260	122.00
0.351280	122.00
0.351300	122.00
0.351320	123.00
0.351340	124.00
0.351360	124.00
0.351380	125.00
0.351400	125.00
0.351420	126.00
0.351440	126.00
0.351460	126.00
0.351480	126.00
0.351500	127.00
0.351520	127.00
0.351540	126.00
0.351560	124.00
0.351580	122.00
0.351600	120.00
0.351620	121.00
0.351640	122.00
0.351660	125.00
0.351680	129.00
0.351700	132.00
0.351720	134.00
0.351740	134.00
0.351760	132.00
0.351780	127.00
0.351800	123.00
0.351820	119.00
0.351840	116.00
0.351860	116.00
0.351880	117.00
0.351900	121.00
0.351920	127.00
0.351940	133.00
0.351960	136.00
0.351980	137.00
0.352000	135.00
0.352020	131.00
0.352040	126.00
0.352060	122.00
0.352080	118.00
0.352100	117.00
0.352120	118.00
0.352140	121.00
0.352160	126.00
0.352180	130.00
0.352200	131.00
0.352220	132.00
0.352240	131.00
0.352260	129.00
0.352280	125.00
0.352300	122.00
0.352320	119.00
0.352340	119.00
0.352360	121.00
0.352380	124.00
0.352400	127.00
0.352420	128.00
0.352440	129.00
0.352460	128.00
0.352480	127.00
0.352500	124.00
0.352520	121.00
0.352540	120.00
0.352560	121.00
0.352580	123.00
0.352600	126.00
0.352620	128.00
0.352640	130.00
0.352660	129.00
0.352680	128.00
0.352700	125.00
0.352720	123.00
0.352740	121.00
0.352760	122.00
0.352780	124.00
0.352800	127.00
0.352820	128.00
0.352840	128.00
0.352860	126.00
0.352880	124.00
0.352900	122.00
0.352920	121.00
0.352940	122.00
0.352960	124.00
0.352980	127.00
0.353000	130.00
0.353020	132.00
0.353040	131.00
0.353060	129.00
0.353080	126.00
0.353100	124.00
0.353120	123.00
0.353140	122.00
0.353160	122.00
0.353180	122.00
0.353200	124.00
0.353220	125.00
0.353240	127.00
0.353260	128.00
0.353280	128.00
0.353300	127.00
0.353320	126.00
0.353340	125.00
0.353360	124.00
0.353380	123.00
0.353400	124.00
0.353420	124.00
0.353440	124.00
0.353460	124.00
0.353480	125.00
0.353500	125.00
0.353520	124.00
0.353540	124.00
0.353560	124.00
0.353580	124.00
0.353600	126.00
0.353620	127.00
0.353640	128.00
0.353660	127.00
0.353680	126.00
0.353700	126.00
0.353720	126.00
0.353740	126.00
0.353760	125.00
0.353780	125.00
0.353800	124.00
0.353820	124.00
0.353840	125.00
0.353860	126.00
0.353880	127.00
0.353900	127.00
0.353920	127.00
0.353940	127.00
0.353960	126.00
0.353980	126.00
0.354000	126.00
0.354020	126.00
0.354040	125.00
0.354060	124.00
0.354080	124.00
0.354100	125.00
0.354120	126.00
0.354140	127.00
0.354160	128.00
0.354180	128.00
0.354200	127.00
0.354220	125.00
0.354240	124.00
0.354260	123.00
0.354280	124.00
0.354300	124.00
0.354320	125.00
0.354340	125.00
0.354360	124.00
0.354380	123.00
0.354400	123.00
0.354420	124.00
0.354440	125.00
0.354460	125.00
0.354480	125.00
0.354500	126.00
0.354520	126.00
0.354540	126.00
0.354560	126.00
0.354580	126.00
0.354600	127.00
0.354620	127.00
0.354640	126.00
0.354660	125.00
0.354680	124.00
0.354700	124.00
0.354720	125.00
0.354740	125.00
0.354760	125.00
0.354780	125.00
0.354800	125.00
0.354820	124.00
0.354840	124.00
0.354860	124.00
0.354880	125.00
0.354900	126.00
0.354920	127.00
0.354940	128.00
0.354960	128.00
0.354980	127.00
0.355000	127.00
0.355020	126.00
0.355040	127.00
0.355060	127.00
0.355080	126.00
0.355100	126.00
0.355120	126.00
0.355140	126.00
0.355160	125.00
0.355180	125.00
0.355200	125.00
0.355220	126.00
0.355240	126.00
0.355260	126.00
0.355280	125.00
0.355300	125.00
0.355320	124.00
0.355340	124.00
0.355360	124.00
0.355380	124.00
0.355400	124.00
0.355420	124.00
0.355440	124.00
0.355460	124.00
0.355480	125.00
0.355500	125.00
0.355520	126.00
0.355540	126.00
0.355560	126.00
0.355580	126.00
0.355600	125.00
0.355620	125.00
0.355640	125.00
0.355660	125.00
0.355680	125.00
0.355700	125.00
0.355720	125.00
0.355740	125.00
0.355760	124.00
0.355780	124.00
0.355800	124.00
0.355820	125.00
0.355840	125.00
0.355860	125.00
0.355880	125.00
0.355900	125.00
0.355920	126.00
0.355940	127.00
0.355960	127.00
0.355980	126.00
0.356000	125.00
0.356020	124.00
0.356040	125.00
0.356060	125.00
0.356080	125.00
0.356100	124.00
0.356120	124.00
0.356140	124.00
0.356160	124.00
0.356180	124.00
0.356200	124.00
0.356220	125.00
0.356240	125.00
0.356260	126.00
0.356280	127.00
0.356300	126.00
0.356320	125.00
0.356340	125.00
0.356360	124.00
0.356380	124.00
0.356400	123.00
0.356420	124.00
0.356440	124.00
0.356460	125.00
0.356480	125.00
0.356500	125.00
0.356520	125.00
0.356540	125.00
0.356560	125.00
0.356580	125.00
0.356600	125.00
0.356620	125.00
0.356640	125.00
0.356660	126.00
0.356680	126.00
0.356700	126.00
0.356720	126.00
0.356740	126.00
0.356760	127.00
0.356780	127.00
0.356800	127.00
0.356820	126.00
0.356840	125.00
0.356860	125.00
0.356880	126.00
0.356900	126.00
0.356920	126.00
0.356940	126.00
0.356960	125.00
0.356980	125.00
0.357000	125.00
0.357020	126.00
0.357040	126.00
0.357060	126.00
0.357080	126.00
0.357100	126.00
0.357120	126.00
0.357140	126.00
0.357160	125.00
0.357180	125.00
0.357200	124.00
0.357220	123.00
0.357240	123.00
0.357260	124.00
0.357280	124.00
0.357300	125.00
0.357320	125.00
0.357340	126.00
0.357360	125.00
0.357380	125.00
0.357400	125.00
0.357420	125.00
0.357440	124.00
0.357460	125.00
0.357480	125.00
0.357500	125.00
0.357520	125.00
0.357540	125.00
0.357560	126.00
0.357580	126.00
0.357600	126.00
0.357620	126.00
0.357640	126.00
0.357660	126.00
0.357680	127.00
0.357700	127.00
0.357720	127.00
0.357740	126.00
0.357760	126.00
0.357780	126.00
0.357800	126.00
0.357820	125.00
0.357840	125.00
0.357860	125.00
0.357880	126.00
0.357900	126.00
0.357920	126.00
0.357940	125.00
0.357960	125.00
0.357980	125.00
0.358000	125.00
0.358020	126.00
0.358040	125.00
0.358060	125.00
0.358080	124.00
0.358100	124.00
0.358120	124.00
0.358140	124.00
0.358160	124.00
0.358180	125.00
0.358200	125.00
0.358220	126.00
0.358240	126.00
0.358260	126.00
0.358280	126.00
0.358300	126.00
0.358320	126.00
0.358340	125.00
0.358360	124.00
0.358380	123.00
0.358400	123.00
0.358420	124.00
0.358440	125.00
0.358460	125.00
0.358480	125.00
0.358500	125.00
0.358520	125.00
0.358540	125.00
0.358560	125.00
0.358580	125.00
0.358600	125.00
0.358620	126.00
0.358640	126.00
0.358660	126.00
0.358680	126.00
0.358700	126.00
0.358720	126.00
0.358740	126.00
0.358760	126.00
0.358780	126.00
0.358800	127.00
0.358820	127.00
0.358840	127.00
0.358860	127.00
0.358880	126.00
0.358900	126.00
0.358920	126.00
0.358940	126.00
0.358960	126.00
0.358980	125.00
0.359000	125.00
0.359020	126.00
0.359040	126.00
0.359060	127.00
0.359080	126.00
0.359100	126.00
0.359120	125.00
0.359140	125.00
0.359160	125.00
0.359180	125.00
0.359200	126.00
0.359220	127.00
0.359240	126.00
0.359260	125.00
0.359280	123.00
0.359300	123.00
0.359320	123.00
0.359340	124.00
0.359360	125.00
0.359380	126.00
0.359400	125.00
0.359420	125.00
0.359440	125.00
0.359460	126.00
0.359480	126.00
0.359500	126.00
0.359520	126.00
0.359540	126.00
0.359560	126.00
0.359580	126.00
0.359600	126.00
0.359620	126.00
0.359640	127.00
0.359660	127.00
0.359680	127.00
0.359700	125.00
0.359720	124.00
0.359740	123.00
0.359760	124.00
0.359780	125.00
0.359800	127.00
0.359820	127.00
0.359840	127.00
0.359860	127.00
0.359880	127.00
0.359900	127.00
0.359920	127.00
0.359940	127.00
0.359960	126.00
0.359980	125.00
0.360000	125.00
0.360020	125.00
0.360040	126.00
0.360060	125.00
0.360080	124.00
0.360100	123.00
0.360120	123.00
0.360140	124.00
0.360160	124.00
0.360180	125.00
0.360200	125.00
0.360220	125.00
0.360240	125.00
0.360260	126.00
0.360280	125.00
0.360300	124.00
0.360320	123.00
0.360340	124.00
0.360360	125.00
0.360380	127.00
0.360400	127.00
0.360420	127.00
0.360440	126.00
0.360460	126.00
0.360480	126.00
0.360500	126.00
0.360520	125.00
0.360540	124.00
0.360560	124.00
0.360580	125.00
0.360600	126.00
0.360620	127.00
0.360640	126.00
0.360660	125.00
0.360680	124.00
0.360700	125.00
0.360720	126.00
0.360740	127.00
0.360760	127.00
0.360780	126.00
0.360800	125.00
0.360820	124.00
0.360840	124.00
0.360860	125.00
0.360880	125.00
0.360900	125.00
0.360920	125.00
0.360940	126.00
0.360960	126.00
0.360980	126.00
0.361000	126.00
0.361020	125.00
0.361040	124.00
0.361060	124.00
0.361080	124.00
0.361100	125.00
0.361120	126.00
0.361140	126.00
0.361160	125.00
0.361180	125.00
0.361200	125.00
0.361220	125.00
0.361240	125.00
0.361260	124.00
0.361280	124.00
0.361300	124.00
0.361320	125.00
0.361340	125.00
0.361360	125.00
0.361380	125.00
0.361400	124.00
0.361420	123.00
0.361440	123.00
0.361460	123.00
0.361480	123.00
0.361500	124.00
0.361520	125.00
0.361540	126.00
0.361560	127.00
0.361580	127.00
0.361600	126.00
0.361620	126.00
0.361640	127.00
0.361660	127.00
0.361680	127.00
0.361700	127.00
0.361720	127.00
0.361740	127.00
0.361760	126.00
0.361780	126.00
0.361800	126.00
0.361820	126.00
0.361840	126.00
0.361860	126.00
0.361880	125.00
0.361900	124.00
0.361920	124.00
0.361940	124.00
0.361960	125.00
0.361980	125.00
0.362000	125.00
0.362020	124.00
0.362040	124.00
0.362060	124.00
0.362080	124.00
0.362100	125.00
0.362120	125.00
0.362140	125.00
0.362160	125.00
0.362180	125.00
0.362200	125.00
0.362220	125.00
0.362240	125.00
0.362260	125.00
0.362280	126.00
0.362300	126.00
0.362320	125.00
0.362340	125.00
0.362360	124.00
0.362380	124.00
0.362400	124.00
0.362420	124.00
0.362440	125.00
0.362460	125.00
0.362480	125.00
0.362500	125.00
0.362520	125.00
0.362540	126.00
0.362560	126.00
0.362580	126.00
0.362600	126.00
0.362620	126.00
0.362640	126.00
0.362660	127.00
0.362680	126.00
0.362700	126.00
0.362720	126.00
0.362740	125.00
0.362760	125.00
0.362780	125.00
0.362800	125.00
0.362820	125.00
0.362840	126.00
0.362860	126.00
0.362880	125.00
0.362900	125.00
0.362920	125.00
0.362940	125.00
0.362960	125.00
0.362980	124.00
0.363000	123.00
0.363020	123.00
0.363040	123.00
0.363060	124.00
0.363080	124.00
0.363100	125.00
0.363120	125.00
0.363140	126.00
0.363160	126.00
0.363180	126.00
0.363200	126.00
0.363220	126.00
0.363240	126.00
0.363260	127.00
0.363280	127.00
0.363300	127.00
0.363320	126.00
0.363340	126.00
0.363360	126.00
0.363380	126.00
0.363400	125.00
0.363420	124.00
0.363440	124.00
0.363460	125.00
0.363480	125.00
0.363500	126.00
0.363520	125.00
0.363540	124.00
0.363560	124.00
0.363580	125.00
0.363600	126.00
0.363620	125.00
0.363640	125.00
0.363660	124.00
0.363680	124.00
0.363700	125.00
0.363720	126.00
0.363740	126.00
0.363760	125.00
0.363780	124.00
0.363800	124.00
0.363820	124.00
0.363840	125.00
0.363860	125.00
0.363880	126.00
0.363900	126.00
0.363920	126.00
0.363940	126.00
0.363960	126.00
0.363980	125.00
0.364000	125.00
0.364020	124.00
0.364040	124.00
0.364060	124.00
0.364080	125.00
0.364100	125.00
0.364120	125.00
0.364140	125.00
0.364160	125.00
0.364180	125.00
0.364200	126.00
0.364220	126.00
0.364240	127.00
0.364260	126.00
0.364280	126.00
0.364300	125.00
0.364320	125.00
0.364340	125.00
0.364360	125.00
0.364380	126.00
0.364400	126.00
0.364420	126.00
0.364440	125.00
0.364460	125.00
0.364480	124.00
0.364500	124.00
0.364520	124.00
0.364540	125.00
0.364560	126.00
0.364580	126.00
0.364600	125.00
0.364620	125.00
0.364640	126.00
0.364660	127.00
0.364680	127.00
0.364700	127.00
0.364720	126.00
0.364740	124.00
0.364760	124.00
0.364780	124.00
0.364800	124.00
0.364820	125.00
0.364840	125.00
0.364860	125.00
0.364880	125.00
0.364900	125.00
0.364920	125.00
0.364940	125.00
0.364960	125.00
0.364980	125.00
0.365000	125.00
0.365020	125.00
0.365040	125.00
0.365060	125.00
0.365080	125.00
0.365100	125.00
0.365120	125.00
0.365140	125.00
0.365160	125.00
0.365180	125.00
0.365200	125.00
0.365220	125.00
0.365240	125.00
0.365260	126.00
0.365280	126.00
0.365300	126.00
0.365320	126.00
0.365340	125.00
0.365360	125.00
0.365380	125.00
0.365400	125.00
0.365420	125.00
0.365440	125.00
0.365460	125.00
0.365480	126.00
0.365500	126.00
0.365520	127.00
0.365540	127.00
0.365560	126.00
0.365580	126.00
0.365600	125.00
0.365620	125.00
0.365640	126.00
0.365660	126.00
0.365680	126.00
0.365700	126.00
0.365720	126.00
0.365740	126.00
0.365760	125.00
0.365780	125.00
0.365800	125.00
0.365820	125.00
0.365840	126.00
0.365860	126.00
0.365880	126.00
0.365900	125.00
0.365920	125.00
0.365940	124.00
0.365960	124.00
0.365980	124.00
0.366000	125.00
0.366020	125.00
0.366040	125.00
0.366060	125.00
0.366080	125.00
0.366100	124.00
0.366120	125.00
0.366140	126.00
0.366160	127.00
0.366180	127.00
0.366200	126.00
0.366220	125.00
0.366240	126.00
0.366260	126.00
0.366280	127.00
0.366300	127.00
0.366320	126.00
0.366340	125.00
0.366360	125.00
0.366380	126.00
0.366400	126.00
0.366420	126.00
0.366440	126.00
0.366460	126.00
0.366480	126.00
0.366500	126.00
0.366520	126.00
0.366540	125.00
0.366560	125.00
0.366580	125.00
0.366600	126.00
0.366620	126.00
0.366640	126.00
0.366660	126.00
0.366680	126.00
0.366700	126.00
0.366720	126.00
0.366740	126.00
0.366760	126.00
0.366780	126.00
0.366800	125.00
0.366820	125.00
0.366840	124.00
0.366860	124.00
0.366880	125.00
0.366900	125.00
0.366920	125.00
0.366940	125.00
0.366960	124.00
0.366980	124.00
0.367000	124.00
0.367020	124.00
0.367040	124.00
0.367060	124.00
0.367080	124.00
0.367100	125.00
0.367120	125.00
0.367140	125.00
0.367160	126.00
0.367180	126.00
0.367200	125.00
0.367220	125.00
0.367240	124.00
0.367260	124.00
0.367280	124.00
0.367300	125.00
0.367320	125.00
0.367340	126.00
0.367360	126.00
0.367380	127.00
0.367400	127.00
0.367420	126.00
0.367440	125.00
0.367460	124.00
0.367480	125.00
0.367500	126.00
0.367520	128.00
0.367540	128.00
0.367560	128.00
0.367580	126.00
0.367600	126.00
0.367620	126.00
0.367640	126.00
0.367660	126.00
0.367680	126.00
0.367700	125.00
0.367720	125.00
0.367740	125.00
0.367760	124.00
0.367780	125.00
0.367800	125.00
0.367820	126.00
0.367840	126.00
0.367860	127.00
0.367880	127.00
0.367900	126.00
0.367920	126.00
0.367940	125.00
0.367960	124.00
0.367980	123.00
0.368000	123.00
0.368020	123.00
0.368040	124.00
0.368060	124.00
0.368080	124.00
0.368100	124.00
0.368120	124.00
0.368140	124.00
0.368160	125.00
0.368180	126.00
0.368200	126.00
0.368220	126.00
0.368240	126.00
0.368260	126.00
0.368280	126.00
0.368300	127.00
0.368320	127.00
0.368340	126.00
0.368360	125.00
0.368380	125.00
0.368400	125.00
0.368420	125.00
0.368440	126.00
0.368460	126.00
0.368480	126.00
0.368500	126.00
0.368520	126.00
0.368540	126.00
0.368560	125.00
0.368580	124.00
0.368600	123.00
0.368620	123.00
0.368640	123.00
0.368660	124.00
0.368680	125.00
0.368700	126.00
0.368720	126.00
0.368740	126.00
0.368760	125.00
0.368780	125.00
0.368800	125.00
0.368820	125.00
0.368840	125.00
0.368860	125.00
0.368880	125.00
0.368900	126.00
0.368920	127.00
0.368940	127.00
0.368960	127.00
0.368980	125.00
0.369000	124.00
0.369020	124.00
0.369040	125.00
0.369060	126.00
0.369080	127.00
0.369100	127.00
0.369120	126.00
0.369140	125.00
0.369160	124.00
0.369180	125.00
0.369200	125.00
0.369220	126.00
0.369240	126.00
0.369260	126.00
0.369280	126.00
0.369300	126.00
0.369320	126.00
0.369340	126.00
0.369360	127.00
0.369380	127.00
0.369400	127.00
0.369420	127.00
0.369440	127.00
0.369460	128.00
0.369480	128.00
0.369500	128.00
0.369520	127.00
0.369540	126.00
0.369560	125.00
0.369580	124.00
0.369600	123.00
0.369620	123.00
0.369640	124.00
0.369660	124.00
0.369680	124.00
0.369700	125.00
0.369720	125.00
0.369740	125.00
0.369760	125.00
0.369780	125.00
0.369800	124.00
0.369820	124.00
0.369840	124.00
0.369860	124.00
0.369880	124.00
0.369900	123.00
0.369920	123.00
0.369940	124.00
0.369960	126.00
0.369980	126.00
0.370000	126.00
0.370020	125.00
0.370040	126.00
0.370060	126.00
0.370080	126.00
0.370100	126.00
0.370120	125.00
0.370140	125.00
0.370160	125.00
0.370180	125.00
0.370200	125.00
0.370220	125.00
0.370240	125.00
0.370260	126.00
0.370280	126.00
0.370300	126.00
0.370320	126.00
0.370340	126.00
0.370360	126.00
0.370380	127.00
0.370400	127.00
0.370420	127.00
0.370440	127.00
0.370460	127.00
0.370480	126.00
0.370500	125.00
0.370520	125.00
0.370540	124.00
0.370560	124.00
0.370580	124.00
0.370600	124.00
0.370620	123.00
0.370640	123.00
0.370660	123.00
0.370680	123.00
0.370700	124.00
0.370720	124.00
0.370740	124.00
0.370760	123.00
0.370780	123.00
0.370800	124.00
0.370820	124.00
0.370840	125.00
0.370860	126.00
0.370880	126.00
0.370900	127.00
0.370920	127.00
0.370940	127.00
0.370960	127.00
0.370980	127.00
0.371000	126.00
0.371020	125.00
0.371040	125.00
0.371060	125.00
0.371080	125.00
0.371100	126.00
0.371120	125.00
0.371140	125.00
0.371160	125.00
0.371180	125.00
0.371200	126.00
0.371220	126.00
0.371240	126.00
0.371260	126.00
0.371280	126.00
0.371300	126.00
0.371320	126.00
0.371340	125.00
0.371360	124.00
0.371380	124.00
0.371400	124.00
0.371420	125.00
0.371440	125.00
0.371460	125.00
0.371480	125.00
0.371500	125.00
0.371520	125.00
0.371540	125.00
0.371560	126.00
0.371580	125.00
0.371600	125.00
0.371620	125.00
0.371640	125.00
0.371660	125.00
0.371680	125.00
0.371700	124.00
0.371720	124.00
0.371740	123.00
0.371760	123.00
0.371780	123.00
0.371800	123.00
0.371820	124.00
0.371840	126.00
0.371860	127.00
0.371880	127.00
0.371900	127.00
0.371920	126.00
0.371940	126.00
0.371960	126.00
0.371980	127.00
0.372000	126.00
0.372020	126.00
0.372040	125.00
0.372060	125.00
0.372080	126.00
0.372100	126.00
0.372120	126.00
0.372140	126.00
0.372160	125.00
0.372180	125.00
0.372200	125.00
0.372220	126.00
0.372240	127.00
0.372260	127.00
0.372280	127.00
0.372300	126.00
0.372320	125.00
0.372340	126.00
0.372360	126.00
0.372380	127.00
0.372400	127.00
0.372420	126.00
0.372440	126.00
0.372460	127.00
0.372480	127.00
0.372500	127.00
0.372520	126.00
0.372540	125.00
0.372560	124.00
0.372580	125.00
0.372600	126.00
0.372620	126.00
0.372640	125.00
0.372660	125.00
0.372680	124.00
0.372700	123.00
0.372720	123.00
0.372740	123.00
0.372760	122.00
0.372780	123.00
0.372800	124.00
0.372820	124.00
0.372840	125.00
0.372860	126.00
0.372880	126.00
0.372900	127.00
0.372920	128.00
0.372940	128.00
0.372960	127.00
0.372980	127.00
0.373000	126.00
0.373020	126.00
0.373040	126.00
0.373060	126.00
0.373080	126.00
0.373100	125.00
0.373120	126.00
0.373140	126.00
0.373160	127.00
0.373180	127.00
0.373200	127.00
0.373220	126.00
0.373240	125.00
0.373260	125.00
0.373280	124.00
0.373300	125.00
0.373320	125.00
0.373340	125.00
0.373360	125.00
0.373380	125.00
0.373400	125.00
0.373420	125.00
0.373440	124.00
0.373460	124.00
0.373480	125.00
0.373500	125.00
0.373520	126.00
0.373540	125.00
0.373560	124.00
0.373580	124.00
0.373600	124.00
0.373620	125.00
0.373640	125.00
0.373660	124.00
0.373680	123.00
0.373700	123.00
0.373720	123.00
0.373740	124.00
0.373760	125.00
0.373780	125.00
0.373800	125.00
0.373820	125.00
0.373840	126.00
0.373860	126.00
0.373880	126.00
0.373900	126.00
0.373920	126.00
0.373940	126.00
0.373960	126.00
0.373980	126.00
0.374000	126.00
0.374020	126.00
0.374040	126.00
0.374060	126.00
0.374080	126.00
0.374100	125.00
0.374120	125.00
0.374140	125.00
0.374160	125.00
0.374180	125.00
0.374200	125.00
0.374220	125.00
0.374240	126.00
0.374260	127.00
0.374280	129.00
0.374300	129.00
0.374320	128.00
0.374340	127.00
0.374360	127.00
0.374380	126.00
0.374400	126.00
0.374420	125.00
0.374440	123.00
0.374460	123.00
0.374480	123.00
0.374500	124.00
0.374520	125.00
0.374540	125.00
0.374560	126.00
0.374580	126.00
0.374600	126.00
0.374620	126.00
0.374640	126.00
0.374660	126.00
0.374680	125.00
0.374700	125.00
0.374720	125.00
0.374740	125.00
0.374760	125.00
0.374780	126.00
0.374800	125.00
0.374820	125.00
0.374840	126.00
0.374860	126.00
0.374880	127.00
0.374900	126.00
0.374920	125.00
0.374940	125.00
0.374960	125.00
0.374980	125.00
0.375000	126.00
0.375020	126.00
0.375040	126.00
0.375060	127.00
0.375080	127.00
0.375100	127.00
0.375120	126.00
0.375140	126.00
0.375160	125.00
0.375180	125.00
0.375200	125.00
0.375220	125.00
0.375240	126.00
0.375260	127.00
0.375280	127.00
0.375300	127.00
0.375320	126.00
0.375340	125.00
0.375360	123.00
0.375380	123.00
0.375400	124.00
0.375420	124.00
0.375440	125.00
0.375460	125.00
0.375480	124.00
0.375500	125.00
0.375520	125.00
0.375540	126.00
0.375560	126.00
0.375580	126.00
0.375600	126.00
0.375620	125.00
0.375640	124.00
0.375660	124.00
0.375680	124.00
0.375700	125.00
0.375720	125.00
0.375740	126.00
0.375760	125.00
0.375780	125.00
0.375800	125.00
0.375820	125.00
0.375840	125.00
0.375860	125.00
0.375880	125.00
0.375900	125.00
0.375920	125.00
0.375940	125.00
0.375960	125.00
0.375980	125.00
0.376000	125.00
0.376020	126.00
0.376040	126.00
0.376060	126.00
0.376080	126.00
0.376100	126.00
0.376120	126.00
0.376140	126.00
0.376160	126.00
0.376180	126.00
0.376200	126.00
0.376220	126.00
0.376240	126.00
0.376260	126.00
0.376280	126.00
0.376300	126.00
0.376320	125.00
0.376340	125.00
0.376360	124.00
0.376380	124.00
0.376400	125.00
0.376420	126.00
0.376440	126.00
0.376460	126.00
0.376480	124.00
0.376500	123.00
0.376520	123.00
0.376540	124.00
0.376560	124.00
0.376580	125.00
0.376600	125.00
0.376620	126.00
0.376640	126.00
0.376660	126.00
0.376680	126.00
0.376700	125.00
0.376720	125.00
0.376740	126.00
0.376760	127.00
0.376780	127.00
0.376800	126.00
0.376820	126.00
0.376840	125.00
0.376860	124.00
0.376880	123.00
0.376900	123.00
0.376920	124.00
0.376940	125.00
0.376960	127.00
0.376980	127.00
0.377000	127.00
0.377020	127.00
0.377040	126.00
0.377060	126.00
0.377080	125.00
0.377100	124.00
0.377120	124.00
0.377140	125.00
0.377160	126.00
0.377180	126.00
0.377200	125.00
0.377220	125.00
0.377240	125.00
0.377260	125.00
0.377280	125.00
0.377300	125.00
0.377320	125.00
0.377340	125.00
0.377360	125.00
0.377380	125.00
0.377400	125.00
0.377420	124.00
0.377440	124.00
0.377460	123.00
0.377480	123.00
0.377500	123.00
0.377520	123.00
0.377540	124.00
0.377560	124.00
0.377580	124.00
0.377600	124.00
0.377620	124.00
0.377640	125.00
0.377660	125.00
0.377680	124.00
0.377700	125.00
0.377720	125.00
0.377740	127.00
0.377760	127.00
0.377780	127.00
0.377800	125.00
0.377820	124.00
0.377840	124.00
0.377860	124.00
0.377880	124.00
0.377900	124.00
0.377920	124.00
0.377940	124.00
0.377960	125.00
0.377980	125.00
0.378000	126.00
0.378020	126.00
0.378040	126.00
0.378060	126.00
0.378080	126.00
0.378100	125.00
0.378120	124.00
0.378140	124.00
0.378160	125.00
0.378180	126.00
0.378200	126.00
0.378220	126.00
0.378240	126.00
0.378260	127.00
0.378280	127.00
0.378300	126.00
0.378320	126.00
0.378340	126.00
0.378360	126.00
0.378380	127.00
0.378400	127.00
0.378420	127.00
0.378440	126.00
0.378460	125.00
0.378480	125.00
0.378500	125.00
0.378520	125.00
0.378540	125.00
0.378560	125.00
0.378580	126.00
0.378600	125.00
0.378620	125.00
0.378640	124.00
0.378660	124.00
0.378680	125.00
0.378700	126.00
0.378720	127.00
0.378740	126.00
0.378760	125.00
0.378780	124.00
0.378800	124.00
0.378820	124.00
0.378840	124.00
0.378860	124.00
0.378880	125.00
0.378900	126.00
0.378920	127.00
0.378940	127.00
0.378960	126.00
0.378980	125.00
0.379000	125.00
0.379020	125.00
0.379040	126.00
0.379060	126.00
0.379080	125.00
0.379100	125.00
0.379120	126.00
0.379140	126.00
0.379160	127.00
0.379180	126.00
0.379200	125.00
0.379220	124.00
0.379240	125.00
0.379260	126.00
0.379280	126.00
0.379300	126.00
0.379320	125.00
0.379340	124.00
0.379360	124.00
0.379380	123.00
0.379400	123.00
0.379420	123.00
0.379440	124.00
0.379460	126.00
0.379480	127.00
0.379500	127.00
0.379520	126.00
0.379540	125.00
0.379560	125.00
0.379580	125.00
0.379600	125.00
0.379620	126.00
0.379640	126.00
0.379660	126.00
0.379680	127.00
0.379700	127.00
0.379720	127.00
0.379740	126.00
0.379760	126.00
0.379780	126.00
0.379800	127.00
0.379820	126.00
0.379840	126.00
0.379860	126.00
0.379880	126.00
0.379900	126.00
0.379920	126.00
0.379940	125.00
0.379960	125.00
0.379980	125.00
0.380000	127.00
0.380020	127.00
0.380040	127.00
0.380060	126.00
0.380080	126.00
0.380100	126.00
0.380120	127.00
0.380140	126.00
0.380160	125.00
0.380180	125.00
0.380200	124.00
0.380220	124.00
0.380240	124.00
0.380260	124.00
0.380280	123.00
0.380300	122.00
0.380320	123.00
0.380340	123.00
0.380360	123.00
0.380380	124.00
0.380400	124.00
0.380420	124.00
0.380440	124.00
0.380460	124.00
0.380480	123.00
0.380500	123.00
0.380520	124.00
0.380540	125.00
0.380560	125.00
0.380580	125.00
0.380600	125.00
0.380620	125.00
0.380640	126.00
0.380660	126.00
0.380680	125.00
0.380700	125.00
0.380720	124.00
0.380740	125.00
0.380760	125.00
0.380780	126.00
0.380800	125.00
0.380820	125.00
0.380840	124.00
0.380860	124.00
0.380880	125.00
0.380900	125.00
0.380920	125.00
0.380940	124.00
0.380960	124.00
0.380980	124.00
0.381000	124.00
0.381020	125.00
0.381040	125.00
0.381060	126.00
0.381080	126.00
0.381100	126.00
0.381120	126.00
0.381140	126.00
0.381160	126.00
0.381180	126.00
0.381200	126.00
0.381220	126.00
0.381240	126.00
0.381260	125.00
0.381280	124.00
0.381300	124.00
0.381320	124.00
0.381340	124.00
0.381360	125.00
0.381380	126.00
0.381400	127.00
0.381420	127.00
0.381440	127.00
0.381460	127.00
0.381480	126.00
0.381500	126.00
0.381520	126.00
0.381540	126.00
0.381560	126.00
0.381580	126.00
0.381600	125.00
0.381620	125.00
0.381640	124.00
0.381660	124.00
0.381680	124.00
0.381700	124.00
0.381720	125.00
0.381740	124.00
0.381760	124.00
0.381780	125.00
0.381800	125.00
0.381820	126.00
0.381840	127.00
0.381860	127.00
0.381880	127.00
0.381900	128.00
0.381920	128.00
0.381940	127.00
0.381960	127.00
0.381980	125.00
0.382000	125.00
0.382020	125.00
0.382040	125.00
0.382060	125.00
0.382080	126.00
0.382100	126.00
0.382120	126.00
0.382140	126.00
0.382160	125.00
0.382180	125.00
0.382200	125.00
0.382220	125.00
0.382240	126.00
0.382260	126.00
0.382280	126.00
0.382300	125.00
0.382320	125.00
0.382340	125.00
0.382360	125.00
0.382380	124.00
0.382400	124.00
0.382420	125.00
0.382440	125.00
0.382460	124.00
0.382480	124.00
0.382500	124.00
0.382520	124.00
0.382540	126.00
0.382560	127.00
0.382580	127.00
0.382600	127.00
0.382620	126.00
0.382640	126.00
0.382660	126.00
0.382680	126.00
0.382700	126.00
0.382720	125.00
0.382740	125.00
0.382760	125.00
0.382780	125.00
0.382800	125.00
0.382820	126.00
0.382840	126.00
0.382860	126.00
0.382880	126.00
0.382900	125.00
0.382920	125.00
0.382940	125.00
0.382960	126.00
0.382980	126.00
0.383000	126.00
0.383020	125.00
0.383040	125.00
0.383060	125.00
0.383080	125.00
0.383100	124.00
0.383120	124.00
0.383140	124.00
0.383160	124.00
0.383180	124.00
0.383200	125.00
0.383220	125.00
0.383240	124.00
0.383260	124.00
0.383280	124.00
0.383300	124.00
0.383320	125.00
0.383340	125.00
0.383360	125.00
0.383380	124.00
0.383400	123.00
0.383420	123.00
0.383440	124.00
0.383460	125.00
0.383480	127.00
0.383500	128.00
0.383520	128.00
0.383540	127.00
0.383560	126.00
0.383580	125.00
0.383600	125.00
0.383620	125.00
0.383640	125.00
0.383660	125.00
0.383680	125.00
0.383700	125.00
0.383720	125.00
0.383740	125.00
0.383760	126.00
0.383780	126.00
