0.303800	101.00
0.303820	49.00
0.303840	102.00
0.303860	141.00
0.303880	145.00
0.303900	126.00
0.303920	113.00
0.303940	119.00
0.303960	132.00
0.303980	134.00
0.304000	125.00
0.304020	118.00
0.304040	121.00
0.304060	129.00
0.304080	131.00
0.304100	126.00
0.304120	120.00
0.304140	121.00
0.304160	127.00
0.304180	129.00
0.304200	126.00
0.304220	122.00
0.304240	122.00
0.304260	126.00
0.304280	127.00
0.304300	124.00
0.304320	122.00
0.304340	124.00
0.304360	128.00
0.304380	129.00
0.304400	127.00
0.304420	125.00
0.304440	125.00
0.304460	127.00
0.304480	127.00
0.304500	125.00
0.304520	123.00
0.304540	124.00
0.304560	126.00
0.304580	127.00
0.304600	125.00
0.304620	123.00
0.304640	124.00
0.304660	127.00
0.304680	127.00
0.304700	126.00
0.304720	125.00
0.304740	126.00
0.304760	128.00
0.304780	128.00
0.304800	126.00
0.304820	123.00
0.304840	124.00
0.304860	125.00
0.304880	126.00
0.304900	125.00
0.304920	124.00
0.304940	124.00
0.304960	125.00
0.304980	126.00
0.305000	124.00
0.305020	123.00
0.305040	124.00
0.305060	125.00
0.305080	125.00
0.305100	123.00
0.305120	122.00
0.305140	124.00
0.305160	126.00
0.305180	127.00
0.305200	126.00
0.305220	124.00
0.305240	125.00
0.305260	126.00
0.305280	126.00
0.305300	125.00
0.305320	124.00
0.305340	125.00
0.305360	127.00
0.305380	127.00
0.305400	126.00
0.305420	125.00
0.305440	126.00
0.305460	127.00
0.305480	127.00
0.305500	126.00
0.305520	125.00
0.305540	125.00
0.305560	126.00
0.305580	127.00
0.305600	126.00
0.305620	125.00
0.305640	125.00
0.305660	126.00
0.305680	127.00
0.305700	126.00
0.305720	124.00
0.305740	124.00
0.305760	126.00
0.305780	127.00
0.305800	127.00
0.305820	126.00
0.305840	125.00
0.305860	124.00
0.305880	124.00
0.305900	125.00
0.305920	125.00
0.305940	126.00
0.305960	127.00
0.305980	127.00
0.306000	126.00
0.306020	124.00
0.306040	123.00
0.306060	124.00
0.306080	125.00
0.306100	124.00
0.306120	124.00
0.306140	125.00
0.306160	125.00
0.306180	125.00
0.306200	125.00
0.306220	124.00
0.306240	125.00
0.306260	125.00
0.306280	125.00
0.306300	125.00
0.306320	124.00
0.306340	125.00
0.306360	126.00
0.306380	126.00
0.306400	126.00
0.306420	125.00
0.306440	126.00
0.306460	126.00
0.306480	126.00
0.306500	125.00
0.306520	124.00
0.306540	125.00
0.306560	126.00
0.306580	127.00
0.306600	127.00
0.306620	125.00
0.306640	125.00
0.306660	126.00
0.306680	126.00
0.306700	126.00
0.306720	125.00
0.306740	124.00
0.306760	124.00
0.306780	125.00
0.306800	124.00
0.306820	124.00
0.306840	124.00
0.306860	125.00
0.306880	125.00
0.306900	125.00
0.306920	124.00
0.306940	124.00
0.306960	125.00
0.306980	125.00
0.307000	124.00
0.307020	124.00
0.307040	124.00
0.307060	125.00
0.307080	126.00
0.307100	126.00
0.307120	126.00
0.307140	126.00
0.307160	125.00
0.307180	124.00
0.307200	123.00
0.307220	123.00
0.307240	124.00
0.307260	125.00
0.307280	126.00
0.307300	126.00
0.307320	125.00
0.307340	125.00
0.307360	126.00
0.307380	126.00
0.307400	126.00
0.307420	127.00
0.307440	127.00
0.307460	127.00
0.307480	126.00
0.307500	125.00
0.307520	125.00
0.307540	125.00
0.307560	126.00
0.307580	126.00
0.307600	125.00
0.307620	125.00
0.307640	125.00
0.307660	126.00
0.307680	126.00
0.307700	125.00
0.307720	124.00
0.307740	125.00
0.307760	125.00
0.307780	126.00
0.307800	125.00
0.307820	125.00
0.307840	125.00
0.307860	126.00
0.307880	126.00
0.307900	126.00
0.307920	124.00
0.307940	123.00
0.307960	123.00
0.307980	123.00
0.308000	124.00
0.308020	124.00
0.308040	124.00
0.308060	124.00
0.308080	124.00
0.308100	124.00
0.308120	125.00
0.308140	126.00
0.308160	127.00
0.308180	127.00
0.308200	126.00
0.308220	125.00
0.308240	125.00
0.308260	126.00
0.308280	126.00
0.308300	126.00
0.308320	125.00
0.308340	125.00
0.308360	125.00
0.308380	126.00
0.308400	125.00
0.308420	125.00
0.308440	125.00
0.308460	126.00
0.308480	126.00
0.308500	126.00
0.308520	125.00
0.308540	125.00
0.308560	125.00
0.308580	125.00
0.308600	125.00
0.308620	125.00
0.308640	126.00
0.308660	127.00
0.308680	128.00
0.308700	128.00
0.308720	127.00
0.308740	125.00
0.308760	125.00
0.308780	124.00
0.308800	125.00
0.308820	125.00
0.308840	126.00
0.308860	127.00
0.308880	128.00
0.308900	129.00
0.308920	129.00
0.308940	128.00
0.308960	126.00
0.308980	124.00
0.309000	122.00
0.309020	121.00
0.309040	120.00
0.309060	121.00
0.309080	121.00
0.309100	122.00
0.309120	123.00
0.309140	125.00
0.309160	126.00
0.309180	127.00
0.309200	127.00
0.309220	127.00
0.309240	126.00
0.309260	125.00
0.309280	123.00
0.309300	122.00
0.309320	122.00
0.309340	123.00
0.309360	125.00
0.309380	127.00
0.309400	128.00
0.309420	129.00
0.309440	129.00
0.309460	128.00
0.309480	127.00
0.309500	126.00
0.309520	125.00
0.309540	126.00
0.309560	126.00
0.309580	126.00
0.309600	126.00
0.309620	126.00
0.309640	126.00
0.309660	127.00
0.309680	127.00
0.309700	127.00
0.309720	126.00
0.309740	125.00
0.309760	124.00
0.309780	123.00
0.309800	123.00
0.309820	124.00
0.309840	126.00
0.309860	127.00
0.309880	127.00
0.309900	126.00
0.309920	125.00
0.309940	124.00
0.309960	124.00
0.309980	124.00
0.310000	124.00
0.310020	124.00
0.310040	125.00
0.310060	127.00
0.310080	128.00
0.310100	127.00
0.310120	126.00
0.310140	125.00
0.310160	125.00
0.310180	125.00
0.310200	125.00
0.310220	126.00
0.310240	126.00
0.310260	126.00
0.310280	126.00
0.310300	125.00
0.310320	124.00
0.310340	123.00
0.310360	124.00
0.310380	124.00
0.310400	125.00
0.310420	126.00
0.310440	127.00
0.310460	128.00
0.310480	127.00
0.310500	127.00
0.310520	126.00
0.310540	127.00
0.310560	127.00
0.310580	127.00
0.310600	126.00
0.310620	125.00
0.310640	126.00
0.310660	127.00
0.310680	128.00
0.310700	128.00
0.310720	126.00
0.310740	125.00
0.310760	124.00
0.310780	123.00
0.310800	123.00
0.310820	124.00
0.310840	126.00
0.310860	128.00
0.310880	128.00
0.310900	128.00
0.310920	127.00
0.310940	126.00
0.310960	124.00
0.310980	122.00
0.311000	121.00
0.311020	120.00
0.311040	121.00
0.311060	123.00
0.311080	125.00
0.311100	126.00
0.311120	127.00
0.311140	128.00
0.311160	129.00
0.311180	129.00
0.311200	127.00
0.311220	124.00
0.311240	122.00
0.311260	120.00
0.311280	120.00
0.311300	120.00
0.311320	122.00
0.311340	124.00
0.311360	127.00
0.311380	129.00
0.311400	130.00
0.311420	129.00
0.311440	127.00
0.311460	126.00
0.311480	124.00
0.311500	123.00
0.311520	122.00
0.311540	123.00
0.311560	124.00
0.311580	125.00
0.311600	125.00
0.311620	126.00
0.311640	127.00
0.311660	127.00
0.311680	128.00
0.311700	128.00
0.311720	127.00
0.311740	126.00
0.311760	126.00
0.311780	126.00
0.311800	125.00
0.311820	124.00
0.311840	123.00
0.311860	123.00
0.311880	123.00
0.311900	123.00
0.311920	123.00
0.311940	124.00
0.311960	125.00
0.311980	127.00
0.312000	128.00
0.312020	127.00
0.312040	126.00
0.312060	125.00
0.312080	124.00
0.312100	125.00
0.312120	125.00
0.312140	126.00
0.312160	126.00
0.312180	125.00
0.312200	125.00
0.312220	125.00
0.312240	125.00
0.312260	126.00
0.312280	125.00
0.312300	124.00
0.312320	124.00
0.312340	125.00
0.312360	126.00
0.312380	127.00
0.312400	127.00
0.312420	126.00
0.312440	126.00
0.312460	127.00
0.312480	128.00
0.312500	129.00
0.312520	129.00
0.312540	128.00
0.312560	127.00
0.312580	126.00
0.312600	126.00
0.312620	125.00
0.312640	125.00
0.312660	125.00
0.312680	124.00
0.312700	123.00
0.312720	124.00
0.312740	125.00
0.312760	125.00
0.312780	125.00
0.312800	125.00
0.312820	124.00
0.312840	124.00
0.312860	125.00
0.312880	125.00
0.312900	124.00
0.312920	124.00
0.312940	125.00
0.312960	127.00
0.312980	128.00
0.313000	128.00
0.313020	127.00
0.313040	126.00
0.313060	126.00
0.313080	126.00
0.313100	125.00
0.313120	125.00
0.313140	125.00
0.313160	125.00
0.313180	125.00
0.313200	126.00
0.313220	126.00
0.313240	126.00
0.313260	127.00
0.313280	127.00
0.313300	127.00
0.313320	126.00
0.313340	126.00
0.313360	126.00
0.313380	127.00
0.313400	127.00
0.313420	126.00
0.313440	125.00
0.313460	124.00
0.313480	124.00
0.313500	124.00
0.313520	124.00
0.313540	124.00
0.313560	125.00
0.313580	125.00
0.313600	125.00
0.313620	125.00
0.313640	126.00
0.313660	126.00
0.313680	125.00
0.313700	124.00
0.313720	123.00
0.313740	123.00
0.313760	124.00
0.313780	125.00
0.313800	125.00
0.313820	124.00
0.313840	124.00
0.313860	126.00
0.313880	127.00
0.313900	127.00
0.313920	126.00
0.313940	124.00
0.313960	123.00
0.313980	124.00
0.314000	125.00
0.314020	126.00
0.314040	126.00
0.314060	125.00
0.314080	126.00
0.314100	126.00
0.314120	126.00
0.314140	126.00
0.314160	125.00
0.314180	125.00
0.314200	124.00
0.314220	124.00
0.314240	124.00
0.314260	124.00
0.314280	125.00
0.314300	125.00
0.314320	125.00
0.314340	125.00
0.314360	125.00
0.314380	125.00
0.314400	126.00
0.314420	126.00
0.314440	127.00
0.314460	127.00
0.314480	127.00
0.314500	126.00
0.314520	126.00
0.314540	125.00
0.314560	126.00
0.314580	126.00
0.314600	126.00
0.314620	125.00
0.314640	125.00
0.314660	126.00
0.314680	127.00
0.314700	127.00
0.314720	126.00
0.314740	125.00
0.314760	125.00
0.314780	125.00
0.314800	125.00
0.314820	126.00
0.314840	126.00
0.314860	126.00
0.314880	126.00
0.314900	126.00
0.314920	126.00
0.314940	125.00
0.314960	124.00
0.314980	124.00
0.315000	125.00
0.315020	127.00
0.315040	127.00
0.315060	127.00
0.315080	127.00
0.315100	126.00
0.315120	125.00
0.315140	125.00
0.315160	125.00
0.315180	125.00
0.315200	124.00
0.315220	125.00
0.315240	125.00
0.315260	126.00
0.315280	126.00
0.315300	126.00
0.315320	126.00
0.315340	127.00
0.315360	128.00
0.315380	128.00
0.315400	128.00
0.315420	127.00
0.315440	127.00
0.315460	127.00
0.315480	128.00
0.315500	128.00
0.315520	127.00
0.315540	126.00
0.315560	125.00
0.315580	125.00
0.315600	124.00
0.315620	123.00
0.315640	124.00
0.315660	125.00
0.315680	126.00
0.315700	126.00
0.315720	125.00
0.315740	124.00
0.315760	123.00
0.315780	124.00
0.315800	125.00
0.315820	125.00
0.315840	125.00
0.315860	125.00
0.315880	124.00
0.315900	125.00
0.315920	125.00
0.315940	126.00
0.315960	126.00
0.315980	126.00
0.316000	126.00
0.316020	125.00
0.316040	125.00
0.316060	124.00
0.316080	124.00
0.316100	125.00
0.316120	126.00
0.316140	126.00
0.316160	126.00
0.316180	125.00
0.316200	125.00
0.316220	126.00
0.316240	127.00
0.316260	127.00
0.316280	126.00
0.316300	125.00
0.316320	125.00
0.316340	125.00
0.316360	126.00
0.316380	126.00
0.316400	127.00
0.316420	126.00
0.316440	126.00
0.316460	126.00
0.316480	126.00
0.316500	126.00
0.316520	125.00
0.316540	125.00
0.316560	125.00
0.316580	125.00
0.316600	126.00
0.316620	127.00
0.316640	126.00
0.316660	126.00
0.316680	126.00
0.316700	125.00
0.316720	125.00
0.316740	124.00
0.316760	124.00
0.316780	124.00
0.316800	123.00
0.316820	123.00
0.316840	124.00
0.316860	125.00
0.316880	126.00
0.316900	127.00
0.316920	126.00
0.316940	126.00
0.316960	125.00
0.316980	125.00
0.317000	124.00
0.317020	124.00
0.317040	124.00
0.317060	125.00
0.317080	126.00
0.317100	127.00
0.317120	127.00
0.317140	126.00
0.317160	126.00
0.317180	126.00
0.317200	126.00
0.317220	125.00
0.317240	125.00
0.317260	125.00
0.317280	126.00
0.317300	126.00
0.317320	126.00
0.317340	126.00
0.317360	126.00
0.317380	126.00
0.317400	125.00
0.317420	125.00
0.317440	125.00
0.317460	126.00
0.317480	126.00
0.317500	126.00
0.317520	126.00
0.317540	125.00
0.317560	125.00
0.317580	125.00
0.317600	125.00
0.317620	125.00
0.317640	125.00
0.317660	125.00
0.317680	125.00
0.317700	125.00
0.317720	125.00
0.317740	124.00
0.317760	124.00
0.317780	124.00
0.317800	124.00
0.317820	124.00
0.317840	125.00
0.317860	125.00
0.317880	125.00
0.317900	125.00
0.317920	125.00
0.317940	125.00
0.317960	124.00
0.317980	124.00
0.318000	124.00
0.318020	124.00
0.318040	125.00
0.318060	126.00
0.318080	126.00
0.318100	126.00
0.318120	126.00
0.318140	126.00
0.318160	126.00
0.318180	126.00
0.318200	126.00
0.318220	125.00
0.318240	126.00
0.318260	126.00
0.318280	125.00
0.318300	125.00
0.318320	125.00
0.318340	125.00
0.318360	127.00
0.318380	128.00
0.318400	128.00
0.318420	127.00
0.318440	126.00
0.318460	126.00
0.318480	126.00
0.318500	126.00
0.318520	125.00
0.318540	125.00
0.318560	125.00
0.318580	126.00
0.318600	126.00
0.318620	126.00
0.318640	125.00
0.318660	124.00
0.318680	124.00
0.318700	124.00
0.318720	124.00
0.318740	124.00
0.318760	124.00
0.318780	125.00
0.318800	125.00
0.318820	126.00
0.318840	126.00
0.318860	126.00
0.318880	126.00
0.318900	126.00
0.318920	125.00
0.318940	125.00
0.318960	124.00
0.318980	125.00
0.319000	126.00
0.319020	126.00
0.319040	126.00
0.319060	126.00
0.319080	126.00
0.319100	126.00
0.319120	126.00
0.319140	126.00
0.319160	126.00
0.319180	126.00
0.319200	126.00
0.319220	127.00
0.319240	127.00
0.319260	128.00
0.319280	128.00
0.319300	128.00
0.319320	127.00
0.319340	127.00
0.319360	126.00
0.319380	125.00
0.319400	125.00
0.319420	124.00
0.319440	125.00
0.319460	127.00
0.319480	128.00
0.319500	128.00
0.319520	127.00
0.319540	125.00
0.319560	124.00
0.319580	124.00
0.319600	125.00
0.319620	125.00
0.319640	125.00
0.319660	125.00
0.319680	125.00
0.319700	125.00
0.319720	126.00
0.319740	125.00
0.319760	125.00
0.319780	125.00
0.319800	125.00
0.319820	125.00
0.319840	124.00
0.319860	125.00
0.319880	125.00
0.319900	125.00
0.319920	126.00
0.319940	126.00
0.319960	125.00
0.319980	125.00
0.320000	126.00
0.320020	127.00
0.320040	128.00
0.320060	129.00
0.320080	129.00
0.320100	128.00
0.320120	127.00
0.320140	126.00
0.320160	125.00
0.320180	125.00
0.320200	125.00
0.320220	125.00
0.320240	125.00
0.320260	125.00
0.320280	126.00
0.320300	127.00
0.320320	127.00
0.320340	127.00
0.320360	126.00
0.320380	125.00
0.320400	126.00
0.320420	126.00
0.320440	127.00
0.320460	126.00
0.320480	125.00
0.320500	124.00
0.320520	123.00
0.320540	123.00
0.320560	124.00
0.320580	125.00
0.320600	125.00
0.320620	125.00
0.320640	126.00
0.320660	126.00
0.320680	126.00
0.320700	126.00
0.320720	125.00
0.320740	125.00
0.320760	124.00
0.320780	125.00
0.320800	125.00
0.320820	126.00
0.320840	126.00
0.320860	126.00
0.320880	125.00
0.320900	125.00
0.320920	125.00
0.320940	125.00
0.320960	125.00
0.320980	125.00
0.321000	126.00
0.321020	126.00
0.321040	127.00
0.321060	128.00
0.321080	128.00
0.321100	127.00
0.321120	127.00
0.321140	126.00
0.321160	127.00
0.321180	127.00
0.321200	127.00
0.321220	127.00
0.321240	126.00
0.321260	125.00
0.321280	124.00
0.321300	125.00
0.321320	125.00
0.321340	126.00
0.321360	127.00
0.321380	126.00
0.321400	126.00
0.321420	125.00
0.321440	125.00
0.321460	124.00
0.321480	124.00
0.321500	123.00
0.321520	123.00
0.321540	123.00
0.321560	123.00
0.321580	125.00
0.321600	126.00
0.321620	126.00
0.321640	126.00
0.321660	126.00
0.321680	125.00
0.321700	125.00
0.321720	124.00
0.321740	124.00
0.321760	124.00
0.321780	124.00
0.321800	125.00
0.321820	125.00
0.321840	125.00
0.321860	125.00
0.321880	125.00
0.321900	125.00
0.321920	126.00
0.321940	125.00
0.321960	125.00
0.321980	124.00
0.322000	124.00
0.322020	125.00
0.322040	127.00
0.322060	127.00
0.322080	127.00
0.322100	127.00
0.322120	126.00
0.322140	127.00
0.322160	127.00
0.322180	127.00
0.322200	127.00
0.322220	126.00
0.322240	126.00
0.322260	126.00
0.322280	126.00
0.322300	127.00
0.322320	127.00
0.322340	127.00
0.322360	126.00
0.322380	125.00
0.322400	124.00
0.322420	123.00
0.322440	124.00
0.322460	125.00
0.322480	125.00
0.322500	124.00
0.322520	123.00
0.322540	123.00
0.322560	124.00
0.322580	124.00
0.322600	125.00
0.322620	125.00
0.322640	125.00
0.322660	126.00
0.322680	126.00
0.322700	126.00
0.322720	126.00
0.322740	126.00
0.322760	127.00
0.322780	127.00
0.322800	127.00
0.322820	127.00
0.322840	127.00
0.322860	126.00
0.322880	125.00
0.322900	124.00
0.322920	123.00
0.322940	123.00
0.322960	124.00
0.322980	125.00
0.323000	126.00
0.323020	127.00
0.323040	127.00
0.323060	127.00
0.323080	126.00
0.323100	125.00
0.323120	125.00
0.323140	126.00
0.323160	126.00
0.323180	126.00
0.323200	126.00
0.323220	126.00
0.323240	126.00
0.323260	126.00
0.323280	125.00
0.323300	125.00
0.323320	124.00
0.323340	124.00
0.323360	124.00
0.323380	125.00
0.323400	125.00
0.323420	126.00
0.323440	127.00
0.323460	127.00
0.323480	127.00
0.323500	126.00
0.323520	126.00
0.323540	125.00
0.323560	124.00
0.323580	124.00
0.323600	125.00
0.323620	126.00
0.323640	126.00
0.323660	126.00
0.323680	126.00
0.323700	126.00
0.323720	125.00
0.323740	126.00
0.323760	126.00
0.323780	127.00
0.323800	127.00
0.323820	126.00
0.323840	124.00
0.323860	124.00
0.323880	124.00
0.323900	124.00
0.323920	124.00
0.323940	124.00
0.323960	123.00
0.323980	124.00
0.324000	124.00
0.324020	125.00
0.324040	125.00
0.324060	125.00
0.324080	125.00
0.324100	125.00
0.324120	126.00
0.324140	126.00
0.324160	126.00
0.324180	126.00
0.324200	126.00
0.324220	126.00
0.324240	125.00
0.324260	125.00
0.324280	125.00
0.324300	126.00
0.324320	126.00
0.324340	126.00
0.324360	125.00
0.324380	124.00
0.324400	124.00
0.324420	124.00
0.324440	124.00
0.324460	123.00
0.324480	123.00
0.324500	122.00
0.324520	123.00
0.324540	124.00
0.324560	125.00
0.324580	125.00
0.324600	125.00
0.324620	126.00
0.324640	126.00
0.324660	127.00
0.324680	127.00
0.324700	126.00
0.324720	126.00
0.324740	125.00
0.324760	125.00
0.324780	125.00
0.324800	125.00
0.324820	125.00
0.324840	125.00
0.324860	125.00
0.324880	125.00
0.324900	126.00
0.324920	126.00
0.324940	126.00
0.324960	126.00
0.324980	126.00
0.325000	126.00
0.325020	126.00
0.325040	126.00
0.325060	126.00
0.325080	126.00
0.325100	126.00
0.325120	126.00
0.325140	125.00
0.325160	125.00
0.325180	124.00
0.325200	124.00
0.325220	124.00
0.325240	125.00
0.325260	125.00
0.325280	124.00
0.325300	124.00
0.325320	124.00
0.325340	124.00
0.325360	124.00
0.325380	124.00
0.325400	124.00
0.325420	124.00
0.325440	124.00
0.325460	124.00
0.325480	124.00
0.325500	124.00
0.325520	125.00
0.325540	126.00
0.325560	125.00
0.325580	125.00
0.325600	124.00
0.325620	124.00
0.325640	124.00
0.325660	125.00
0.325680	125.00
0.325700	126.00
0.325720	126.00
0.325740	126.00
0.325760	126.00
0.325780	127.00
0.325800	127.00
0.325820	127.00
0.325840	126.00
0.325860	125.00
0.325880	125.00
0.325900	126.00
0.325920	126.00
0.325940	126.00
0.325960	126.00
0.325980	126.00
0.326000	126.00
0.326020	126.00
0.326040	126.00
0.326060	125.00
0.326080	125.00
0.326100	126.00
0.326120	126.00
0.326140	125.00
0.326160	125.00
0.326180	125.00
0.326200	125.00
0.326220	126.00
0.326240	125.00
0.326260	124.00
0.326280	123.00
0.326300	123.00
0.326320	124.00
0.326340	124.00
0.326360	124.00
0.326380	124.00
0.326400	124.00
0.326420	125.00
0.326440	125.00
0.326460	125.00
0.326480	124.00
0.326500	124.00
0.326520	123.00
0.326540	124.00
0.326560	125.00
0.326580	126.00
0.326600	126.00
0.326620	127.00
0.326640	127.00
0.326660	126.00
0.326680	125.00
0.326700	124.00
0.326720	124.00
0.326740	124.00
0.326760	125.00
0.326780	126.00
0.326800	126.00
0.326820	126.00
0.326840	126.00
0.326860	126.00
0.326880	126.00
0.326900	126.00
0.326920	126.00
0.326940	126.00
0.326960	127.00
0.326980	127.00
0.327000	126.00
0.327020	126.00
0.327040	126.00
0.327060	126.00
0.327080	126.00
0.327100	126.00
0.327120	126.00
0.327140	126.00
0.327160	126.00
0.327180	125.00
0.327200	125.00
0.327220	125.00
0.327240	126.00
0.327260	126.00
0.327280	126.00
0.327300	127.00
0.327320	127.00
0.327340	127.00
0.327360	126.00
0.327380	126.00
0.327400	125.00
0.327420	124.00
0.327440	123.00
0.327460	124.00
0.327480	124.00
0.327500	125.00
0.327520	126.00
0.327540	127.00
0.327560	127.00
0.327580	126.00
0.327600	125.00
0.327620	125.00
0.327640	125.00
0.327660	127.00
0.327680	128.00
0.327700	128.00
0.327720	127.00
0.327740	126.00
0.327760	125.00
0.327780	125.00
0.327800	126.00
0.327820	126.00
0.327840	126.00
0.327860	126.00
0.327880	127.00
0.327900	127.00
0.327920	128.00
0.327940	127.00
0.327960	126.00
0.327980	124.00
0.328000	124.00
0.328020	125.00
0.328040	125.00
0.328060	125.00
0.328080	125.00
0.328100	124.00
0.328120	124.00
0.328140	124.00
0.328160	123.00
0.328180	123.00
0.328200	124.00
0.328220	124.00
0.328240	126.00
0.328260	126.00
0.328280	126.00
0.328300	126.00
0.328320	125.00
0.328340	125.00
0.328360	124.00
0.328380	124.00
0.328400	124.00
0.328420	124.00
0.328440	125.00
0.328460	125.00
0.328480	126.00
0.328500	126.00
0.328520	127.00
0.328540	128.00
0.328560	127.00
0.328580	126.00
0.328600	125.00
0.328620	125.00
0.328640	126.00
0.328660	126.00
0.328680	126.00
0.328700	126.00
0.328720	126.00
0.328740	126.00
0.328760	125.00
0.328780	125.00
0.328800	125.00
0.328820	125.00
0.328840	125.00
0.328860	126.00
0.328880	126.00
0.328900	126.00
0.328920	125.00
0.328940	126.00
0.328960	126.00
0.328980	126.00
0.329000	125.00
0.329020	125.00
0.329040	125.00
0.329060	126.00
0.329080	126.00
0.329100	126.00
0.329120	125.00
0.329140	124.00
0.329160	125.00
0.329180	125.00
0.329200	125.00
0.329220	124.00
0.329240	123.00
0.329260	123.00
0.329280	124.00
0.329300	125.00
0.329320	125.00
0.329340	125.00
0.329360	125.00
0.329380	124.00
0.329400	125.00
0.329420	125.00
0.329440	126.00
0.329460	126.00
0.329480	126.00
0.329500	126.00
0.329520	126.00
0.329540	126.00
0.329560	125.00
0.329580	125.00
0.329600	125.00
0.329620	126.00
0.329640	126.00
0.329660	126.00
0.329680	125.00
0.329700	125.00
0.329720	125.00
0.329740	126.00
0.329760	127.00
0.329780	127.00
0.329800	126.00
0.329820	125.00
0.329840	125.00
0.329860	126.00
0.329880	126.00
0.329900	127.00
0.329920	126.00
0.329940	125.00
0.329960	125.00
0.329980	125.00
0.330000	126.00
0.330020	125.00
0.330040	124.00
0.330060	124.00
0.330080	124.00
0.330100	125.00
0.330120	126.00
0.330140	125.00
0.330160	125.00
0.330180	124.00
0.330200	124.00
0.330220	124.00
0.330240	125.00
0.330260	126.00
0.330280	126.00
0.330300	125.00
0.330320	125.00
0.330340	125.00
0.330360	126.00
0.330380	126.00
0.330400	125.00
0.330420	124.00
0.330440	125.00
0.330460	126.00
0.330480	127.00
0.330500	127.00
0.330520	126.00
0.330540	125.00
0.330560	125.00
0.330580	125.00
0.330600	125.00
0.330620	125.00
0.330640	124.00
0.330660	124.00
0.330680	124.00
0.330700	124.00
0.330720	125.00
0.330740	125.00
0.330760	125.00
0.330780	126.00
0.330800	126.00
0.330820	126.00
0.330840	126.00
0.330860	127.00
0.330880	127.00
0.330900	127.00
0.330920	127.00
0.330940	127.00
0.330960	126.00
0.330980	127.00
0.331000	127.00
0.331020	126.00
0.331040	125.00
0.331060	124.00
0.331080	124.00
0.331100	124.00
0.331120	125.00
0.331140	125.00
0.331160	124.00
0.331180	124.00
0.331200	124.00
0.331220	124.00
0.331240	124.00
0.331260	124.00
0.331280	125.00
0.331300	125.00
0.331320	125.00
0.331340	125.00
0.331360	124.00
0.331380	124.00
0.331400	126.00
0.331420	127.00
0.331440	128.00
0.331460	128.00
0.331480	127.00
0.331500	126.00
0.331520	125.00
0.331540	125.00
0.331560	125.00
0.331580	124.00
0.331600	123.00
0.331620	123.00
0.331640	123.00
0.331660	124.00
0.331680	124.00
0.331700	125.00
0.331720	126.00
0.331740	127.00
0.331760	128.00
0.331780	128.00
0.331800	128.00
0.331820	127.00
0.331840	128.00
0.331860	128.00
0.331880	127.00
0.331900	126.00
0.331920	125.00
0.331940	124.00
0.331960	125.00
0.331980	125.00
0.332000	125.00
0.332020	125.00
0.332040	125.00
0.332060	125.00
0.332080	125.00
0.332100	126.00
0.332120	126.00
0.332140	126.00
0.332160	127.00
0.332180	126.00
0.332200	125.00
0.332220	124.00
0.332240	124.00
0.332260	124.00
0.332280	126.00
0.332300	127.00
0.332320	128.00
0.332340	128.00
0.332360	127.00
0.332380	127.00
0.332400	127.00
0.332420	127.00
0.332440	126.00
0.332460	125.00
0.332480	124.00
0.332500	124.00
0.332520	125.00
0.332540	126.00
0.332560	127.00
0.332580	127.00
0.332600	126.00
0.332620	126.00
0.332640	126.00
0.332660	126.00
0.332680	125.00
0.332700	124.00
0.332720	124.00
0.332740	125.00
0.332760	126.00
0.332780	127.00
0.332800	126.00
0.332820	125.00
0.332840	124.00
0.332860	123.00
0.332880	124.00
0.332900	124.00
0.332920	124.00
0.332940	124.00
0.332960	125.00
0.332980	125.00
0.333000	126.00
0.333020	125.00
0.333040	125.00
0.333060	125.00
0.333080	125.00
0.333100	125.00
0.333120	125.00
0.333140	124.00
0.333160	124.00
0.333180	124.00
0.333200	123.00
0.333220	123.00
0.333240	123.00
0.333260	123.00
0.333280	124.00
0.333300	124.00
0.333320	125.00
0.333340	126.00
0.333360	126.00
0.333380	126.00
0.333400	126.00
0.333420	126.00
0.333440	126.00
0.333460	126.00
0.333480	126.00
0.333500	126.00
0.333520	125.00
0.333540	125.00
0.333560	126.00
0.333580	126.00
0.333600	126.00
0.333620	125.00
0.333640	124.00
0.333660	124.00
0.333680	125.00
0.333700	126.00
0.333720	127.00
0.333740	126.00
0.333760	126.00
0.333780	125.00
0.333800	124.00
0.333820	125.00
0.333840	125.00
0.333860	125.00
0.333880	125.00
0.333900	125.00
0.333920	124.00
0.333940	124.00
0.333960	124.00
0.333980	124.00
0.334000	125.00
0.334020	126.00
0.334040	126.00
0.334060	125.00
0.334080	125.00
0.334100	125.00
0.334120	125.00
0.334140	126.00
0.334160	125.00
0.334180	125.00
0.334200	125.00
0.334220	125.00
0.334240	126.00
0.334260	126.00
0.334280	126.00
0.334300	126.00
0.334320	126.00
0.334340	126.00
0.334360	127.00
0.334380	127.00
0.334400	126.00
0.334420	126.00
0.334440	126.00
0.334460	126.00
0.334480	126.00
0.334500	125.00
0.334520	124.00
0.334540	124.00
0.334560	125.00
0.334580	126.00
0.334600	127.00
0.334620	127.00
0.334640	126.00
0.334660	125.00
0.334680	125.00
0.334700	126.00
0.334720	126.00
0.334740	126.00
0.334760	126.00
0.334780	126.00
0.334800	126.00
0.334820	126.00
0.334840	125.00
0.334860	125.00
0.334880	125.00
0.334900	125.00
0.334920	125.00
0.334940	125.00
0.334960	125.00
0.334980	125.00
0.335000	124.00
0.335020	124.00
0.335040	123.00
0.335060	123.00
0.335080	123.00
0.335100	123.00
0.335120	124.00
0.335140	125.00
0.335160	125.00
0.335180	126.00
0.335200	126.00
0.335220	126.00
0.335240	125.00
0.335260	125.00
0.335280	124.00
0.335300	124.00
0.335320	124.00
0.335340	124.00
0.335360	125.00
0.335380	126.00
0.335400	126.00
0.335420	126.00
0.335440	126.00
0.335460	126.00
0.335480	127.00
0.335500	127.00
0.335520	127.00
0.335540	127.00
0.335560	127.00
0.335580	127.00
0.335600	127.00
0.335620	127.00
0.335640	126.00
0.335660	126.00
0.335680	126.00
0.335700	126.00
0.335720	125.00
0.335740	125.00
0.335760	124.00
0.335780	124.00
0.335800	124.00
0.335820	125.00
0.335840	126.00
0.335860	126.00
0.335880	126.00
0.335900	125.00
0.335920	125.00
0.335940	124.00
0.335960	124.00
0.335980	124.00
0.336000	124.00
0.336020	125.00
0.336040	126.00
0.336060	126.00
0.336080	126.00
0.336100	125.00
0.336120	125.00
0.336140	124.00
0.336160	124.00
0.336180	125.00
0.336200	126.00
0.336220	126.00
0.336240	126.00
0.336260	126.00
0.336280	126.00
0.336300	126.00
0.336320	126.00
0.336340	127.00
0.336360	127.00
0.336380	127.00
0.336400	127.00
0.336420	127.00
0.336440	127.00
0.336460	127.00
0.336480	127.00
0.336500	127.00
0.336520	127.00
0.336540	126.00
0.336560	126.00
0.336580	126.00
0.336600	126.00
0.336620	126.00
0.336640	126.00
0.336660	125.00
0.336680	125.00
0.336700	125.00
0.336720	125.00
0.336740	125.00
0.336760	126.00
0.336780	126.00
0.336800	126.00
0.336820	126.00
0.336840	125.00
0.336860	124.00
0.336880	124.00
0.336900	124.00
0.336920	124.00
0.336940	125.00
0.336960	125.00
0.336980	124.00
0.337000	124.00
0.337020	125.00
0.337040	126.00
0.337060	127.00
0.337080	126.00
0.337100	125.00
0.337120	125.00
0.337140	124.00
0.337160	124.00
0.337180	123.00
0.337200	123.00
0.337220	123.00
0.337240	124.00
0.337260	124.00
0.337280	124.00
0.337300	125.00
0.337320	125.00
0.337340	125.00
0.337360	125.00
0.337380	124.00
0.337400	124.00
0.337420	124.00
0.337440	126.00
0.337460	127.00
0.337480	127.00
0.337500	126.00
0.337520	126.00
0.337540	126.00
0.337560	126.00
0.337580	126.00
0.337600	126.00
0.337620	125.00
0.337640	124.00
0.337660	124.00
0.337680	124.00
0.337700	124.00
0.337720	124.00
0.337740	124.00
0.337760	125.00
0.337780	125.00
0.337800	126.00
0.337820	127.00
0.337840	127.00
0.337860	127.00
0.337880	127.00
0.337900	126.00
0.337920	125.00
0.337940	125.00
0.337960	125.00
0.337980	124.00
0.338000	123.00
0.338020	123.00
0.338040	124.00
0.338060	125.00
0.338080	126.00
0.338100	126.00
0.338120	126.00
0.338140	126.00
0.338160	126.00
0.338180	126.00
0.338200	126.00
0.338220	126.00
0.338240	125.00
0.338260	125.00
0.338280	125.00
0.338300	126.00
0.338320	126.00
0.338340	126.00
0.338360	126.00
0.338380	126.00
0.338400	126.00
0.338420	126.00
0.338440	126.00
0.338460	125.00
0.338480	125.00
0.338500	124.00
0.338520	124.00
0.338540	125.00
0.338560	126.00
0.338580	126.00
0.338600	126.00
0.338620	125.00
0.338640	125.00
0.338660	126.00
0.338680	126.00
0.338700	125.00
0.338720	124.00
0.338740	124.00
0.338760	125.00
0.338780	125.00
0.338800	125.00
0.338820	125.00
0.338840	125.00
0.338860	125.00
0.338880	126.00
0.338900	125.00
0.338920	124.00
0.338940	123.00
0.338960	123.00
0.338980	124.00
0.339000	125.00
0.339020	126.00
0.339040	125.00
0.339060	124.00
0.339080	124.00
0.339100	125.00
0.339120	125.00
0.339140	125.00
0.339160	125.00
0.339180	125.00
0.339200	125.00
0.339220	125.00
0.339240	124.00
0.339260	125.00
0.339280	125.00
0.339300	125.00
0.339320	125.00
0.339340	124.00
0.339360	125.00
0.339380	125.00
0.339400	126.00
0.339420	126.00
0.339440	126.00
0.339460	125.00
0.339480	125.00
0.339500	125.00
0.339520	125.00
0.339540	125.00
0.339560	125.00
0.339580	125.00
0.339600	125.00
0.339620	125.00
0.339640	125.00
0.339660	125.00
0.339680	125.00
0.339700	126.00
0.339720	126.00
0.339740	126.00
0.339760	126.00
0.339780	125.00
0.339800	125.00
0.339820	125.00
0.339840	125.00
0.339860	125.00
0.339880	125.00
0.339900	124.00
0.339920	124.00
0.339940	124.00
0.339960	125.00
0.339980	125.00
0.340000	125.00
0.340020	125.00
0.340040	124.00
0.340060	124.00
0.340080	124.00
0.340100	125.00
0.340120	126.00
0.340140	127.00
0.340160	127.00
0.340180	126.00
0.340200	126.00
0.340220	126.00
0.340240	126.00
0.340260	126.00
0.340280	126.00
0.340300	125.00
0.340320	125.00
0.340340	125.00
0.340360	126.00
0.340380	126.00
0.340400	126.00
0.340420	126.00
0.340440	125.00
0.340460	126.00
0.340480	126.00
0.340500	126.00
0.340520	126.00
0.340540	126.00
0.340560	126.00
0.340580	126.00
0.340600	126.00
0.340620	125.00
0.340640	125.00
0.340660	125.00
0.340680	125.00
0.340700	125.00
0.340720	125.00
0.340740	125.00
0.340760	125.00
0.340780	125.00
0.340800	125.00
0.340820	125.00
0.340840	125.00
0.340860	125.00
0.340880	125.00
0.340900	126.00
0.340920	126.00
0.340940	126.00
0.340960	125.00
0.340980	125.00
0.341000	125.00
0.341020	125.00
0.341040	126.00
0.341060	126.00
0.341080	126.00
0.341100	126.00
0.341120	126.00
0.341140	126.00
0.341160	125.00
0.341180	125.00
0.341200	126.00
0.341220	127.00
0.341240	128.00
0.341260	128.00
0.341280	127.00
0.341300	126.00
0.341320	127.00
0.341340	127.00
0.341360	127.00
0.341380	126.00
0.341400	125.00
0.341420	125.00
0.341440	126.00
0.341460	126.00
0.341480	126.00
0.341500	125.00
0.341520	126.00
0.341540	126.00
0.341560	127.00
0.341580	126.00
0.341600	125.00
0.341620	124.00
0.341640	124.00
0.341660	125.00
0.341680	126.00
0.341700	126.00
0.341720	126.00
0.341740	125.00
0.341760	124.00
0.341780	123.00
0.341800	123.00
0.341820	124.00
0.341840	125.00
0.341860	125.00
0.341880	125.00
0.341900	125.00
0.341920	126.00
0.341940	127.00
0.341960	127.00
0.341980	127.00
0.342000	125.00
0.342020	124.00
0.342040	124.00
0.342060	125.00
0.342080	125.00
0.342100	125.00
0.342120	124.00
0.342140	125.00
0.342160	125.00
0.342180	126.00
0.342200	126.00
0.342220	126.00
0.342240	126.00
0.342260	126.00
0.342280	125.00
0.342300	124.00
0.342320	124.00
0.342340	124.00
0.342360	125.00
0.342380	126.00
0.342400	127.00
0.342420	127.00
0.342440	126.00
0.342460	126.00
0.342480	125.00
0.342500	124.00
0.342520	123.00
0.342540	123.00
0.342560	123.00
0.342580	124.00
0.342600	125.00
0.342620	126.00
0.342640	126.00
0.342660	126.00
0.342680	125.00
0.342700	125.00
0.342720	124.00
0.342740	123.00
0.342760	122.00
0.342780	122.00
0.342800	122.00
0.342820	122.00
0.342840	123.00
0.342860	123.00
0.342880	124.00
0.342900	124.00
0.342920	125.00
0.342940	125.00
0.342960	126.00
0.342980	127.00
0.343000	127.00
0.343020	126.00
0.343040	125.00
0.343060	125.00
0.343080	125.00
0.343100	126.00
0.343120	127.00
0.343140	127.00
0.343160	127.00
0.343180	127.00
0.343200	126.00
0.343220	126.00
0.343240	127.00
0.343260	127.00
0.343280	127.00
0.343300	127.00
0.343320	126.00
0.343340	126.00
0.343360	125.00
0.343380	126.00
0.343400	126.00
0.343420	126.00
0.343440	125.00
0.343460	124.00
0.343480	125.00
0.343500	126.00
0.343520	127.00
0.343540	127.00
0.343560	127.00
0.343580	125.00
0.343600	125.00
0.343620	125.00
0.343640	125.00
0.343660	125.00
0.343680	125.00
0.343700	125.00
0.343720	125.00
0.343740	125.00
0.343760	126.00
0.343780	126.00
0.343800	126.00
0.343820	125.00
0.343840	125.00
0.343860	124.00
0.343880	124.00
0.343900	124.00
0.343920	124.00
0.343940	125.00
0.343960	125.00
0.343980	125.00
0.344000	125.00
0.344020	126.00
0.344040	127.00
0.344060	128.00
0.344080	127.00
0.344100	126.00
0.344120	125.00
0.344140	125.00
0.344160	125.00
0.344180	126.00
0.344200	128.00
0.344220	128.00
0.344240	127.00
0.344260	127.00
0.344280	126.00
0.344300	126.00
0.344320	127.00
0.344340	127.00
0.344360	126.00
0.344380	126.00
0.344400	125.00
0.344420	125.00
0.344440	125.00
0.344460	124.00
0.344480	124.00
0.344500	123.00
0.344520	124.00
0.344540	125.00
0.344560	125.00
0.344580	126.00
0.344600	125.00
0.344620	125.00
0.344640	124.00
0.344660	123.00
0.344680	123.00
0.344700	123.00
0.344720	124.00
0.344740	125.00
0.344760	125.00
0.344780	125.00
0.344800	125.00
0.344820	125.00
0.344840	126.00
0.344860	126.00
0.344880	125.00
0.344900	125.00
0.344920	124.00
0.344940	124.00
0.344960	124.00
0.344980	123.00
0.345000	124.00
0.345020	124.00
0.345040	126.00
0.345060	127.00
0.345080	127.00
0.345100	128.00
0.345120	127.00
0.345140	126.00
0.345160	125.00
0.345180	124.00
0.345200	124.00
0.345220	124.00
0.345240	125.00
0.345260	126.00
0.345280	126.00
0.345300	126.00
0.345320	126.00
0.345340	126.00
0.345360	125.00
0.345380	126.00
0.345400	126.00
0.345420	126.00
0.345440	126.00
0.345460	126.00
0.345480	126.00
0.345500	125.00
0.345520	125.00
0.345540	125.00
0.345560	125.00
0.345580	125.00
0.345600	125.00
0.345620	125.00
0.345640	125.00
0.345660	125.00
0.345680	124.00
0.345700	124.00
0.345720	124.00
0.345740	125.00
0.345760	126.00
0.345780	126.00
0.345800	125.00
0.345820	124.00
0.345840	123.00
0.345860	124.00
0.345880	125.00
0.345900	125.00
0.345920	126.00
0.345940	126.00
0.345960	125.00
0.345980	125.00
0.346000	125.00
0.346020	125.00
0.346040	125.00
0.346060	126.00
0.346080	126.00
0.346100	126.00
0.346120	125.00
0.346140	125.00
0.346160	125.00
0.346180	125.00
0.346200	126.00
0.346220	126.00
0.346240	126.00
0.346260	126.00
0.346280	126.00
0.346300	126.00
0.346320	126.00
0.346340	126.00
0.346360	126.00
0.346380	126.00
0.346400	126.00
0.346420	126.00
0.346440	126.00
0.346460	126.00
0.346480	126.00
0.346500	126.00
0.346520	126.00
0.346540	125.00
0.346560	124.00
0.346580	124.00
0.346600	123.00
0.346620	124.00
0.346640	125.00
0.346660	125.00
0.346680	126.00
0.346700	126.00
0.346720	125.00
0.346740	125.00
0.346760	125.00
0.346780	126.00
0.346800	126.00
0.346820	125.00
0.346840	125.00
0.346860	126.00
0.346880	127.00
0.346900	127.00
0.346920	127.00
0.346940	126.00
0.346960	124.00
0.346980	123.00
0.347000	124.00
0.347020	125.00
0.347040	126.00
0.347060	126.00
0.347080	126.00
0.347100	126.00
0.347120	127.00
0.347140	126.00
0.347160	126.00
0.347180	125.00
0.347200	125.00
0.347220	126.00
0.347240	126.00
0.347260	126.00
0.347280	126.00
0.347300	126.00
0.347320	126.00
0.347340	126.00
0.347360	126.00
0.347380	125.00
0.347400	124.00
0.347420	124.00
0.347440	125.00
0.347460	126.00
0.347480	126.00
0.347500	125.00
0.347520	124.00
0.347540	124.00
0.347560	124.00
0.347580	124.00
0.347600	123.00
0.347620	123.00
0.347640	124.00
0.347660	125.00
0.347680	125.00
0.347700	125.00
0.347720	125.00
0.347740	124.00
0.347760	124.00
0.347780	124.00
0.347800	125.00
0.347820	125.00
0.347840	125.00
0.347860	126.00
0.347880	126.00
0.347900	126.00
0.347920	126.00
0.347940	127.00
0.347960	127.00
0.347980	127.00
0.348000	126.00
0.348020	126.00
0.348040	125.00
0.348060	125.00
0.348080	125.00
0.348100	125.00
0.348120	126.00
0.348140	126.00
0.348160	126.00
0.348180	126.00
0.348200	126.00
0.348220	125.00
0.348240	124.00
0.348260	124.00
0.348280	125.00
0.348300	125.00
0.348320	125.00
0.348340	125.00
0.348360	126.00
0.348380	127.00
0.348400	127.00
0.348420	126.00
0.348440	126.00
0.348460	126.00
0.348480	126.00
0.348500	126.00
0.348520	126.00
0.348540	126.00
0.348560	125.00
0.348580	126.00
0.348600	126.00
0.348620	126.00
0.348640	125.00
0.348660	124.00
0.348680	123.00
0.348700	123.00
0.348720	124.00
0.348740	124.00
0.348760	124.00
0.348780	124.00
0.348800	125.00
0.348820	125.00
0.348840	126.00
0.348860	126.00
0.348880	126.00
0.348900	126.00
0.348920	126.00
0.348940	126.00
0.348960	125.00
0.348980	125.00
0.349000	125.00
0.349020	125.00
0.349040	126.00
0.349060	126.00
0.349080	126.00
0.349100	126.00
0.349120	126.00
0.349140	127.00
0.349160	127.00
0.349180	127.00
0.349200	126.00
0.349220	125.00
0.349240	126.00
0.349260	126.00
0.349280	127.00
0.349300	127.00
0.349320	126.00
0.349340	125.00
0.349360	125.00
0.349380	126.00
0.349400	126.00
0.349420	126.00
0.349440	126.00
0.349460	125.00
0.349480	125.00
0.349500	125.00
0.349520	125.00
0.349540	125.00
0.349560	125.00
0.349580	125.00
0.349600	125.00
0.349620	125.00
0.349640	125.00
0.349660	125.00
0.349680	124.00
0.349700	123.00
0.349720	124.00
0.349740	125.00
0.349760	126.00
0.349780	127.00
0.349800	126.00
0.349820	125.00
0.349840	124.00
0.349860	123.00
0.349880	123.00
0.349900	122.00
0.349920	122.00
0.349940	122.00
0.349960	123.00
0.349980	124.00
0.350000	126.00
0.350020	127.00
0.350040	126.00
0.350060	126.00
0.350080	126.00
0.350100	126.00
0.350120	126.00
0.350140	126.00
0.350160	125.00
0.350180	126.00
0.350200	126.00
0.350220	127.00
0.350240	127.00
0.350260	127.00
0.350280	126.00
0.350300	125.00
0.350320	125.00
0.350340	124.00
0.350360	124.00
0.350380	125.00
0.350400	125.00
0.350420	125.00
0.350440	125.00
0.350460	124.00
0.350480	124.00
0.350500	123.00
0.350520	123.00
0.350540	124.00
0.350560	125.00
0.350580	126.00
0.350600	126.00
0.350620	126.00
0.350640	125.00
0.350660	125.00
0.350680	125.00
0.350700	125.00
0.350720	125.00
0.350740	124.00
0.350760	124.00
0.350780	124.00
0.350800	125.00
0.350820	125.00
0.350840	126.00
0.350860	127.00
0.350880	127.00
0.350900	127.00
0.350920	127.00
0.350940	127.00
0.350960	126.00
0.350980	126.00
0.351000	127.00
0.351020	127.00
0.351040	126.00
0.351060	126.00
0.351080	125.00
0.351100	125.00
0.351120	126.00
0.351140	126.00
0.351160	126.00
0.351180	125.00
0.351200	124.00
0.351220	124.00
0.351240	124.00
0.351260	125.00
0.351280	125.00
0.351300	125.00
0.351320	124.00
0.351340	123.00
0.351360	123.00
0.351380	124.00
0.351400	125.00
0.351420	126.00
0.351440	127.00
0.351460	127.00
0.351480	126.00
0.351500	126.00
0.351520	125.00
0.351540	125.00
0.351560	125.00
0.351580	124.00
0.351600	124.00
0.351620	124.00
0.351640	124.00
0.351660	124.00
0.351680	124.00
0.351700	125.00
0.351720	125.00
0.351740	126.00
0.351760	126.00
0.351780	126.00
0.351800	125.00
0.351820	125.00
0.351840	125.00
0.351860	125.00
0.351880	125.00
0.351900	125.00
0.351920	125.00
0.351940	126.00
0.351960	127.00
0.351980	127.00
0.352000	128.00
0.352020	128.00
0.352040	128.00
0.352060	128.00
0.352080	127.00
0.352100	126.00
0.352120	125.00
0.352140	124.00
0.352160	124.00
0.352180	124.00
0.352200	124.00
0.352220	125.00
0.352240	125.00
0.352260	125.00
0.352280	125.00
0.352300	125.00
0.352320	125.00
0.352340	126.00
0.352360	126.00
0.352380	126.00
0.352400	125.00
0.352420	125.00
0.352440	124.00
0.352460	124.00
0.352480	123.00
0.352500	123.00
0.352520	122.00
0.352540	123.00
0.352560	125.00
0.352580	126.00
0.352600	128.00
0.352620	129.00
0.352640	129.00
0.352660	129.00
0.352680	128.00
0.352700	128.00
0.352720	127.00
0.352740	125.00
0.352760	125.00
0.352780	124.00
0.352800	124.00
0.352820	124.00
0.352840	124.00
0.352860	125.00
0.352880	126.00
0.352900	127.00
0.352920	127.00
0.352940	128.00
0.352960	128.00
0.352980	127.00
0.353000	126.00
0.353020	125.00
0.353040	124.00
0.353060	123.00
0.353080	123.00
0.353100	124.00
0.353120	125.00
0.353140	125.00
0.353160	125.00
0.353180	125.00
0.353200	125.00
0.353220	125.00
0.353240	125.00
0.353260	125.00
0.353280	125.00
0.353300	127.00
0.353320	128.00
0.353340	129.00
0.353360	128.00
0.353380	127.00
0.353400	125.00
0.353420	123.00
0.353440	121.00
0.353460	121.00
0.353480	123.00
0.353500	125.00
0.353520	127.00
0.353540	128.00
0.353560	129.00
0.353580	130.00
0.353600	130.00
0.353620	130.00
0.353640	128.00
0.353660	125.00
0.353680	122.00
0.353700	122.00
0.353720	123.00
0.353740	124.00
0.353760	125.00
0.353780	126.00
0.353800	127.00
0.353820	127.00
0.353840	127.00
0.353860	126.00
0.353880	125.00
0.353900	124.00
0.353920	124.00
0.353940	123.00
0.353960	124.00
0.353980	124.00
0.354000	125.00
0.354020	126.00
0.354040	126.00
0.354060	126.00
0.354080	126.00
0.354100	126.00
0.354120	126.00
0.354140	126.00
0.354160	124.00
0.354180	123.00
0.354200	122.00
0.354220	122.00
0.354240	123.00
0.354260	124.00
0.354280	125.00
0.354300	126.00
0.354320	126.00
0.354340	125.00
0.354360	125.00
0.354380	124.00
0.354400	123.00
0.354420	124.00
0.354440	124.00
0.354460	124.00
0.354480	123.00
0.354500	123.00
0.354520	124.00
0.354540	126.00
0.354560	128.00
0.354580	128.00
0.354600	129.00
0.354620	128.00
0.354640	127.00
0.354660	126.00
0.354680	125.00
0.354700	125.00
0.354720	125.00
0.354740	125.00
0.354760	125.00
0.354780	125.00
0.354800	124.00
0.354820	124.00
0.354840	125.00
0.354860	126.00
0.354880	127.00
0.354900	127.00
0.354920	127.00
0.354940	125.00
0.354960	124.00
0.354980	124.00
0.355000	124.00
0.355020	124.00
0.355040	125.00
0.355060	125.00
0.355080	126.00
0.355100	127.00
0.355120	127.00
0.355140	128.00
0.355160	127.00
0.355180	127.00
0.355200	126.00
0.355220	127.00
0.355240	127.00
0.355260	126.00
0.355280	125.00
0.355300	124.00
0.355320	123.00
0.355340	124.00
0.355360	124.00
0.355380	124.00
0.355400	125.00
0.355420	125.00
0.355440	125.00
0.355460	126.00
0.355480	126.00
0.355500	126.00
0.355520	126.00
0.355540	127.00
0.355560	127.00
0.355580	126.00
0.355600	125.00
0.355620	125.00
0.355640	125.00
0.355660	126.00
0.355680	126.00
0.355700	125.00
0.355720	125.00
0.355740	125.00
0.355760	125.00
0.355780	125.00
0.355800	125.00
0.355820	126.00
0.355840	127.00
0.355860	128.00
0.355880	127.00
0.355900	126.00
0.355920	126.00
0.355940	126.00
0.355960	126.00
0.355980	125.00
0.356000	124.00
0.356020	123.00
0.356040	123.00
0.356060	124.00
0.356080	125.00
0.356100	125.00
0.356120	126.00
0.356140	126.00
0.356160	126.00
0.356180	126.00
0.356200	125.00
0.356220	125.00
0.356240	124.00
0.356260	124.00
0.356280	123.00
0.356300	123.00
0.356320	123.00
0.356340	123.00
0.356360	124.00
0.356380	125.00
0.356400	125.00
0.356420	126.00
0.356440	126.00
0.356460	126.00
0.356480	125.00
0.356500	125.00
0.356520	124.00
0.356540	124.00
0.356560	124.00
0.356580	123.00
0.356600	124.00
0.356620	124.00
0.356640	125.00
0.356660	125.00
0.356680	125.00
0.356700	125.00
0.356720	126.00
0.356740	126.00
0.356760	126.00
0.356780	125.00
0.356800	125.00
0.356820	126.00
0.356840	127.00
0.356860	126.00
0.356880	126.00
0.356900	126.00
0.356920	126.00
0.356940	128.00
0.356960	128.00
0.356980	127.00
0.357000	126.00
0.357020	125.00
0.357040	125.00
0.357060	126.00
0.357080	125.00
0.357100	124.00
0.357120	124.00
0.357140	124.00
0.357160	125.00
0.357180	125.00
0.357200	125.00
0.357220	125.00
0.357240	126.00
0.357260	126.00
0.357280	126.00
0.357300	126.00
0.357320	126.00
0.357340	125.00
0.357360	125.00
0.357380	125.00
0.357400	125.00
0.357420	126.00
0.357440	126.00
0.357460	126.00
0.357480	126.00
0.357500	126.00
0.357520	126.00
0.357540	126.00
0.357560	127.00
0.357580	127.00
0.357600	126.00
0.357620	125.00
0.357640	124.00
0.357660	124.00
0.357680	124.00
0.357700	124.00
0.357720	124.00
0.357740	124.00
0.357760	124.00
0.357780	125.00
0.357800	126.00
0.357820	126.00
0.357840	126.00
0.357860	127.00
0.357880	127.00
0.357900	126.00
0.357920	126.00
0.357940	125.00
0.357960	125.00
0.357980	125.00
0.358000	126.00
0.358020	126.00
0.358040	126.00
0.358060	126.00
0.358080	126.00
0.358100	125.00
0.358120	125.00
0.358140	125.00
0.358160	124.00
0.358180	124.00
0.358200	125.00
0.358220	124.00
0.358240	124.00
0.358260	123.00
0.358280	122.00
0.358300	122.00
0.358320	123.00
0.358340	125.00
0.358360	126.00
0.358380	127.00
0.358400	127.00
0.358420	126.00
0.358440	126.00
0.358460	126.00
0.358480	126.00
0.358500	125.00
0.358520	125.00
0.358540	125.00
0.358560	125.00
0.358580	125.00
0.358600	125.00
0.358620	126.00
0.358640	127.00
0.358660	127.00
0.358680	126.00
0.358700	126.00
0.358720	126.00
0.358740	127.00
0.358760	127.00
0.358780	127.00
0.358800	126.00
0.358820	124.00
0.358840	124.00
0.358860	123.00
0.358880	123.00
0.358900	123.00
0.358920	123.00
0.358940	123.00
0.358960	124.00
0.358980	124.00
0.359000	125.00
0.359020	125.00
0.359040	126.00
0.359060	126.00
0.359080	125.00
0.359100	126.00
0.359120	126.00
0.359140	127.00
0.359160	127.00
0.359180	127.00
0.359200	127.00
0.359220	126.00
0.359240	125.00
0.359260	124.00
0.359280	124.00
0.359300	124.00
0.359320	124.00
0.359340	124.00
0.359360	124.00
0.359380	125.00
0.359400	125.00
0.359420	126.00
0.359440	126.00
0.359460	127.00
0.359480	127.00
0.359500	126.00
0.359520	126.00
0.359540	126.00
0.359560	127.00
0.359580	127.00
0.359600	127.00
0.359620	127.00
0.359640	127.00
0.359660	127.00
0.359680	127.00
0.359700	127.00
0.359720	126.00
0.359740	126.00
0.359760	126.00
0.359780	125.00
0.359800	125.00
0.359820	125.00
0.359840	125.00
0.359860	125.00
0.359880	124.00
0.359900	124.00
0.359920	125.00
0.359940	125.00
0.359960	126.00
0.359980	126.00
0.360000	126.00
0.360020	126.00
0.360040	125.00
0.360060	126.00
0.360080	126.00
0.360100	126.00
0.360120	126.00
0.360140	126.00
0.360160	125.00
0.360180	125.00
0.360200	124.00
0.360220	124.00
0.360240	123.00
0.360260	123.00
0.360280	123.00
0.360300	125.00
0.360320	126.00
0.360340	127.00
0.360360	127.00
0.360380	126.00
0.360400	124.00
0.360420	123.00
0.360440	124.00
0.360460	124.00
0.360480	125.00
0.360500	125.00
0.360520	125.00
0.360540	125.00
0.360560	125.00
0.360580	125.00
0.360600	125.00
0.360620	125.00
0.360640	125.00
0.360660	126.00
0.360680	126.00
0.360700	126.00
0.360720	125.00
0.360740	125.00
0.360760	125.00
0.360780	126.00
0.360800	127.00
0.360820	127.00
0.360840	127.00
0.360860	128.00
0.360880	127.00
0.360900	126.00
0.360920	125.00
0.360940	124.00
0.360960	124.00
0.360980	126.00
0.361000	127.00
0.361020	126.00
0.361040	125.00
0.361060	124.00
0.361080	124.00
0.361100	124.00
0.361120	124.00
0.361140	124.00
0.361160	123.00
0.361180	123.00
0.361200	123.00
0.361220	123.00
0.361240	123.00
0.361260	123.00
0.361280	124.00
0.361300	125.00
0.361320	126.00
0.361340	127.00
0.361360	127.00
0.361380	126.00
0.361400	126.00
0.361420	126.00
0.361440	127.00
0.361460	127.00
0.361480	127.00
0.361500	127.00
0.361520	126.00
0.361540	126.00
0.361560	127.00
0.361580	127.00
0.361600	127.00
0.361620	128.00
0.361640	128.00
0.361660	128.00
0.361680	127.00
0.361700	125.00
0.361720	124.00
0.361740	124.00
0.361760	125.00
0.361780	125.00
0.361800	124.00
0.361820	124.00
0.361840	124.00
0.361860	125.00
0.361880	126.00
0.361900	126.00
0.361920	125.00
0.361940	124.00
0.361960	124.00
0.361980	123.00
0.362000	123.00
0.362020	122.00
0.362040	123.00
0.362060	125.00
0.362080	126.00
0.362100	126.00
0.362120	125.00
0.362140	123.00
0.362160	123.00
0.362180	124.00
0.362200	124.00
0.362220	124.00
0.362240	124.00
0.362260	124.00
0.362280	125.00
0.362300	125.00
0.362320	125.00
0.362340	125.00
0.362360	125.00
0.362380	126.00
0.362400	126.00
0.362420	127.00
0.362440	127.00
0.362460	126.00
0.362480	125.00
0.362500	124.00
0.362520	125.00
0.362540	126.00
0.362560	127.00
0.362580	128.00
0.362600	128.00
0.362620	126.00
0.362640	125.00
0.362660	125.00
0.362680	125.00
0.362700	126.00
0.362720	126.00
0.362740	125.00
0.362760	125.00
0.362780	125.00
0.362800	125.00
0.362820	125.00
0.362840	125.00
0.362860	124.00
0.362880	124.00
0.362900	124.00
0.362920	124.00
0.362940	125.00
0.362960	125.00
0.362980	125.00
0.363000	125.00
0.363020	125.00
0.363040	126.00
0.363060	126.00
0.363080	126.00
0.363100	126.00
0.363120	125.00
0.363140	125.00
0.363160	125.00
0.363180	125.00
0.363200	125.00
0.363220	125.00
0.363240	125.00
0.363260	126.00
0.363280	126.00
0.363300	126.00
0.363320	125.00
0.363340	125.00
0.363360	125.00
0.363380	126.00
0.363400	126.00
0.363420	126.00
0.363440	126.00
0.363460	126.00
0.363480	126.00
0.363500	125.00
0.363520	125.00
0.363540	126.00
0.363560	127.00
0.363580	128.00
0.363600	128.00
0.363620	127.00
0.363640	126.00
0.363660	126.00
0.363680	126.00
0.363700	126.00
0.363720	125.00
0.363740	125.00
0.363760	124.00
0.363780	125.00
0.363800	125.00
0.363820	126.00
0.363840	126.00
0.363860	126.00
0.363880	126.00
0.363900	126.00
0.363920	125.00
0.363940	124.00
0.363960	123.00
0.363980	123.00
0.364000	124.00
0.364020	123.00
0.364040	123.00
0.364060	123.00
0.364080	123.00
0.364100	124.00
0.364120	125.00
0.364140	125.00
0.364160	125.00
0.364180	126.00
0.364200	127.00
0.364220	127.00
0.364240	126.00
0.364260	125.00
0.364280	124.00
0.364300	124.00
0.364320	125.00
0.364340	126.00
0.364360	126.00
0.364380	126.00
0.364400	125.00
0.364420	125.00
0.364440	125.00
0.364460	126.00
0.364480	127.00
0.364500	128.00
0.364520	128.00
0.364540	127.00
0.364560	126.00
0.364580	125.00
0.364600	125.00
0.364620	125.00
0.364640	125.00
0.364660	125.00
0.364680	125.00
0.364700	125.00
0.364720	124.00
0.364740	124.00
0.364760	125.00
0.364780	125.00
0.364800	125.00
0.364820	125.00
0.364840	126.00
0.364860	126.00
0.364880	125.00
0.364900	125.00
0.364920	125.00
0.364940	125.00
0.364960	126.00
0.364980	126.00
0.365000	125.00
0.365020	125.00
0.365040	124.00
0.365060	124.00
0.365080	125.00
0.365100	125.00
0.365120	125.00
0.365140	125.00
0.365160	126.00
0.365180	126.00
0.365200	126.00
0.365220	126.00
0.365240	125.00
0.365260	125.00
0.365280	125.00
0.365300	125.00
0.365320	126.00
0.365340	126.00
0.365360	126.00
0.365380	126.00
0.365400	126.00
0.365420	126.00
0.365440	126.00
0.365460	127.00
0.365480	127.00
0.365500	126.00
0.365520	126.00
0.365540	125.00
0.365560	124.00
0.365580	124.00
0.365600	124.00
0.365620	125.00
0.365640	125.00
0.365660	125.00
0.365680	125.00
0.365700	125.00
0.365720	125.00
0.365740	126.00
0.365760	126.00
0.365780	126.00
0.365800	126.00
0.365820	126.00
0.365840	126.00
0.365860	126.00
0.365880	125.00
0.365900	125.00
0.365920	125.00
0.365940	124.00
0.365960	123.00
0.365980	123.00
0.366000	123.00
0.366020	124.00
0.366040	125.00
0.366060	125.00
0.366080	125.00
0.366100	125.00
0.366120	126.00
0.366140	127.00
0.366160	127.00
0.366180	126.00
0.366200	125.00
0.366220	124.00
0.366240	124.00
0.366260	123.00
0.366280	123.00
0.366300	124.00
0.366320	126.00
0.366340	127.00
0.366360	127.00
0.366380	126.00
0.366400	125.00
0.366420	124.00
0.366440	125.00
0.366460	126.00
0.366480	127.00
0.366500	127.00
0.366520	126.00
0.366540	126.00
0.366560	126.00
0.366580	126.00
0.366600	126.00
0.366620	125.00
0.366640	125.00
0.366660	125.00
0.366680	125.00
0.366700	125.00
0.366720	125.00
0.366740	125.00
0.366760	125.00
0.366780	125.00
0.366800	125.00
0.366820	125.00
0.366840	125.00
0.366860	124.00
0.366880	124.00
0.366900	125.00
0.366920	125.00
0.366940	125.00
0.366960	125.00
0.366980	125.00
0.367000	125.00
0.367020	125.00
0.367040	124.00
0.367060	124.00
0.367080	125.00
0.367100	125.00
0.367120	126.00
0.367140	126.00
0.367160	127.00
0.367180	127.00
0.367200	126.00
0.367220	126.00
0.367240	126.00
0.367260	126.00
0.367280	126.00
0.367300	126.00
0.367320	127.00
0.367340	127.00
0.367360	127.00
0.367380	127.00
0.367400	126.00
0.367420	125.00
0.367440	125.00
0.367460	126.00
0.367480	126.00
0.367500	125.00
0.367520	124.00
0.367540	123.00
0.367560	123.00
0.367580	124.00
0.367600	124.00
0.367620	124.00
0.367640	124.00
0.367660	125.00
0.367680	125.00
0.367700	125.00
0.367720	124.00
0.367740	124.00
0.367760	124.00
0.367780	125.00
0.367800	126.00
0.367820	125.00
0.367840	125.00
0.367860	124.00
0.367880	124.00
0.367900	124.00
0.367920	125.00
0.367940	125.00
0.367960	126.00
0.367980	126.00
0.368000	126.00
0.368020	127.00
0.368040	127.00
0.368060	127.00
0.368080	126.00
0.368100	126.00
0.368120	126.00
0.368140	127.00
0.368160	127.00
0.368180	126.00
0.368200	125.00
0.368220	125.00
0.368240	125.00
0.368260	125.00
0.368280	126.00
0.368300	126.00
0.368320	126.00
0.368340	126.00
0.368360	126.00
0.368380	127.00
0.368400	126.00
0.368420	126.00
0.368440	125.00
0.368460	125.00
0.368480	126.00
0.368500	127.00
0.368520	128.00
0.368540	128.00
0.368560	128.00
0.368580	127.00
0.368600	127.00
0.368620	125.00
0.368640	124.00
0.368660	124.00
0.368680	125.00
0.368700	126.00
0.368720	126.00
0.368740	126.00
0.368760	125.00
0.368780	124.00
0.368800	124.00
0.368820	123.00
0.368840	123.00
0.368860	124.00
0.368880	124.00
0.368900	125.00
0.368920	125.00
0.368940	125.00
0.368960	125.00
0.368980	125.00
0.369000	126.00
0.369020	126.00
0.369040	126.00
0.369060	126.00
0.369080	126.00
0.369100	125.00
0.369120	125.00
0.369140	125.00
0.369160	124.00
0.369180	125.00
0.369200	126.00
0.369220	127.00
0.369240	128.00
0.369260	127.00
0.369280	126.00
0.369300	126.00
0.369320	126.00
0.369340	126.00
0.369360	125.00
0.369380	125.00
0.369400	125.00
0.369420	125.00
0.369440	125.00
0.369460	126.00
0.369480	126.00
0.369500	126.00
0.369520	126.00
0.369540	127.00
0.369560	127.00
0.369580	127.00
0.369600	126.00
0.369620	125.00
0.369640	125.00
0.369660	125.00
0.369680	125.00
0.369700	124.00
0.369720	124.00
0.369740	124.00
0.369760	124.00
0.369780	125.00
0.369800	126.00
0.369820	126.00
0.369840	125.00
0.369860	125.00
0.369880	124.00
0.369900	124.00
0.369920	124.00
0.369940	124.00
0.369960	125.00
0.369980	125.00
0.370000	126.00
0.370020	127.00
0.370040	128.00
0.370060	128.00
0.370080	127.00
0.370100	126.00
0.370120	126.00
0.370140	126.00
0.370160	126.00
0.370180	126.00
0.370200	125.00
0.370220	125.00
0.370240	126.00
0.370260	126.00
0.370280	126.00
0.370300	126.00
0.370320	125.00
0.370340	125.00
0.370360	125.00
0.370380	126.00
0.370400	126.00
0.370420	126.00
0.370440	126.00
0.370460	125.00
0.370480	125.00
0.370500	125.00
0.370520	126.00
0.370540	126.00
0.370560	126.00
0.370580	125.00
0.370600	125.00
0.370620	126.00
0.370640	126.00
0.370660	126.00
0.370680	126.00
0.370700	126.00
0.370720	126.00
0.370740	127.00
0.370760	127.00
0.370780	126.00
0.370800	125.00
0.370820	124.00
0.370840	124.00
0.370860	124.00
0.370880	124.00
0.370900	124.00
0.370920	124.00
0.370940	126.00
0.370960	127.00
0.370980	127.00
0.371000	126.00
0.371020	125.00
0.371040	125.00
0.371060	125.00
0.371080	125.00
0.371100	125.00
0.371120	125.00
0.371140	126.00
0.371160	126.00
0.371180	126.00
0.371200	126.00
0.371220	126.00
0.371240	125.00
0.371260	126.00
0.371280	126.00
0.371300	125.00
0.371320	125.00
0.371340	125.00
0.371360	126.00
0.371380	127.00
0.371400	127.00
0.371420	126.00
0.371440	125.00
0.371460	124.00
0.371480	125.00
0.371500	125.00
0.371520	125.00
0.371540	124.00
0.371560	124.00
0.371580	124.00
0.371600	124.00
0.371620	124.00
0.371640	125.00
0.371660	125.00
0.371680	125.00
0.371700	125.00
0.371720	125.00
0.371740	125.00
0.371760	125.00
0.371780	125.00
0.371800	125.00
0.371820	125.00
0.371840	125.00
0.371860	124.00
0.371880	125.00
0.371900	126.00
0.371920	127.00
0.371940	128.00
0.371960	127.00
0.371980	126.00
0.372000	125.00
0.372020	125.00
0.372040	125.00
0.372060	126.00
0.372080	126.00
0.372100	125.00
0.372120	124.00
0.372140	125.00
0.372160	125.00
0.372180	125.00
0.372200	125.00
0.372220	124.00
0.372240	124.00
0.372260	125.00
0.372280	126.00
0.372300	126.00
0.372320	126.00
0.372340	125.00
0.372360	126.00
0.372380	126.00
0.372400	126.00
0.372420	126.00
0.372440	125.00
0.372460	125.00
0.372480	125.00
0.372500	124.00
0.372520	124.00
0.372540	124.00
0.372560	124.00
0.372580	125.00
0.372600	125.00
0.372620	126.00
0.372640	125.00
0.372660	124.00
0.372680	124.00
0.372700	124.00
0.372720	124.00
0.372740	124.00
0.372760	124.00
0.372780	124.00
0.372800	124.00
0.372820	124.00
0.372840	125.00
0.372860	125.00
0.372880	125.00
0.372900	126.00
0.372920	126.00
0.372940	126.00
0.372960	125.00
0.372980	125.00
0.373000	125.00
0.373020	126.00
0.373040	126.00
0.373060	126.00
0.373080	126.00
0.373100	126.00
0.373120	125.00
0.373140	125.00
0.373160	125.00
0.373180	125.00
0.373200	125.00
0.373220	126.00
0.373240	126.00
0.373260	126.00
0.373280	126.00
0.373300	126.00
0.373320	126.00
0.373340	125.00
0.373360	125.00
0.373380	125.00
0.373400	125.00
0.373420	126.00
0.373440	127.00
0.373460	127.00
0.373480	126.00
0.373500	125.00
0.373520	125.00
0.373540	125.00
0.373560	126.00
0.373580	126.00
0.373600	126.00
0.373620	125.00
0.373640	125.00
0.373660	126.00
0.373680	126.00
0.373700	126.00
0.373720	126.00
0.373740	126.00
0.373760	125.00
0.373780	124.00
0.373800	124.00
0.373820	125.00
0.373840	126.00
0.373860	127.00
0.373880	127.00
0.373900	126.00
0.373920	125.00
0.373940	125.00
0.373960	125.00
0.373980	126.00
0.374000	126.00
0.374020	126.00
0.374040	126.00
0.374060	126.00
0.374080	127.00
0.374100	127.00
0.374120	127.00
0.374140	127.00
0.374160	127.00
0.374180	126.00
0.374200	126.00
0.374220	125.00
0.374240	125.00
0.374260	125.00
0.374280	125.00
0.374300	125.00
0.374320	125.00
0.374340	125.00
0.374360	125.00
0.374380	125.00
0.374400	125.00
0.374420	125.00
0.374440	125.00
0.374460	125.00
0.374480	125.00
0.374500	125.00
0.374520	125.00
0.374540	126.00
0.374560	126.00
0.374580	125.00
0.374600	125.00
0.374620	125.00
0.374640	125.00
0.374660	125.00
0.374680	125.00
0.374700	125.00
0.374720	125.00
0.374740	125.00
0.374760	125.00
0.374780	126.00
0.374800	126.00
0.374820	126.00
0.374840	125.00
0.374860	124.00
0.374880	124.00
0.374900	125.00
0.374920	125.00
0.374940	125.00
0.374960	126.00
0.374980	126.00
0.375000	127.00
0.375020	128.00
0.375040	128.00
0.375060	128.00
0.375080	127.00
0.375100	127.00
0.375120	127.00
0.375140	127.00
0.375160	127.00
0.375180	127.00
0.375200	126.00
0.375220	125.00
0.375240	124.00
0.375260	124.00
0.375280	125.00
0.375300	125.00
0.375320	126.00
0.375340	126.00
0.375360	125.00
0.375380	124.00
0.375400	123.00
0.375420	124.00
0.375440	125.00
0.375460	125.00
0.375480	125.00
0.375500	125.00
0.375520	125.00
0.375540	125.00
0.375560	125.00
0.375580	124.00
0.375600	124.00
0.375620	124.00
0.375640	125.00
0.375660	125.00
0.375680	125.00
0.375700	124.00
0.375720	123.00
0.375740	123.00
0.375760	124.00
0.375780	126.00
0.375800	126.00
0.375820	126.00
0.375840	126.00
0.375860	126.00
0.375880	127.00
0.375900	127.00
0.375920	127.00
0.375940	126.00
0.375960	126.00
0.375980	126.00
0.376000	126.00
0.376020	125.00
0.376040	125.00
0.376060	125.00
0.376080	125.00
0.376100	125.00
0.376120	125.00
0.376140	125.00
0.376160	125.00
0.376180	125.00
0.376200	126.00
0.376220	126.00
0.376240	126.00
0.376260	126.00
0.376280	127.00
0.376300	127.00
0.376320	127.00
0.376340	126.00
0.376360	125.00
0.376380	124.00
0.376400	124.00
0.376420	124.00
0.376440	125.00
0.376460	125.00
0.376480	125.00
0.376500	124.00
0.376520	124.00
0.376540	123.00
0.376560	123.00
0.376580	123.00
0.376600	123.00
0.376620	122.00
0.376640	122.00
0.376660	123.00
0.376680	123.00
0.376700	124.00
0.376720	126.00
0.376740	127.00
0.376760	127.00
0.376780	126.00
0.376800	125.00
0.376820	125.00
0.376840	125.00
0.376860	125.00
0.376880	125.00
0.376900	125.00
0.376920	124.00
0.376940	124.00
0.376960	125.00
0.376980	126.00
0.377000	126.00
0.377020	126.00
0.377040	126.00
0.377060	126.00
0.377080	126.00
0.377100	126.00
0.377120	126.00
0.377140	126.00
0.377160	125.00
0.377180	125.00
0.377200	125.00
0.377220	125.00
0.377240	125.00
0.377260	125.00
0.377280	125.00
0.377300	126.00
0.377320	126.00
0.377340	127.00
0.377360	126.00
0.377380	126.00
0.377400	125.00
0.377420	125.00
0.377440	126.00
0.377460	126.00
0.377480	126.00
0.377500	126.00
0.377520	126.00
0.377540	125.00
0.377560	125.00
0.377580	124.00
0.377600	123.00
0.377620	123.00
0.377640	124.00
0.377660	125.00
0.377680	126.00
0.377700	127.00
0.377720	127.00
0.377740	128.00
0.377760	128.00
0.377780	127.00
0.377800	126.00
0.377820	125.00
0.377840	124.00
0.377860	124.00
0.377880	125.00
0.377900	125.00
0.377920	126.00
0.377940	126.00
0.377960	126.00
0.377980	126.00
0.378000	126.00
0.378020	126.00
0.378040	126.00
0.378060	126.00
0.378080	127.00
0.378100	127.00
0.378120	127.00
0.378140	127.00
0.378160	127.00
0.378180	126.00
0.378200	126.00
0.378220	125.00
0.378240	124.00
0.378260	124.00
0.378280	123.00
0.378300	124.00
0.378320	124.00
0.378340	124.00
0.378360	124.00
0.378380	123.00
0.378400	124.00
0.378420	124.00
0.378440	125.00
0.378460	125.00
0.378480	125.00
0.378500	125.00
0.378520	125.00
0.378540	126.00
0.378560	126.00
0.378580	125.00
0.378600	125.00
0.378620	125.00
0.378640	126.00
0.378660	126.00
0.378680	127.00
0.378700	127.00
0.378720	126.00
0.378740	126.00
0.378760	126.00
0.378780	125.00
0.378800	125.00
0.378820	124.00
0.378840	124.00
0.378860	125.00
0.378880	125.00
0.378900	126.00
0.378920	127.00
0.378940	127.00
0.378960	127.00
0.378980	127.00
0.379000	127.00
0.379020	126.00
0.379040	127.00
0.379060	127.00
0.379080	127.00
0.379100	126.00
0.379120	125.00
0.379140	125.00
0.379160	125.00
0.379180	126.00
0.379200	126.00
0.379220	126.00
0.379240	125.00
0.379260	124.00
0.379280	124.00
0.379300	125.00
0.379320	126.00
0.379340	126.00
0.379360	125.00
0.379380	124.00
0.379400	123.00
0.379420	124.00
0.379440	125.00
0.379460	125.00
0.379480	125.00
0.379500	124.00
0.379520	124.00
0.379540	124.00
0.379560	125.00
0.379580	125.00
0.379600	125.00
0.379620	126.00
0.379640	126.00
0.379660	126.00
0.379680	126.00
0.379700	126.00
0.379720	126.00
0.379740	126.00
0.379760	126.00
0.379780	126.00
0.379800	127.00
0.379820	126.00
0.379840	126.00
0.379860	126.00
0.379880	125.00
0.379900	126.00
0.379920	126.00
0.379940	127.00
0.379960	128.00
0.379980	128.00
0.380000	127.00
0.380020	126.00
0.380040	126.00
0.380060	126.00
0.380080	125.00
0.380100	125.00
0.380120	124.00
0.380140	124.00
0.380160	125.00
0.380180	125.00
0.380200	125.00
0.380220	124.00
0.380240	124.00
0.380260	124.00
0.380280	124.00
0.380300	125.00
0.380320	125.00
0.380340	126.00
0.380360	126.00
0.380380	125.00
0.380400	124.00
0.380420	123.00
0.380440	124.00
0.380460	125.00
0.380480	126.00
0.380500	126.00
0.380520	126.00
0.380540	125.00
0.380560	126.00
0.380580	126.00
0.380600	126.00
0.380620	126.00
0.380640	126.00
0.380660	125.00
0.380680	125.00
0.380700	125.00
0.380720	125.00
0.380740	126.00
0.380760	126.00
0.380780	126.00
0.380800	125.00
0.380820	125.00
0.380840	126.00
0.380860	127.00
0.380880	128.00
0.380900	127.00
0.380920	127.00
0.380940	126.00
0.380960	126.00
0.380980	127.00
0.381000	127.00
0.381020	126.00
0.381040	125.00
0.381060	125.00
0.381080	126.00
0.381100	126.00
0.381120	127.00
0.381140	126.00
0.381160	125.00
0.381180	125.00
0.381200	125.00
0.381220	125.00
0.381240	125.00
0.381260	125.00
0.381280	124.00
0.381300	124.00
0.381320	124.00
0.381340	124.00
0.381360	124.00
0.381380	124.00
0.381400	125.00
0.381420	124.00
0.381440	123.00
0.381460	123.00
0.381480	122.00
0.381500	123.00
0.381520	123.00
0.381540	124.00
0.381560	124.00
0.381580	125.00
0.381600	126.00
0.381620	126.00
0.381640	126.00
0.381660	126.00
0.381680	125.00
0.381700	125.00
0.381720	125.00
0.381740	126.00
0.381760	127.00
0.381780	127.00
0.381800	127.00
0.381820	126.00
0.381840	125.00
0.381860	124.00
0.381880	124.00
0.381900	125.00
0.381920	126.00
0.381940	126.00
0.381960	126.00
0.381980	126.00
0.382000	126.00
0.382020	125.00
0.382040	124.00
0.382060	124.00
0.382080	123.00
0.382100	124.00
0.382120	125.00
0.382140	126.00
0.382160	127.00
0.382180	128.00
0.382200	127.00
0.382220	126.00
0.382240	125.00
0.382260	125.00
0.382280	126.00
0.382300	126.00
0.382320	126.00
0.382340	126.00
0.382360	125.00
0.382380	124.00
0.382400	125.00
0.382420	126.00
0.382440	126.00
0.382460	126.00
0.382480	125.00
0.382500	125.00
0.382520	125.00
0.382540	125.00
0.382560	125.00
0.382580	124.00
0.382600	124.00
0.382620	125.00
0.382640	125.00
0.382660	125.00
0.382680	125.00
0.382700	125.00
0.382720	125.00
0.382740	126.00
0.382760	127.00
0.382780	127.00
0.382800	126.00
0.382820	126.00
0.382840	126.00
0.382860	126.00
0.382880	126.00
0.382900	126.00
0.382920	126.00
0.382940	126.00
0.382960	126.00
0.382980	126.00
0.383000	126.00
0.383020	126.00
0.383040	126.00
0.383060	127.00
0.383080	127.00
0.383100	126.00
0.383120	125.00
0.383140	124.00
0.383160	124.00
0.383180	124.00
0.383200	124.00
0.383220	124.00
0.383240	124.00
0.383260	124.00
0.383280	124.00
0.383300	124.00
0.383320	123.00
0.383340	124.00
0.383360	125.00
0.383380	126.00
0.383400	126.00
0.383420	127.00
0.383440	127.00
0.383460	127.00
0.383480	127.00
0.383500	127.00
0.383520	126.00
0.383540	125.00
0.383560	125.00
0.383580	125.00
0.383600	125.00
0.383620	124.00
0.383640	124.00
0.383660	124.00
0.383680	124.00
0.383700	125.00
0.383720	125.00
0.383740	126.00
0.383760	126.00
0.383780	127.00
