0.303800	101.00
0.303820	50.00
0.303840	103.00
0.303860	143.00
0.303880	146.00
0.303900	127.00
0.303920	114.00
0.303940	120.00
0.303960	133.00
0.303980	135.00
0.304000	126.00
0.304020	118.00
0.304040	121.00
0.304060	129.00
0.304080	132.00
0.304100	127.00
0.304120	122.00
0.304140	124.00
0.304160	129.00
0.304180	130.00
0.304200	125.00
0.304220	120.00
0.304240	121.00
0.304260	125.00
0.304280	126.00
0.304300	124.00
0.304320	122.00
0.304340	123.00
0.304360	127.00
0.304380	127.00
0.304400	125.00
0.304420	122.00
0.304440	123.00
0.304460	126.00
0.304480	127.00
0.304500	124.00
0.304520	121.00
0.304540	122.00
0.304560	125.00
0.304580	127.00
0.304600	126.00
0.304620	126.00
0.304640	127.00
0.304660	128.00
0.304680	128.00
0.304700	125.00
0.304720	122.00
0.304740	123.00
0.304760	126.00
0.304780	127.00
0.304800	126.00
0.304820	124.00
0.304840	125.00
0.304860	127.00
0.304880	127.00
0.304900	126.00
0.304920	125.00
0.304940	125.00
0.304960	127.00
0.304980	127.00
0.305000	125.00
0.305020	124.00
0.305040	124.00
0.305060	126.00
0.305080	126.00
0.305100	125.00
0.305120	123.00
0.305140	124.00
0.305160	126.00
0.305180	127.00
0.305200	125.00
0.305220	124.00
0.305240	124.00
0.305260	126.00
0.305280	128.00
0.305300	127.00
0.305320	126.00
0.305340	125.00
0.305360	125.00
0.305380	126.00
0.305400	125.00
0.305420	125.00
0.305440	125.00
0.305460	126.00
0.305480	127.00
0.305500	126.00
0.305520	125.00
0.305540	125.00
0.305560	125.00
0.305580	125.00
0.305600	125.00
0.305620	124.00
0.305640	125.00
0.305660	126.00
0.305680	127.00
0.305700	127.00
0.305720	126.00
0.305740	126.00
0.305760	126.00
0.305780	126.00
0.305800	126.00
0.305820	125.00
0.305840	125.00
0.305860	126.00
0.305880	127.00
0.305900	126.00
0.305920	125.00
0.305940	125.00
0.305960	126.00
0.305980	127.00
0.306000	127.00
0.306020	127.00
0.306040	127.00
0.306060	127.00
0.306080	126.00
0.306100	125.00
0.306120	125.00
0.306140	125.00
0.306160	126.00
0.306180	126.00
0.306200	125.00
0.306220	124.00
0.306240	124.00
0.306260	125.00
0.306280	125.00
0.306300	124.00
0.306320	123.00
0.306340	123.00
0.306360	124.00
0.306380	125.00
0.306400	125.00
0.306420	125.00
0.306440	126.00
0.306460	126.00
0.306480	126.00
0.306500	126.00
0.306520	126.00
0.306540	126.00
0.306560	126.00
0.306580	126.00
0.306600	125.00
0.306620	124.00
0.306640	125.00
0.306660	126.00
0.306680	125.00
0.306700	124.00
0.306720	124.00
0.306740	125.00
0.306760	126.00
0.306780	127.00
0.306800	127.00
0.306820	126.00
0.306840	127.00
0.306860	128.00
0.306880	128.00
0.306900	128.00
0.306920	127.00
0.306940	127.00
0.306960	127.00
0.306980	128.00
0.307000	127.00
0.307020	125.00
0.307040	124.00
0.307060	124.00
0.307080	124.00
0.307100	124.00
0.307120	124.00
0.307140	124.00
0.307160	125.00
0.307180	125.00
0.307200	125.00
0.307220	124.00
0.307240	124.00
0.307260	123.00
0.307280	124.00
0.307300	124.00
0.307320	125.00
0.307340	126.00
0.307360	126.00
0.307380	126.00
0.307400	126.00
0.307420	126.00
0.307440	126.00
0.307460	127.00
0.307480	126.00
0.307500	125.00
0.307520	125.00
0.307540	126.00
0.307560	126.00
0.307580	127.00
0.307600	126.00
0.307620	126.00
0.307640	126.00
0.307660	127.00
0.307680	128.00
0.307700	127.00
0.307720	126.00
0.307740	126.00
0.307760	126.00
0.307780	127.00
0.307800	126.00
0.307820	126.00
0.307840	125.00
0.307860	125.00
0.307880	126.00
0.307900	126.00
0.307920	126.00
0.307940	126.00
0.307960	125.00
0.307980	125.00
0.308000	125.00
0.308020	126.00
0.308040	126.00
0.308060	126.00
0.308080	125.00
0.308100	125.00
0.308120	125.00
0.308140	125.00
0.308160	125.00
0.308180	124.00
0.308200	123.00
0.308220	123.00
0.308240	123.00
0.308260	125.00
0.308280	125.00
0.308300	125.00
0.308320	124.00
0.308340	123.00
0.308360	123.00
0.308380	124.00
0.308400	126.00
0.308420	128.00
0.308440	130.00
0.308460	132.00
0.308480	131.00
0.308500	127.00
0.308520	123.00
0.308540	118.00
0.308560	114.00
0.308580	112.00
0.308600	114.00
0.308620	121.00
0.308640	130.00
0.308660	139.00
0.308680	145.00
0.308700	143.00
0.308720	136.00
0.308740	125.00
0.308760	114.00
0.308780	105.00
0.308800	102.00
0.308820	105.00
0.308840	116.00
0.308860	132.00
0.308880	148.00
0.308900	159.00
0.308920	162.00
0.308940	155.00
0.308960	138.00
0.308980	117.00
0.309000	97.00
0.309020	85.00
0.309040	85.00
0.309060	95.00
0.309080	113.00
0.309100	133.00
0.309120	150.00
0.309140	159.00
0.309160	158.00
0.309180	147.00
0.309200	130.00
0.309220	114.00
0.309240	102.00
0.309260	96.00
0.309280	97.00
0.309300	103.00
0.309320	114.00
0.309340	125.00
0.309360	136.00
0.309380	143.00
0.309400	145.00
0.309420	145.00
0.309440	144.00
0.309460	141.00
0.309480	136.00
0.309500	128.00
0.309520	120.00
0.309540	111.00
0.309560	105.00
0.309580	102.00
0.309600	103.00
0.309620	109.00
0.309640	118.00
0.309660	129.00
0.309680	138.00
0.309700	145.00
0.309720	147.00
0.309740	146.00
0.309760	142.00
0.309780	135.00
0.309800	127.00
0.309820	120.00
0.309840	114.00
0.309860	110.00
0.309880	109.00
0.309900	109.00
0.309920	111.00
0.309940	117.00
0.309960	125.00
0.309980	133.00
0.310000	138.00
0.310020	141.00
0.310040	140.00
0.310060	137.00
0.310080	132.00
0.310100	126.00
0.310120	120.00
0.310140	115.00
0.310160	113.00
0.310180	113.00
0.310200	115.00
0.310220	119.00
0.310240	124.00
0.310260	129.00
0.310280	133.00
0.310300	135.00
0.310320	136.00
0.310340	135.00
0.310360	132.00
0.310380	128.00
0.310400	124.00
0.310420	121.00
0.310440	119.00
0.310460	120.00
0.310480	121.00
0.310500	123.00
0.310520	125.00
0.310540	127.00
0.310560	129.00
0.310580	131.00
0.310600	131.00
0.310620	130.00
0.310640	129.00
0.310660	127.00
0.310680	125.00
0.310700	124.00
0.310720	123.00
0.310740	123.00
0.310760	124.00
0.310780	125.00
0.310800	125.00
0.310820	126.00
0.310840	126.00
0.310860	127.00
0.310880	127.00
0.310900	126.00
0.310920	125.00
0.310940	125.00
0.310960	125.00
0.310980	124.00
0.311000	124.00
0.311020	123.00
0.311040	123.00
0.311060	124.00
0.311080	124.00
0.311100	124.00
0.311120	124.00
0.311140	125.00
0.311160	125.00
0.311180	125.00
0.311200	125.00
0.311220	125.00
0.311240	126.00
0.311260	127.00
0.311280	128.00
0.311300	127.00
0.311320	126.00
0.311340	125.00
0.311360	124.00
0.311380	123.00
0.311400	122.00
0.311420	123.00
0.311440	124.00
0.311460	126.00
0.311480	127.00
0.311500	127.00
0.311520	127.00
0.311540	127.00
0.311560	127.00
0.311580	127.00
0.311600	125.00
0.311620	124.00
0.311640	124.00
0.311660	125.00
0.311680	126.00
0.311700	127.00
0.311720	127.00
0.311740	126.00
0.311760	126.00
0.311780	127.00
0.311800	127.00
0.311820	126.00
0.311840	126.00
0.311860	125.00
0.311880	126.00
0.311900	126.00
0.311920	125.00
0.311940	125.00
0.311960	125.00
0.311980	125.00
0.312000	125.00
0.312020	126.00
0.312040	126.00
0.312060	126.00
0.312080	125.00
0.312100	124.00
0.312120	123.00
0.312140	123.00
0.312160	123.00
0.312180	123.00
0.312200	124.00
0.312220	124.00
0.312240	125.00
0.312260	126.00
0.312280	126.00
0.312300	126.00
0.312320	126.00
0.312340	126.00
0.312360	126.00
0.312380	126.00
0.312400	126.00
0.312420	126.00
0.312440	126.00
0.312460	126.00
0.312480	126.00
0.312500	126.00
0.312520	125.00
0.312540	125.00
0.312560	126.00
0.312580	126.00
0.312600	125.00
0.312620	124.00
0.312640	123.00
0.312660	123.00
0.312680	124.00
0.312700	126.00
0.312720	127.00
0.312740	127.00
0.312760	126.00
0.312780	126.00
0.312800	125.00
0.312820	125.00
0.312840	125.00
0.312860	125.00
0.312880	125.00
0.312900	125.00
0.312920	126.00
0.312940	127.00
0.312960	127.00
0.312980	126.00
0.313000	125.00
0.313020	124.00
0.313040	124.00
0.313060	124.00
0.313080	125.00
0.313100	125.00
0.313120	126.00
0.313140	126.00
0.313160	126.00
0.313180	126.00
0.313200	125.00
0.313220	126.00
0.313240	126.00
0.313260	127.00
0.313280	127.00
0.313300	127.00
0.313320	128.00
0.313340	128.00
0.313360	127.00
0.313380	125.00
0.313400	124.00
0.313420	123.00
0.313440	124.00
0.313460	124.00
0.313480	125.00
0.313500	126.00
0.313520	126.00
0.313540	126.00
0.313560	126.00
0.313580	126.00
0.313600	126.00
0.313620	126.00
0.313640	126.00
0.313660	126.00
0.313680	125.00
0.313700	124.00
0.313720	124.00
0.313740	125.00
0.313760	127.00
0.313780	127.00
0.313800	127.00
0.313820	126.00
0.313840	125.00
0.313860	125.00
0.313880	125.00
0.313900	125.00
0.313920	125.00
0.313940	125.00
0.313960	125.00
0.313980	125.00
0.314000	125.00
0.314020	125.00
0.314040	126.00
0.314060	126.00
0.314080	126.00
0.314100	125.00
0.314120	124.00
0.314140	125.00
0.314160	125.00
0.314180	126.00
0.314200	126.00
0.314220	125.00
0.314240	126.00
0.314260	127.00
0.314280	127.00
0.314300	126.00
0.314320	124.00
0.314340	124.00
0.314360	124.00
0.314380	124.00
0.314400	125.00
0.314420	125.00
0.314440	125.00
0.314460	125.00
0.314480	125.00
0.314500	125.00
0.314520	126.00
0.314540	127.00
0.314560	128.00
0.314580	129.00
0.314600	128.00
0.314620	126.00
0.314640	124.00
0.314660	124.00
0.314680	124.00
0.314700	125.00
0.314720	124.00
0.314740	124.00
0.314760	124.00
0.314780	125.00
0.314800	126.00
0.314820	126.00
0.314840	127.00
0.314860	127.00
0.314880	127.00
0.314900	126.00
0.314920	125.00
0.314940	125.00
0.314960	125.00
0.314980	125.00
0.315000	126.00
0.315020	125.00
0.315040	124.00
0.315060	123.00
0.315080	123.00
0.315100	123.00
0.315120	124.00
0.315140	125.00
0.315160	125.00
0.315180	125.00
0.315200	125.00
0.315220	125.00
0.315240	125.00
0.315260	125.00
0.315280	125.00
0.315300	125.00
0.315320	125.00
0.315340	124.00
0.315360	124.00
0.315380	125.00
0.315400	125.00
0.315420	125.00
0.315440	126.00
0.315460	127.00
0.315480	127.00
0.315500	126.00
0.315520	124.00
0.315540	124.00
0.315560	125.00
0.315580	125.00
0.315600	126.00
0.315620	125.00
0.315640	125.00
0.315660	125.00
0.315680	125.00
0.315700	126.00
0.315720	126.00
0.315740	126.00
0.315760	125.00
0.315780	125.00
0.315800	125.00
0.315820	125.00
0.315840	125.00
0.315860	125.00
0.315880	124.00
0.315900	124.00
0.315920	124.00
0.315940	124.00
0.315960	126.00
0.315980	126.00
0.316000	126.00
0.316020	125.00
0.316040	125.00
0.316060	125.00
0.316080	125.00
0.316100	125.00
0.316120	125.00
0.316140	126.00
0.316160	128.00
0.316180	129.00
0.316200	128.00
0.316220	127.00
0.316240	126.00
0.316260	126.00
0.316280	126.00
0.316300	126.00
0.316320	126.00
0.316340	125.00
0.316360	126.00
0.316380	126.00
0.316400	126.00
0.316420	126.00
0.316440	125.00
0.316460	125.00
0.316480	126.00
0.316500	126.00
0.316520	126.00
0.316540	125.00
0.316560	124.00
0.316580	124.00
0.316600	125.00
0.316620	125.00
0.316640	125.00
0.316660	124.00
0.316680	124.00
0.316700	125.00
0.316720	126.00
0.316740	126.00
0.316760	126.00
0.316780	126.00
0.316800	124.00
0.316820	123.00
0.316840	123.00
0.316860	124.00
0.316880	124.00
0.316900	124.00
0.316920	124.00
0.316940	123.00
0.316960	123.00
0.316980	124.00
0.317000	125.00
0.317020	125.00
0.317040	125.00
0.317060	125.00
0.317080	126.00
0.317100	127.00
0.317120	127.00
0.317140	127.00
0.317160	126.00
0.317180	126.00
0.317200	126.00
0.317220	126.00
0.317240	126.00
0.317260	125.00
0.317280	125.00
0.317300	125.00
0.317320	125.00
0.317340	126.00
0.317360	126.00
0.317380	126.00
0.317400	126.00
0.317420	127.00
0.317440	128.00
0.317460	128.00
0.317480	127.00
0.317500	126.00
0.317520	126.00
0.317540	125.00
0.317560	126.00
0.317580	126.00
0.317600	125.00
0.317620	125.00
0.317640	125.00
0.317660	125.00
0.317680	125.00
0.317700	125.00
0.317720	125.00
0.317740	125.00
0.317760	125.00
0.317780	125.00
0.317800	126.00
0.317820	127.00
0.317840	127.00
0.317860	126.00
0.317880	124.00
0.317900	123.00
0.317920	123.00
0.317940	123.00
0.317960	124.00
0.317980	123.00
0.318000	123.00
0.318020	123.00
0.318040	123.00
0.318060	124.00
0.318080	125.00
0.318100	126.00
0.318120	126.00
0.318140	126.00
0.318160	127.00
0.318180	127.00
0.318200	126.00
0.318220	126.00
0.318240	125.00
0.318260	125.00
0.318280	125.00
0.318300	124.00
0.318320	124.00
0.318340	125.00
0.318360	126.00
0.318380	127.00
0.318400	127.00
0.318420	126.00
0.318440	125.00
0.318460	125.00
0.318480	125.00
0.318500	125.00
0.318520	125.00
0.318540	125.00
0.318560	125.00
0.318580	125.00
0.318600	125.00
0.318620	125.00
0.318640	125.00
0.318660	126.00
0.318680	126.00
0.318700	125.00
0.318720	125.00
0.318740	125.00
0.318760	125.00
0.318780	125.00
0.318800	124.00
0.318820	124.00
0.318840	125.00
0.318860	126.00
0.318880	127.00
0.318900	126.00
0.318920	125.00
0.318940	124.00
0.318960	124.00
0.318980	125.00
0.319000	125.00
0.319020	125.00
0.319040	125.00
0.319060	125.00
0.319080	125.00
0.319100	125.00
0.319120	125.00
0.319140	125.00
0.319160	126.00
0.319180	128.00
0.319200	128.00
0.319220	128.00
0.319240	128.00
0.319260	127.00
0.319280	127.00
0.319300	125.00
0.319320	124.00
0.319340	122.00
0.319360	123.00
0.319380	125.00
0.319400	127.00
0.319420	128.00
0.319440	127.00
0.319460	127.00
0.319480	126.00
0.319500	126.00
0.319520	126.00
0.319540	126.00
0.319560	125.00
0.319580	125.00
0.319600	125.00
0.319620	126.00
0.319640	126.00
0.319660	125.00
0.319680	125.00
0.319700	125.00
0.319720	125.00
0.319740	125.00
0.319760	125.00
0.319780	125.00
0.319800	125.00
0.319820	125.00
0.319840	126.00
0.319860	126.00
0.319880	126.00
0.319900	126.00
0.319920	125.00
0.319940	125.00
0.319960	125.00
0.319980	125.00
0.320000	126.00
0.320020	126.00
0.320040	125.00
0.320060	126.00
0.320080	126.00
0.320100	127.00
0.320120	127.00
0.320140	127.00
0.320160	127.00
0.320180	127.00
0.320200	126.00
0.320220	125.00
0.320240	125.00
0.320260	125.00
0.320280	125.00
0.320300	125.00
0.320320	126.00
0.320340	126.00
0.320360	126.00
0.320380	126.00
0.320400	126.00
0.320420	126.00
0.320440	125.00
0.320460	125.00
0.320480	125.00
0.320500	126.00
0.320520	126.00
0.320540	126.00
0.320560	126.00
0.320580	126.00
0.320600	126.00
0.320620	126.00
0.320640	126.00
0.320660	125.00
0.320680	125.00
0.320700	125.00
0.320720	124.00
0.320740	124.00
0.320760	124.00
0.320780	123.00
0.320800	123.00
0.320820	123.00
0.320840	123.00
0.320860	123.00
0.320880	124.00
0.320900	124.00
0.320920	123.00
0.320940	123.00
0.320960	123.00
0.320980	124.00
0.321000	125.00
0.321020	126.00
0.321040	126.00
0.321060	127.00
0.321080	127.00
0.321100	127.00
0.321120	127.00
0.321140	126.00
0.321160	127.00
0.321180	127.00
0.321200	127.00
0.321220	127.00
0.321240	126.00
0.321260	126.00
0.321280	126.00
0.321300	127.00
0.321320	127.00
0.321340	127.00
0.321360	126.00
0.321380	126.00
0.321400	126.00
0.321420	126.00
0.321440	126.00
0.321460	125.00
0.321480	125.00
0.321500	126.00
0.321520	127.00
0.321540	127.00
0.321560	125.00
0.321580	124.00
0.321600	123.00
0.321620	124.00
0.321640	125.00
0.321660	126.00
0.321680	127.00
0.321700	127.00
0.321720	127.00
0.321740	127.00
0.321760	126.00
0.321780	125.00
0.321800	124.00
0.321820	124.00
0.321840	124.00
0.321860	124.00
0.321880	125.00
0.321900	125.00
0.321920	126.00
0.321940	126.00
0.321960	126.00
0.321980	126.00
0.322000	127.00
0.322020	127.00
0.322040	127.00
0.322060	126.00
0.322080	125.00
0.322100	125.00
0.322120	126.00
0.322140	127.00
0.322160	128.00
0.322180	128.00
0.322200	127.00
0.322220	126.00
0.322240	125.00
0.322260	125.00
0.322280	126.00
0.322300	126.00
0.322320	126.00
0.322340	126.00
0.322360	126.00
0.322380	126.00
0.322400	126.00
0.322420	126.00
0.322440	126.00
0.322460	126.00
0.322480	125.00
0.322500	125.00
0.322520	124.00
0.322540	124.00
0.322560	124.00
0.322580	124.00
0.322600	124.00
0.322620	124.00
0.322640	124.00
0.322660	124.00
0.322680	124.00
0.322700	124.00
0.322720	124.00
0.322740	124.00
0.322760	124.00
0.322780	124.00
0.322800	124.00
0.322820	124.00
0.322840	125.00
0.322860	126.00
0.322880	126.00
0.322900	126.00
0.322920	125.00
0.322940	125.00
0.322960	125.00
0.322980	125.00
0.323000	125.00
0.323020	126.00
0.323040	126.00
0.323060	126.00
0.323080	127.00
0.323100	127.00
0.323120	126.00
0.323140	126.00
0.323160	126.00
0.323180	126.00
0.323200	126.00
0.323220	125.00
0.323240	125.00
0.323260	125.00
0.323280	126.00
0.323300	126.00
0.323320	126.00
0.323340	126.00
0.323360	125.00
0.323380	125.00
0.323400	125.00
0.323420	125.00
0.323440	126.00
0.323460	126.00
0.323480	126.00
0.323500	127.00
0.323520	126.00
0.323540	126.00
0.323560	125.00
0.323580	124.00
0.323600	124.00
0.323620	124.00
0.323640	124.00
0.323660	125.00
0.323680	125.00
0.323700	125.00
0.323720	125.00
0.323740	126.00
0.323760	125.00
0.323780	125.00
0.323800	124.00
0.323820	124.00
0.323840	125.00
0.323860	126.00
0.323880	126.00
0.323900	126.00
0.323920	125.00
0.323940	125.00
0.323960	124.00
0.323980	124.00
0.324000	124.00
0.324020	125.00
0.324040	126.00
0.324060	126.00
0.324080	126.00
0.324100	125.00
0.324120	125.00
0.324140	125.00
0.324160	126.00
0.324180	126.00
0.324200	126.00
0.324220	125.00
0.324240	125.00
0.324260	125.00
0.324280	125.00
0.324300	124.00
0.324320	124.00
0.324340	124.00
0.324360	125.00
0.324380	126.00
0.324400	125.00
0.324420	124.00
0.324440	124.00
0.324460	125.00
0.324480	126.00
0.324500	127.00
0.324520	126.00
0.324540	124.00
0.324560	124.00
0.324580	124.00
0.324600	125.00
0.324620	126.00
0.324640	125.00
0.324660	125.00
0.324680	125.00
0.324700	126.00
0.324720	126.00
0.324740	126.00
0.324760	125.00
0.324780	125.00
0.324800	126.00
0.324820	126.00
0.324840	127.00
0.324860	127.00
0.324880	127.00
0.324900	127.00
0.324920	127.00
0.324940	127.00
0.324960	127.00
0.324980	126.00
0.325000	126.00
0.325020	125.00
0.325040	125.00
0.325060	126.00
0.325080	127.00
0.325100	128.00
0.325120	128.00
0.325140	127.00
0.325160	127.00
0.325180	126.00
0.325200	125.00
0.325220	125.00
0.325240	125.00
0.325260	126.00
0.325280	126.00
0.325300	126.00
0.325320	125.00
0.325340	124.00
0.325360	124.00
0.325380	125.00
0.325400	125.00
0.325420	126.00
0.325440	126.00
0.325460	126.00
0.325480	127.00
0.325500	126.00
0.325520	125.00
0.325540	124.00
0.325560	124.00
0.325580	124.00
0.325600	125.00
0.325620	125.00
0.325640	125.00
0.325660	124.00
0.325680	123.00
0.325700	124.00
0.325720	124.00
0.325740	125.00
0.325760	125.00
0.325780	125.00
0.325800	125.00
0.325820	126.00
0.325840	126.00
0.325860	126.00
0.325880	126.00
0.325900	126.00
0.325920	126.00
0.325940	126.00
0.325960	127.00
0.325980	127.00
0.326000	127.00
0.326020	126.00
0.326040	125.00
0.326060	124.00
0.326080	124.00
0.326100	124.00
0.326120	125.00
0.326140	125.00
0.326160	125.00
0.326180	124.00
0.326200	125.00
0.326220	126.00
0.326240	126.00
0.326260	125.00
0.326280	125.00
0.326300	124.00
0.326320	124.00
0.326340	125.00
0.326360	126.00
0.326380	126.00
0.326400	125.00
0.326420	125.00
0.326440	124.00
0.326460	124.00
0.326480	124.00
0.326500	124.00
0.326520	125.00
0.326540	125.00
0.326560	126.00
0.326580	126.00
0.326600	126.00
0.326620	125.00
0.326640	125.00
0.326660	124.00
0.326680	124.00
0.326700	124.00
0.326720	125.00
0.326740	126.00
0.326760	127.00
0.326780	128.00
0.326800	128.00
0.326820	127.00
0.326840	127.00
0.326860	127.00
0.326880	126.00
0.326900	125.00
0.326920	125.00
0.326940	125.00
0.326960	125.00
0.326980	126.00
0.327000	126.00
0.327020	126.00
0.327040	126.00
0.327060	126.00
0.327080	127.00
0.327100	127.00
0.327120	127.00
0.327140	127.00
0.327160	126.00
0.327180	126.00
0.327200	125.00
0.327220	125.00
0.327240	125.00
0.327260	125.00
0.327280	126.00
0.327300	126.00
0.327320	126.00
0.327340	125.00
0.327360	125.00
0.327380	125.00
0.327400	126.00
0.327420	127.00
0.327440	126.00
0.327460	126.00
0.327480	125.00
0.327500	124.00
0.327520	123.00
0.327540	124.00
0.327560	124.00
0.327580	124.00
0.327600	125.00
0.327620	125.00
0.327640	124.00
0.327660	124.00
0.327680	124.00
0.327700	125.00
0.327720	125.00
0.327740	125.00
0.327760	125.00
0.327780	125.00
0.327800	125.00
0.327820	126.00
0.327840	126.00
0.327860	126.00
0.327880	125.00
0.327900	125.00
0.327920	125.00
0.327940	125.00
0.327960	126.00
0.327980	126.00
0.328000	126.00
0.328020	126.00
0.328040	126.00
0.328060	126.00
0.328080	126.00
0.328100	125.00
0.328120	126.00
0.328140	126.00
0.328160	126.00
0.328180	126.00
0.328200	125.00
0.328220	125.00
0.328240	125.00
0.328260	125.00
0.328280	126.00
0.328300	126.00
0.328320	126.00
0.328340	125.00
0.328360	125.00
0.328380	125.00
0.328400	125.00
0.328420	125.00
0.328440	125.00
0.328460	125.00
0.328480	125.00
0.328500	125.00
0.328520	125.00
0.328540	124.00
0.328560	125.00
0.328580	126.00
0.328600	127.00
0.328620	127.00
0.328640	127.00
0.328660	126.00
0.328680	126.00
0.328700	126.00
0.328720	125.00
0.328740	125.00
0.328760	124.00
0.328780	125.00
0.328800	125.00
0.328820	126.00
0.328840	125.00
0.328860	125.00
0.328880	125.00
0.328900	126.00
0.328920	127.00
0.328940	127.00
0.328960	126.00
0.328980	125.00
0.329000	125.00
0.329020	126.00
0.329040	126.00
0.329060	126.00
0.329080	125.00
0.329100	126.00
0.329120	126.00
0.329140	126.00
0.329160	126.00
0.329180	125.00
0.329200	124.00
0.329220	123.00
0.329240	123.00
0.329260	123.00
0.329280	122.00
0.329300	122.00
0.329320	122.00
0.329340	122.00
0.329360	123.00
0.329380	124.00
0.329400	124.00
0.329420	125.00
0.329440	125.00
0.329460	126.00
0.329480	126.00
0.329500	126.00
0.329520	126.00
0.329540	126.00
0.329560	126.00
0.329580	126.00
0.329600	125.00
0.329620	126.00
0.329640	126.00
0.329660	127.00
0.329680	127.00
0.329700	127.00
0.329720	127.00
0.329740	126.00
0.329760	126.00
0.329780	126.00
0.329800	126.00
0.329820	126.00
0.329840	126.00
0.329860	125.00
0.329880	125.00
0.329900	125.00
0.329920	125.00
0.329940	126.00
0.329960	127.00
0.329980	126.00
0.330000	126.00
0.330020	126.00
0.330040	125.00
0.330060	126.00
0.330080	126.00
0.330100	126.00
0.330120	125.00
0.330140	126.00
0.330160	126.00
0.330180	126.00
0.330200	126.00
0.330220	125.00
0.330240	125.00
0.330260	125.00
0.330280	125.00
0.330300	125.00
0.330320	125.00
0.330340	125.00
0.330360	125.00
0.330380	125.00
0.330400	125.00
0.330420	125.00
0.330440	124.00
0.330460	124.00
0.330480	124.00
0.330500	125.00
0.330520	126.00
0.330540	127.00
0.330560	126.00
0.330580	125.00
0.330600	125.00
0.330620	125.00
0.330640	125.00
0.330660	126.00
0.330680	127.00
0.330700	127.00
0.330720	127.00
0.330740	127.00
0.330760	127.00
0.330780	126.00
0.330800	125.00
0.330820	124.00
0.330840	124.00
0.330860	124.00
0.330880	125.00
0.330900	126.00
0.330920	126.00
0.330940	126.00
0.330960	126.00
0.330980	126.00
0.331000	126.00
0.331020	127.00
0.331040	127.00
0.331060	126.00
0.331080	125.00
0.331100	124.00
0.331120	123.00
0.331140	123.00
0.331160	123.00
0.331180	124.00
0.331200	125.00
0.331220	126.00
0.331240	127.00
0.331260	127.00
0.331280	126.00
0.331300	125.00
0.331320	124.00
0.331340	124.00
0.331360	124.00
0.331380	125.00
0.331400	125.00
0.331420	125.00
0.331440	125.00
0.331460	125.00
0.331480	125.00
0.331500	125.00
0.331520	125.00
0.331540	126.00
0.331560	127.00
0.331580	127.00
0.331600	127.00
0.331620	126.00
0.331640	126.00
0.331660	126.00
0.331680	126.00
0.331700	126.00
0.331720	126.00
0.331740	126.00
0.331760	126.00
0.331780	126.00
0.331800	126.00
0.331820	126.00
0.331840	126.00
0.331860	126.00
0.331880	125.00
0.331900	125.00
0.331920	125.00
0.331940	125.00
0.331960	124.00
0.331980	124.00
0.332000	124.00
0.332020	124.00
0.332040	124.00
0.332060	124.00
0.332080	124.00
0.332100	124.00
0.332120	124.00
0.332140	124.00
0.332160	124.00
0.332180	125.00
0.332200	126.00
0.332220	126.00
0.332240	126.00
0.332260	125.00
0.332280	125.00
0.332300	125.00
0.332320	126.00
0.332340	126.00
0.332360	125.00
0.332380	125.00
0.332400	124.00
0.332420	124.00
0.332440	124.00
0.332460	125.00
0.332480	125.00
0.332500	126.00
0.332520	127.00
0.332540	127.00
0.332560	127.00
0.332580	126.00
0.332600	125.00
0.332620	124.00
0.332640	124.00
0.332660	124.00
0.332680	124.00
0.332700	124.00
0.332720	125.00
0.332740	126.00
0.332760	127.00
0.332780	127.00
0.332800	126.00
0.332820	127.00
0.332840	127.00
0.332860	127.00
0.332880	126.00
0.332900	125.00
0.332920	124.00
0.332940	125.00
0.332960	125.00
0.332980	125.00
0.333000	125.00
0.333020	125.00
0.333040	125.00
0.333060	125.00
0.333080	126.00
0.333100	126.00
0.333120	125.00
0.333140	125.00
0.333160	125.00
0.333180	125.00
0.333200	125.00
0.333220	124.00
0.333240	124.00
0.333260	124.00
0.333280	124.00
0.333300	125.00
0.333320	125.00
0.333340	126.00
0.333360	125.00
0.333380	125.00
0.333400	125.00
0.333420	125.00
0.333440	125.00
0.333460	126.00
0.333480	126.00
0.333500	126.00
0.333520	126.00
0.333540	126.00
0.333560	125.00
0.333580	125.00
0.333600	125.00
0.333620	126.00
0.333640	126.00
0.333660	126.00
0.333680	126.00
0.333700	125.00
0.333720	126.00
0.333740	126.00
0.333760	126.00
0.333780	126.00
0.333800	125.00
0.333820	124.00
0.333840	125.00
0.333860	125.00
0.333880	126.00
0.333900	126.00
0.333920	126.00
0.333940	125.00
0.333960	125.00
0.333980	125.00
0.334000	126.00
0.334020	127.00
0.334040	127.00
0.334060	126.00
0.334080	125.00
0.334100	124.00
0.334120	124.00
0.334140	124.00
0.334160	124.00
0.334180	123.00
0.334200	123.00
0.334220	123.00
0.334240	123.00
0.334260	124.00
0.334280	124.00
0.334300	124.00
0.334320	124.00
0.334340	125.00
0.334360	125.00
0.334380	125.00
0.334400	125.00
0.334420	126.00
0.334440	126.00
0.334460	127.00
0.334480	127.00
0.334500	127.00
0.334520	127.00
0.334540	127.00
0.334560	127.00
0.334580	127.00
0.334600	126.00
0.334620	125.00
0.334640	124.00
0.334660	124.00
0.334680	125.00
0.334700	125.00
0.334720	125.00
0.334740	126.00
0.334760	126.00
0.334780	126.00
0.334800	126.00
0.334820	126.00
0.334840	126.00
0.334860	126.00
0.334880	126.00
0.334900	126.00
0.334920	125.00
0.334940	125.00
0.334960	124.00
0.334980	124.00
0.335000	124.00
0.335020	125.00
0.335040	125.00
0.335060	125.00
0.335080	125.00
0.335100	125.00
0.335120	125.00
0.335140	125.00
0.335160	124.00
0.335180	124.00
0.335200	124.00
0.335220	124.00
0.335240	125.00
0.335260	126.00
0.335280	125.00
0.335300	125.00
0.335320	126.00
0.335340	126.00
0.335360	127.00
0.335380	127.00
0.335400	127.00
0.335420	126.00
0.335440	126.00
0.335460	126.00
0.335480	126.00
0.335500	126.00
0.335520	126.00
0.335540	126.00
0.335560	126.00
0.335580	125.00
0.335600	124.00
0.335620	124.00
0.335640	124.00
0.335660	125.00
0.335680	125.00
0.335700	124.00
0.335720	124.00
0.335740	125.00
0.335760	125.00
0.335780	126.00
0.335800	126.00
0.335820	127.00
0.335840	127.00
0.335860	127.00
0.335880	127.00
0.335900	126.00
0.335920	126.00
0.335940	126.00
0.335960	126.00
0.335980	125.00
0.336000	124.00
0.336020	124.00
0.336040	124.00
0.336060	125.00
0.336080	126.00
0.336100	127.00
0.336120	126.00
0.336140	126.00
0.336160	126.00
0.336180	127.00
0.336200	127.00
0.336220	126.00
0.336240	124.00
0.336260	124.00
0.336280	124.00
0.336300	125.00
0.336320	125.00
0.336340	125.00
0.336360	125.00
0.336380	125.00
0.336400	125.00
0.336420	126.00
0.336440	126.00
0.336460	126.00
0.336480	126.00
0.336500	126.00
0.336520	126.00
0.336540	126.00
0.336560	125.00
0.336580	125.00
0.336600	126.00
0.336620	127.00
0.336640	127.00
0.336660	126.00
0.336680	126.00
0.336700	125.00
0.336720	126.00
0.336740	126.00
0.336760	126.00
0.336780	126.00
0.336800	126.00
0.336820	127.00
0.336840	127.00
0.336860	126.00
0.336880	125.00
0.336900	124.00
0.336920	123.00
0.336940	123.00
0.336960	124.00
0.336980	124.00
0.337000	125.00
0.337020	125.00
0.337040	126.00
0.337060	125.00
0.337080	125.00
0.337100	124.00
0.337120	124.00
0.337140	124.00
0.337160	123.00
0.337180	122.00
0.337200	122.00
0.337220	123.00
0.337240	124.00
0.337260	125.00
0.337280	125.00
0.337300	125.00
0.337320	124.00
0.337340	125.00
0.337360	125.00
0.337380	125.00
0.337400	126.00
0.337420	126.00
0.337440	126.00
0.337460	127.00
0.337480	127.00
0.337500	126.00
0.337520	126.00
0.337540	126.00
0.337560	127.00
0.337580	126.00
0.337600	126.00
0.337620	125.00
0.337640	126.00
0.337660	126.00
0.337680	127.00
0.337700	128.00
0.337720	128.00
0.337740	127.00
0.337760	126.00
0.337780	125.00
0.337800	125.00
0.337820	125.00
0.337840	126.00
0.337860	126.00
0.337880	127.00
0.337900	126.00
0.337920	126.00
0.337940	125.00
0.337960	124.00
0.337980	123.00
0.338000	124.00
0.338020	124.00
0.338040	125.00
0.338060	125.00
0.338080	125.00
0.338100	124.00
0.338120	124.00
0.338140	124.00
0.338160	124.00
0.338180	123.00
0.338200	123.00
0.338220	122.00
0.338240	123.00
0.338260	124.00
0.338280	125.00
0.338300	126.00
0.338320	126.00
0.338340	126.00
0.338360	127.00
0.338380	126.00
0.338400	126.00
0.338420	125.00
0.338440	125.00
0.338460	125.00
0.338480	124.00
0.338500	124.00
0.338520	124.00
0.338540	125.00
0.338560	126.00
0.338580	127.00
0.338600	128.00
0.338620	128.00
0.338640	128.00
0.338660	127.00
0.338680	126.00
0.338700	125.00
0.338720	125.00
0.338740	126.00
0.338760	127.00
0.338780	127.00
0.338800	127.00
0.338820	126.00
0.338840	127.00
0.338860	127.00
0.338880	127.00
0.338900	126.00
0.338920	125.00
0.338940	125.00
0.338960	124.00
0.338980	123.00
0.339000	123.00
0.339020	123.00
0.339040	123.00
0.339060	124.00
0.339080	125.00
0.339100	125.00
0.339120	125.00
0.339140	125.00
0.339160	125.00
0.339180	125.00
0.339200	125.00
0.339220	126.00
0.339240	126.00
0.339260	127.00
0.339280	127.00
0.339300	126.00
0.339320	126.00
0.339340	126.00
0.339360	126.00
0.339380	127.00
0.339400	127.00
0.339420	127.00
0.339440	127.00
0.339460	127.00
0.339480	127.00
0.339500	126.00
0.339520	125.00
0.339540	125.00
0.339560	125.00
0.339580	125.00
0.339600	126.00
0.339620	126.00
0.339640	125.00
0.339660	125.00
0.339680	125.00
0.339700	125.00
0.339720	125.00
0.339740	125.00
0.339760	125.00
0.339780	125.00
0.339800	125.00
0.339820	126.00
0.339840	126.00
0.339860	126.00
0.339880	126.00
0.339900	125.00
0.339920	124.00
0.339940	123.00
0.339960	123.00
0.339980	123.00
0.340000	124.00
0.340020	124.00
0.340040	125.00
0.340060	125.00
0.340080	125.00
0.340100	125.00
0.340120	125.00
0.340140	124.00
0.340160	124.00
0.340180	124.00
0.340200	124.00
0.340220	125.00
0.340240	125.00
0.340260	125.00
0.340280	124.00
0.340300	125.00
0.340320	126.00
0.340340	127.00
0.340360	127.00
0.340380	125.00
0.340400	124.00
0.340420	123.00
0.340440	123.00
0.340460	124.00
0.340480	126.00
0.340500	126.00
0.340520	126.00
0.340540	126.00
0.340560	126.00
0.340580	126.00
0.340600	126.00
0.340620	126.00
0.340640	127.00
0.340660	127.00
0.340680	128.00
0.340700	127.00
0.340720	126.00
0.340740	125.00
0.340760	124.00
0.340780	124.00
0.340800	123.00
0.340820	124.00
0.340840	125.00
0.340860	126.00
0.340880	126.00
0.340900	125.00
0.340920	125.00
0.340940	125.00
0.340960	126.00
0.340980	125.00
0.341000	124.00
0.341020	124.00
0.341040	124.00
0.341060	125.00
0.341080	126.00
0.341100	125.00
0.341120	124.00
0.341140	124.00
0.341160	124.00
0.341180	125.00
0.341200	126.00
0.341220	126.00
0.341240	126.00
0.341260	126.00
0.341280	126.00
0.341300	125.00
0.341320	125.00
0.341340	125.00
0.341360	125.00
0.341380	125.00
0.341400	126.00
0.341420	126.00
0.341440	126.00
0.341460	126.00
0.341480	126.00
0.341500	127.00
0.341520	128.00
0.341540	128.00
0.341560	128.00
0.341580	127.00
0.341600	127.00
0.341620	126.00
0.341640	126.00
0.341660	126.00
0.341680	125.00
0.341700	124.00
0.341720	124.00
0.341740	123.00
0.341760	124.00
0.341780	124.00
0.341800	125.00
0.341820	126.00
0.341840	126.00
0.341860	126.00
0.341880	126.00
0.341900	125.00
0.341920	125.00
0.341940	124.00
0.341960	124.00
0.341980	124.00
0.342000	125.00
0.342020	125.00
0.342040	126.00
0.342060	126.00
0.342080	126.00
0.342100	126.00
0.342120	125.00
0.342140	125.00
0.342160	125.00
0.342180	125.00
0.342200	125.00
0.342220	125.00
0.342240	126.00
0.342260	126.00
0.342280	126.00
0.342300	126.00
0.342320	126.00
0.342340	125.00
0.342360	125.00
0.342380	125.00
0.342400	125.00
0.342420	126.00
0.342440	126.00
0.342460	127.00
0.342480	127.00
0.342500	127.00
0.342520	126.00
0.342540	126.00
0.342560	125.00
0.342580	126.00
0.342600	126.00
0.342620	126.00
0.342640	126.00
0.342660	127.00
0.342680	127.00
0.342700	127.00
0.342720	126.00
0.342740	125.00
0.342760	125.00
0.342780	124.00
0.342800	124.00
0.342820	124.00
0.342840	125.00
0.342860	125.00
0.342880	126.00
0.342900	126.00
0.342920	126.00
0.342940	125.00
0.342960	125.00
0.342980	125.00
0.343000	125.00
0.343020	125.00
0.343040	125.00
0.343060	125.00
0.343080	125.00
0.343100	125.00
0.343120	125.00
0.343140	126.00
0.343160	126.00
0.343180	126.00
0.343200	127.00
0.343220	127.00
0.343240	126.00
0.343260	126.00
0.343280	125.00
0.343300	125.00
0.343320	125.00
0.343340	125.00
0.343360	125.00
0.343380	124.00
0.343400	123.00
0.343420	123.00
0.343440	123.00
0.343460	124.00
0.343480	125.00
0.343500	125.00
0.343520	126.00
0.343540	125.00
0.343560	125.00
0.343580	125.00
0.343600	126.00
0.343620	126.00
0.343640	126.00
0.343660	125.00
0.343680	125.00
0.343700	125.00
0.343720	126.00
0.343740	126.00
0.343760	126.00
0.343780	125.00
0.343800	124.00
0.343820	125.00
0.343840	126.00
0.343860	127.00
0.343880	126.00
0.343900	126.00
0.343920	125.00
0.343940	124.00
0.343960	124.00
0.343980	124.00
0.344000	123.00
0.344020	123.00
0.344040	123.00
0.344060	124.00
0.344080	125.00
0.344100	127.00
0.344120	127.00
0.344140	127.00
0.344160	127.00
0.344180	127.00
0.344200	126.00
0.344220	126.00
0.344240	125.00
0.344260	124.00
0.344280	123.00
0.344300	122.00
0.344320	123.00
0.344340	124.00
0.344360	124.00
0.344380	125.00
0.344400	126.00
0.344420	127.00
0.344440	128.00
0.344460	129.00
0.344480	128.00
0.344500	128.00
0.344520	128.00
0.344540	128.00
0.344560	128.00
0.344580	128.00
0.344600	127.00
0.344620	126.00
0.344640	126.00
0.344660	125.00
0.344680	124.00
0.344700	123.00
0.344720	123.00
0.344740	124.00
0.344760	125.00
0.344780	125.00
0.344800	125.00
0.344820	124.00
0.344840	124.00
0.344860	124.00
0.344880	125.00
0.344900	126.00
0.344920	125.00
0.344940	125.00
0.344960	125.00
0.344980	125.00
0.345000	125.00
0.345020	124.00
0.345040	124.00
0.345060	125.00
0.345080	126.00
0.345100	127.00
0.345120	126.00
0.345140	126.00
0.345160	125.00
0.345180	125.00
0.345200	125.00
0.345220	125.00
0.345240	125.00
0.345260	125.00
0.345280	125.00
0.345300	125.00
0.345320	125.00
0.345340	125.00
0.345360	125.00
0.345380	126.00
0.345400	126.00
0.345420	127.00
0.345440	128.00
0.345460	128.00
0.345480	127.00
0.345500	126.00
0.345520	126.00
0.345540	126.00
0.345560	126.00
0.345580	126.00
0.345600	126.00
0.345620	125.00
0.345640	125.00
0.345660	125.00
0.345680	126.00
0.345700	126.00
0.345720	126.00
0.345740	125.00
0.345760	124.00
0.345780	124.00
0.345800	124.00
0.345820	124.00
0.345840	124.00
0.345860	123.00
0.345880	122.00
0.345900	122.00
0.345920	122.00
0.345940	124.00
0.345960	125.00
0.345980	126.00
0.346000	127.00
0.346020	126.00
0.346040	126.00
0.346060	126.00
0.346080	126.00
0.346100	125.00
0.346120	125.00
0.346140	125.00
0.346160	125.00
0.346180	126.00
0.346200	126.00
0.346220	126.00
0.346240	126.00
0.346260	126.00
0.346280	126.00
0.346300	125.00
0.346320	125.00
0.346340	124.00
0.346360	125.00
0.346380	126.00
0.346400	126.00
0.346420	127.00
0.346440	127.00
0.346460	127.00
0.346480	126.00
0.346500	125.00
0.346520	124.00
0.346540	124.00
0.346560	124.00
0.346580	124.00
0.346600	124.00
0.346620	124.00
0.346640	124.00
0.346660	124.00
0.346680	125.00
0.346700	125.00
0.346720	125.00
0.346740	125.00
0.346760	124.00
0.346780	124.00
0.346800	125.00
0.346820	125.00
0.346840	126.00
0.346860	125.00
0.346880	125.00
0.346900	124.00
0.346920	125.00
0.346940	125.00
0.346960	125.00
0.346980	125.00
0.347000	124.00
0.347020	124.00
0.347040	125.00
0.347060	126.00
0.347080	126.00
0.347100	126.00
0.347120	126.00
0.347140	126.00
0.347160	126.00
0.347180	127.00
0.347200	126.00
0.347220	126.00
0.347240	126.00
0.347260	127.00
0.347280	128.00
0.347300	128.00
0.347320	127.00
0.347340	126.00
0.347360	126.00
0.347380	125.00
0.347400	125.00
0.347420	125.00
0.347440	125.00
0.347460	125.00
0.347480	126.00
0.347500	126.00
0.347520	126.00
0.347540	125.00
0.347560	124.00
0.347580	124.00
0.347600	123.00
0.347620	123.00
0.347640	123.00
0.347660	124.00
0.347680	125.00
0.347700	126.00
0.347720	126.00
0.347740	125.00
0.347760	124.00
0.347780	124.00
0.347800	124.00
0.347820	124.00
0.347840	124.00
0.347860	125.00
0.347880	126.00
0.347900	126.00
0.347920	126.00
0.347940	125.00
0.347960	125.00
0.347980	124.00
0.348000	124.00
0.348020	124.00
0.348040	124.00
0.348060	124.00
0.348080	125.00
0.348100	126.00
0.348120	126.00
0.348140	126.00
0.348160	126.00
0.348180	125.00
0.348200	125.00
0.348220	125.00
0.348240	126.00
0.348260	126.00
0.348280	126.00
0.348300	126.00
0.348320	127.00
0.348340	127.00
0.348360	128.00
0.348380	128.00
0.348400	127.00
0.348420	125.00
0.348440	124.00
0.348460	124.00
0.348480	125.00
0.348500	125.00
0.348520	125.00
0.348540	124.00
0.348560	125.00
0.348580	125.00
0.348600	125.00
0.348620	125.00
0.348640	125.00
0.348660	125.00
0.348680	125.00
0.348700	125.00
0.348720	125.00
0.348740	125.00
0.348760	125.00
0.348780	126.00
0.348800	126.00
0.348820	126.00
0.348840	126.00
0.348860	126.00
0.348880	126.00
0.348900	126.00
0.348920	126.00
0.348940	126.00
0.348960	126.00
0.348980	126.00
0.349000	126.00
0.349020	126.00
0.349040	126.00
0.349060	126.00
0.349080	126.00
0.349100	126.00
0.349120	126.00
0.349140	126.00
0.349160	126.00
0.349180	127.00
0.349200	126.00
0.349220	126.00
0.349240	126.00
0.349260	126.00
0.349280	126.00
0.349300	125.00
0.349320	124.00
0.349340	124.00
0.349360	124.00
0.349380	124.00
0.349400	124.00
0.349420	124.00
0.349440	124.00
0.349460	125.00
0.349480	126.00
0.349500	126.00
0.349520	126.00
0.349540	126.00
0.349560	126.00
0.349580	126.00
0.349600	126.00
0.349620	127.00
0.349640	127.00
0.349660	127.00
0.349680	126.00
0.349700	125.00
0.349720	125.00
0.349740	125.00
0.349760	125.00
0.349780	125.00
0.349800	125.00
0.349820	125.00
0.349840	125.00
0.349860	125.00
0.349880	126.00
0.349900	126.00
0.349920	125.00
0.349940	124.00
0.349960	123.00
0.349980	124.00
0.350000	125.00
0.350020	126.00
0.350040	126.00
0.350060	125.00
0.350080	125.00
0.350100	124.00
0.350120	124.00
0.350140	125.00
0.350160	126.00
0.350180	127.00
0.350200	128.00
0.350220	128.00
0.350240	127.00
0.350260	127.00
0.350280	126.00
0.350300	125.00
0.350320	125.00
0.350340	125.00
0.350360	125.00
0.350380	124.00
0.350400	123.00
0.350420	122.00
0.350440	123.00
0.350460	125.00
0.350480	126.00
0.350500	126.00
0.350520	125.00
0.350540	124.00
0.350560	124.00
0.350580	124.00
0.350600	125.00
0.350620	125.00
0.350640	125.00
0.350660	124.00
0.350680	123.00
0.350700	123.00
0.350720	124.00
0.350740	125.00
0.350760	126.00
0.350780	126.00
0.350800	126.00
0.350820	125.00
0.350840	125.00
0.350860	125.00
0.350880	125.00
0.350900	125.00
0.350920	124.00
0.350940	124.00
0.350960	123.00
0.350980	124.00
0.351000	125.00
0.351020	125.00
0.351040	126.00
0.351060	126.00
0.351080	126.00
0.351100	126.00
0.351120	125.00
0.351140	125.00
0.351160	125.00
0.351180	126.00
0.351200	126.00
0.351220	126.00
0.351240	126.00
0.351260	126.00
0.351280	126.00
0.351300	126.00
0.351320	126.00
0.351340	126.00
0.351360	125.00
0.351380	126.00
0.351400	126.00
0.351420	126.00
0.351440	126.00
0.351460	125.00
0.351480	125.00
0.351500	125.00
0.351520	125.00
0.351540	126.00
0.351560	126.00
0.351580	126.00
0.351600	126.00
0.351620	126.00
0.351640	126.00
0.351660	126.00
0.351680	126.00
0.351700	126.00
0.351720	125.00
0.351740	125.00
0.351760	125.00
0.351780	125.00
0.351800	125.00
0.351820	124.00
0.351840	124.00
0.351860	124.00
0.351880	124.00
0.351900	125.00
0.351920	126.00
0.351940	127.00
0.351960	127.00
0.351980	127.00
0.352000	126.00
0.352020	125.00
0.352040	124.00
0.352060	124.00
0.352080	126.00
0.352100	127.00
0.352120	129.00
0.352140	129.00
0.352160	129.00
0.352180	128.00
0.352200	127.00
0.352220	126.00
0.352240	125.00
0.352260	124.00
0.352280	123.00
0.352300	123.00
0.352320	125.00
0.352340	127.00
0.352360	129.00
0.352380	129.00
0.352400	128.00
0.352420	126.00
0.352440	124.00
0.352460	123.00
0.352480	121.00
0.352500	120.00
0.352520	120.00
0.352540	121.00
0.352560	123.00
0.352580	126.00
0.352600	128.00
0.352620	129.00
0.352640	128.00
0.352660	127.00
0.352680	125.00
0.352700	124.00
0.352720	123.00
0.352740	124.00
0.352760	125.00
0.352780	127.00
0.352800	129.00
0.352820	129.00
0.352840	129.00
0.352860	127.00
0.352880	125.00
0.352900	122.00
0.352920	120.00
0.352940	118.00
0.352960	118.00
0.352980	120.00
0.353000	124.00
0.353020	129.00
0.353040	133.00
0.353060	135.00
0.353080	134.00
0.353100	130.00
0.353120	125.00
0.353140	121.00
0.353160	117.00
0.353180	116.00
0.353200	116.00
0.353220	120.00
0.353240	127.00
0.353260	133.00
0.353280	138.00
0.353300	140.00
0.353320	137.00
0.353340	131.00
0.353360	124.00
0.353380	117.00
0.353400	111.00
0.353420	108.00
0.353440	111.00
0.353460	117.00
0.353480	126.00
0.353500	135.00
0.353520	141.00
0.353540	143.00
0.353560	140.00
0.353580	133.00
0.353600	124.00
0.353620	115.00
0.353640	109.00
0.353660	108.00
0.353680	111.00
0.353700	118.00
0.353720	125.00
0.353740	132.00
0.353760	137.00
0.353780	139.00
0.353800	138.00
0.353820	134.00
0.353840	129.00
0.353860	123.00
0.353880	118.00
0.353900	115.00
0.353920	114.00
0.353940	115.00
0.353960	119.00
0.353980	124.00
0.354000	129.00
0.354020	132.00
0.354040	135.00
0.354060	136.00
0.354080	136.00
0.354100	133.00
0.354120	128.00
0.354140	123.00
0.354160	120.00
0.354180	118.00
0.354200	117.00
0.354220	118.00
0.354240	119.00
0.354260	122.00
0.354280	126.00
0.354300	129.00
0.354320	131.00
0.354340	131.00
0.354360	130.00
0.354380	129.00
0.354400	127.00
0.354420	124.00
0.354440	121.00
0.354460	119.00
0.354480	118.00
0.354500	118.00
0.354520	119.00
0.354540	120.00
0.354560	123.00
0.354580	126.00
0.354600	128.00
0.354620	129.00
0.354640	129.00
0.354660	127.00
0.354680	126.00
0.354700	125.00
0.354720	124.00
0.354740	124.00
0.354760	124.00
0.354780	124.00
0.354800	124.00
0.354820	124.00
0.354840	125.00
0.354860	126.00
0.354880	127.00
0.354900	128.00
0.354920	128.00
0.354940	127.00
0.354960	127.00
0.354980	127.00
0.355000	127.00
0.355020	125.00
0.355040	125.00
0.355060	124.00
0.355080	125.00
0.355100	125.00
0.355120	124.00
0.355140	124.00
0.355160	124.00
0.355180	126.00
0.355200	128.00
0.355220	128.00
0.355240	126.00
0.355260	124.00
0.355280	123.00
0.355300	123.00
0.355320	124.00
0.355340	124.00
0.355360	124.00
0.355380	124.00
0.355400	124.00
0.355420	124.00
0.355440	124.00
0.355460	124.00
0.355480	124.00
0.355500	125.00
0.355520	126.00
0.355540	126.00
0.355560	125.00
0.355580	125.00
0.355600	125.00
0.355620	126.00
0.355640	125.00
0.355660	125.00
0.355680	125.00
0.355700	126.00
0.355720	126.00
0.355740	126.00
0.355760	126.00
0.355780	125.00
0.355800	124.00
0.355820	124.00
0.355840	125.00
0.355860	126.00
0.355880	126.00
0.355900	127.00
0.355920	127.00
0.355940	127.00
0.355960	127.00
0.355980	127.00
0.356000	126.00
0.356020	126.00
0.356040	126.00
0.356060	126.00
0.356080	126.00
0.356100	126.00
0.356120	126.00
0.356140	126.00
0.356160	126.00
0.356180	125.00
0.356200	125.00
0.356220	125.00
0.356240	125.00
0.356260	126.00
0.356280	127.00
0.356300	127.00
0.356320	126.00
0.356340	126.00
0.356360	125.00
0.356380	125.00
0.356400	125.00
0.356420	125.00
0.356440	124.00
0.356460	124.00
0.356480	124.00
0.356500	124.00
0.356520	124.00
0.356540	124.00
0.356560	125.00
0.356580	126.00
0.356600	126.00
0.356620	126.00
0.356640	127.00
0.356660	127.00
0.356680	127.00
0.356700	126.00
0.356720	125.00
0.356740	124.00
0.356760	124.00
0.356780	126.00
0.356800	127.00
0.356820	127.00
0.356840	126.00
0.356860	126.00
0.356880	125.00
0.356900	124.00
0.356920	124.00
0.356940	125.00
0.356960	126.00
0.356980	126.00
0.357000	127.00
0.357020	127.00
0.357040	127.00
0.357060	126.00
0.357080	125.00
0.357100	125.00
0.357120	124.00
0.357140	125.00
0.357160	126.00
0.357180	126.00
0.357200	125.00
0.357220	124.00
0.357240	124.00
0.357260	125.00
0.357280	125.00
0.357300	126.00
0.357320	125.00
0.357340	125.00
0.357360	126.00
0.357380	126.00
0.357400	126.00
0.357420	125.00
0.357440	124.00
0.357460	124.00
0.357480	125.00
0.357500	125.00
0.357520	125.00
0.357540	124.00
0.357560	125.00
0.357580	125.00
0.357600	126.00
0.357620	125.00
0.357640	125.00
0.357660	125.00
0.357680	126.00
0.357700	126.00
0.357720	125.00
0.357740	125.00
0.357760	125.00
0.357780	126.00
0.357800	127.00
0.357820	126.00
0.357840	125.00
0.357860	124.00
0.357880	124.00
0.357900	125.00
0.357920	125.00
0.357940	125.00
0.357960	125.00
0.357980	126.00
0.358000	126.00
0.358020	125.00
0.358040	125.00
0.358060	125.00
0.358080	125.00
0.358100	126.00
0.358120	125.00
0.358140	124.00
0.358160	123.00
0.358180	124.00
0.358200	125.00
0.358220	126.00
0.358240	126.00
0.358260	125.00
0.358280	125.00
0.358300	126.00
0.358320	126.00
0.358340	126.00
0.358360	126.00
0.358380	126.00
0.358400	125.00
0.358420	125.00
0.358440	123.00
0.358460	122.00
0.358480	122.00
0.358500	123.00
0.358520	124.00
0.358540	125.00
0.358560	125.00
0.358580	126.00
0.358600	127.00
0.358620	128.00
0.358640	127.00
0.358660	125.00
0.358680	125.00
0.358700	125.00
0.358720	126.00
0.358740	126.00
0.358760	126.00
0.358780	126.00
0.358800	126.00
0.358820	126.00
0.358840	127.00
0.358860	127.00
0.358880	126.00
0.358900	126.00
0.358920	125.00
0.358940	125.00
0.358960	126.00
0.358980	126.00
0.359000	127.00
0.359020	126.00
0.359040	125.00
0.359060	125.00
0.359080	125.00
0.359100	126.00
0.359120	127.00
0.359140	126.00
0.359160	126.00
0.359180	125.00
0.359200	124.00
0.359220	124.00
0.359240	124.00
0.359260	124.00
0.359280	124.00
0.359300	124.00
0.359320	124.00
0.359340	124.00
0.359360	124.00
0.359380	124.00
0.359400	124.00
0.359420	124.00
0.359440	124.00
0.359460	124.00
0.359480	125.00
0.359500	126.00
0.359520	127.00
0.359540	127.00
0.359560	127.00
0.359580	126.00
0.359600	125.00
0.359620	125.00
0.359640	125.00
0.359660	124.00
0.359680	124.00
0.359700	124.00
0.359720	124.00
0.359740	125.00
0.359760	125.00
0.359780	126.00
0.359800	125.00
0.359820	125.00
0.359840	126.00
0.359860	127.00
0.359880	128.00
0.359900	128.00
0.359920	127.00
0.359940	127.00
0.359960	127.00
0.359980	127.00
0.360000	127.00
0.360020	126.00
0.360040	126.00
0.360060	125.00
0.360080	126.00
0.360100	127.00
0.360120	127.00
0.360140	126.00
0.360160	125.00
0.360180	124.00
0.360200	124.00
0.360220	124.00
0.360240	123.00
0.360260	123.00
0.360280	123.00
0.360300	124.00
0.360320	124.00
0.360340	125.00
0.360360	126.00
0.360380	126.00
0.360400	127.00
0.360420	126.00
0.360440	125.00
0.360460	124.00
0.360480	124.00
0.360500	124.00
0.360520	125.00
0.360540	125.00
0.360560	124.00
0.360580	124.00
0.360600	124.00
0.360620	124.00
0.360640	125.00
0.360660	125.00
0.360680	125.00
0.360700	126.00
0.360720	126.00
0.360740	126.00
0.360760	126.00
0.360780	127.00
0.360800	127.00
0.360820	127.00
0.360840	126.00
0.360860	126.00
0.360880	126.00
0.360900	126.00
0.360920	126.00
0.360940	126.00
0.360960	125.00
0.360980	124.00
0.361000	124.00
0.361020	123.00
0.361040	124.00
0.361060	125.00
0.361080	126.00
0.361100	126.00
0.361120	127.00
0.361140	126.00
0.361160	125.00
0.361180	125.00
0.361200	125.00
0.361220	126.00
0.361240	126.00
0.361260	126.00
0.361280	126.00
0.361300	125.00
0.361320	125.00
0.361340	125.00
0.361360	125.00
0.361380	125.00
0.361400	125.00
0.361420	125.00
0.361440	125.00
0.361460	125.00
0.361480	126.00
0.361500	126.00
0.361520	125.00
0.361540	125.00
0.361560	125.00
0.361580	125.00
0.361600	126.00
0.361620	126.00
0.361640	126.00
0.361660	126.00
0.361680	126.00
0.361700	125.00
0.361720	126.00
0.361740	126.00
0.361760	126.00
0.361780	126.00
0.361800	126.00
0.361820	125.00
0.361840	126.00
0.361860	126.00
0.361880	126.00
0.361900	126.00
0.361920	126.00
0.361940	126.00
0.361960	126.00
0.361980	126.00
0.362000	126.00
0.362020	126.00
0.362040	125.00
0.362060	126.00
0.362080	126.00
0.362100	126.00
0.362120	125.00
0.362140	125.00
0.362160	125.00
0.362180	125.00
0.362200	126.00
0.362220	126.00
0.362240	125.00
0.362260	125.00
0.362280	124.00
0.362300	124.00
0.362320	124.00
0.362340	124.00
0.362360	124.00
0.362380	125.00
0.362400	125.00
0.362420	126.00
0.362440	126.00
0.362460	126.00
0.362480	127.00
0.362500	127.00
0.362520	127.00
0.362540	126.00
0.362560	125.00
0.362580	124.00
0.362600	125.00
0.362620	126.00
0.362640	126.00
0.362660	126.00
0.362680	126.00
0.362700	126.00
0.362720	126.00
0.362740	126.00
0.362760	127.00
0.362780	126.00
0.362800	126.00
0.362820	126.00
0.362840	126.00
0.362860	126.00
0.362880	126.00
0.362900	126.00
0.362920	126.00
0.362940	126.00
0.362960	125.00
0.362980	125.00
0.363000	124.00
0.363020	124.00
0.363040	125.00
0.363060	126.00
0.363080	126.00
0.363100	126.00
0.363120	125.00
0.363140	125.00
0.363160	125.00
0.363180	125.00
0.363200	125.00
0.363220	124.00
0.363240	124.00
0.363260	124.00
0.363280	125.00
0.363300	126.00
0.363320	126.00
0.363340	126.00
0.363360	126.00
0.363380	126.00
0.363400	126.00
0.363420	125.00
0.363440	123.00
0.363460	123.00
0.363480	124.00
0.363500	125.00
0.363520	126.00
0.363540	125.00
0.363560	125.00
0.363580	125.00
0.363600	125.00
0.363620	126.00
0.363640	127.00
0.363660	127.00
0.363680	126.00
0.363700	127.00
0.363720	127.00
0.363740	127.00
0.363760	126.00
0.363780	125.00
0.363800	124.00
0.363820	124.00
0.363840	124.00
0.363860	124.00
0.363880	124.00
0.363900	124.00
0.363920	125.00
0.363940	126.00
0.363960	127.00
0.363980	126.00
0.364000	125.00
0.364020	124.00
0.364040	123.00
0.364060	122.00
0.364080	122.00
0.364100	123.00
0.364120	124.00
0.364140	125.00
0.364160	124.00
0.364180	124.00
0.364200	125.00
0.364220	126.00
0.364240	127.00
0.364260	126.00
0.364280	126.00
0.364300	125.00
0.364320	125.00
0.364340	126.00
0.364360	126.00
0.364380	126.00
0.364400	125.00
0.364420	124.00
0.364440	124.00
0.364460	124.00
0.364480	125.00
0.364500	125.00
0.364520	125.00
0.364540	125.00
0.364560	126.00
0.364580	127.00
0.364600	128.00
0.364620	128.00
0.364640	128.00
0.364660	128.00
0.364680	128.00
0.364700	127.00
0.364720	127.00
0.364740	126.00
0.364760	126.00
0.364780	126.00
0.364800	126.00
0.364820	126.00
0.364840	125.00
0.364860	125.00
0.364880	125.00
0.364900	126.00
0.364920	127.00
0.364940	126.00
0.364960	125.00
0.364980	124.00
0.365000	124.00
0.365020	124.00
0.365040	125.00
0.365060	125.00
0.365080	126.00
0.365100	126.00
0.365120	126.00
0.365140	125.00
0.365160	125.00
0.365180	126.00
0.365200	127.00
0.365220	127.00
0.365240	126.00
0.365260	125.00
0.365280	125.00
0.365300	126.00
0.365320	127.00
0.365340	128.00
0.365360	129.00
0.365380	128.00
0.365400	127.00
0.365420	126.00
0.365440	125.00
0.365460	124.00
0.365480	125.00
0.365500	125.00
0.365520	125.00
0.365540	125.00
0.365560	125.00
0.365580	125.00
0.365600	125.00
0.365620	125.00
0.365640	125.00
0.365660	126.00
0.365680	126.00
0.365700	126.00
0.365720	127.00
0.365740	126.00
0.365760	125.00
0.365780	124.00
0.365800	124.00
0.365820	124.00
0.365840	124.00
0.365860	124.00
0.365880	124.00
0.365900	125.00
0.365920	125.00
0.365940	125.00
0.365960	125.00
0.365980	124.00
0.366000	124.00
0.366020	124.00
0.366040	124.00
0.366060	124.00
0.366080	124.00
0.366100	124.00
0.366120	124.00
0.366140	125.00
0.366160	125.00
0.366180	124.00
0.366200	124.00
0.366220	123.00
0.366240	124.00
0.366260	124.00
0.366280	125.00
0.366300	126.00
0.366320	125.00
0.366340	125.00
0.366360	125.00
0.366380	125.00
0.366400	126.00
0.366420	126.00
0.366440	125.00
0.366460	124.00
0.366480	124.00
0.366500	125.00
0.366520	126.00
0.366540	126.00
0.366560	126.00
0.366580	127.00
0.366600	128.00
0.366620	129.00
0.366640	129.00
0.366660	128.00
0.366680	127.00
0.366700	127.00
0.366720	127.00
0.366740	127.00
0.366760	126.00
0.366780	124.00
0.366800	123.00
0.366820	124.00
0.366840	124.00
0.366860	125.00
0.366880	125.00
0.366900	125.00
0.366920	125.00
0.366940	125.00
0.366960	126.00
0.366980	125.00
0.367000	124.00
0.367020	124.00
0.367040	124.00
0.367060	124.00
0.367080	125.00
0.367100	125.00
0.367120	125.00
0.367140	124.00
0.367160	124.00
0.367180	125.00
0.367200	126.00
0.367220	126.00
0.367240	126.00
0.367260	125.00
0.367280	124.00
0.367300	125.00
0.367320	125.00
0.367340	126.00
0.367360	125.00
0.367380	124.00
0.367400	123.00
0.367420	124.00
0.367440	125.00
0.367460	126.00
0.367480	127.00
0.367500	127.00
0.367520	127.00
0.367540	127.00
0.367560	126.00
0.367580	126.00
0.367600	126.00
0.367620	127.00
0.367640	127.00
0.367660	126.00
0.367680	125.00
0.367700	124.00
0.367720	125.00
0.367740	126.00
0.367760	126.00
0.367780	127.00
0.367800	126.00
0.367820	126.00
0.367840	126.00
0.367860	126.00
0.367880	125.00
0.367900	125.00
0.367920	125.00
0.367940	124.00
0.367960	124.00
0.367980	123.00
0.368000	123.00
0.368020	124.00
0.368040	124.00
0.368060	125.00
0.368080	125.00
0.368100	126.00
0.368120	126.00
0.368140	126.00
0.368160	126.00
0.368180	126.00
0.368200	126.00
0.368220	126.00
0.368240	125.00
0.368260	125.00
0.368280	125.00
0.368300	125.00
0.368320	125.00
0.368340	125.00
0.368360	125.00
0.368380	125.00
0.368400	125.00
0.368420	125.00
0.368440	125.00
0.368460	125.00
0.368480	126.00
0.368500	126.00
0.368520	126.00
0.368540	127.00
0.368560	127.00
0.368580	127.00
0.368600	126.00
0.368620	126.00
0.368640	126.00
0.368660	126.00
0.368680	126.00
0.368700	126.00
0.368720	126.00
0.368740	126.00
0.368760	126.00
0.368780	126.00
0.368800	125.00
0.368820	126.00
0.368840	126.00
0.368860	127.00
0.368880	126.00
0.368900	126.00
0.368920	125.00
0.368940	125.00
0.368960	125.00
0.368980	124.00
0.369000	124.00
0.369020	123.00
0.369040	123.00
0.369060	123.00
0.369080	124.00
0.369100	124.00
0.369120	124.00
0.369140	124.00
0.369160	124.00
0.369180	125.00
0.369200	126.00
0.369220	127.00
0.369240	127.00
0.369260	125.00
0.369280	124.00
0.369300	123.00
0.369320	123.00
0.369340	124.00
0.369360	124.00
0.369380	125.00
0.369400	125.00
0.369420	126.00
0.369440	127.00
0.369460	127.00
0.369480	127.00
0.369500	127.00
0.369520	127.00
0.369540	127.00
0.369560	126.00
0.369580	126.00
0.369600	126.00
0.369620	126.00
0.369640	126.00
0.369660	127.00
0.369680	126.00
0.369700	126.00
0.369720	126.00
0.369740	126.00
0.369760	126.00
0.369780	126.00
0.369800	126.00
0.369820	126.00
0.369840	126.00
0.369860	126.00
0.369880	126.00
0.369900	125.00
0.369920	124.00
0.369940	124.00
0.369960	124.00
0.369980	124.00
0.370000	123.00
0.370020	123.00
0.370040	123.00
0.370060	124.00
0.370080	124.00
0.370100	125.00
0.370120	125.00
0.370140	125.00
0.370160	126.00
0.370180	126.00
0.370200	126.00
0.370220	125.00
0.370240	124.00
0.370260	124.00
0.370280	125.00
0.370300	126.00
0.370320	126.00
0.370340	126.00
0.370360	125.00
0.370380	125.00
0.370400	126.00
0.370420	125.00
0.370440	125.00
0.370460	125.00
0.370480	125.00
0.370500	125.00
0.370520	125.00
0.370540	126.00
0.370560	126.00
0.370580	127.00
0.370600	127.00
0.370620	126.00
0.370640	126.00
0.370660	126.00
0.370680	126.00
0.370700	126.00
0.370720	126.00
0.370740	125.00
0.370760	125.00
0.370780	125.00
0.370800	125.00
0.370820	125.00
0.370840	125.00
0.370860	125.00
0.370880	125.00
0.370900	125.00
0.370920	125.00
0.370940	125.00
0.370960	124.00
0.370980	125.00
0.371000	125.00
0.371020	126.00
0.371040	125.00
0.371060	125.00
0.371080	125.00
0.371100	125.00
0.371120	126.00
0.371140	126.00
0.371160	126.00
0.371180	126.00
0.371200	126.00
0.371220	126.00
0.371240	126.00
0.371260	126.00
0.371280	126.00
0.371300	126.00
0.371320	126.00
0.371340	126.00
0.371360	125.00
0.371380	125.00
0.371400	126.00
0.371420	127.00
0.371440	127.00
0.371460	127.00
0.371480	126.00
0.371500	126.00
0.371520	126.00
0.371540	126.00
0.371560	126.00
0.371580	125.00
0.371600	125.00
0.371620	124.00
0.371640	124.00
0.371660	124.00
0.371680	123.00
0.371700	124.00
0.371720	124.00
0.371740	125.00
0.371760	125.00
0.371780	125.00
0.371800	124.00
0.371820	124.00
0.371840	124.00
0.371860	125.00
0.371880	125.00
0.371900	125.00
0.371920	125.00
0.371940	124.00
0.371960	125.00
0.371980	125.00
0.372000	125.00
0.372020	125.00
0.372040	125.00
0.372060	126.00
0.372080	126.00
0.372100	127.00
0.372120	127.00
0.372140	127.00
0.372160	127.00
0.372180	127.00
0.372200	126.00
0.372220	126.00
0.372240	126.00
0.372260	126.00
0.372280	126.00
0.372300	126.00
0.372320	126.00
0.372340	126.00
0.372360	126.00
0.372380	126.00
0.372400	126.00
0.372420	127.00
0.372440	127.00
0.372460	126.00
0.372480	125.00
0.372500	125.00
0.372520	125.00
0.372540	126.00
0.372560	126.00
0.372580	127.00
0.372600	126.00
0.372620	124.00
0.372640	123.00
0.372660	123.00
0.372680	123.00
0.372700	124.00
0.372720	125.00
0.372740	125.00
0.372760	125.00
0.372780	125.00
0.372800	126.00
0.372820	126.00
0.372840	127.00
0.372860	126.00
0.372880	125.00
0.372900	124.00
0.372920	123.00
0.372940	124.00
0.372960	124.00
0.372980	124.00
0.373000	123.00
0.373020	123.00
0.373040	123.00
0.373060	124.00
0.373080	125.00
0.373100	125.00
0.373120	126.00
0.373140	126.00
0.373160	126.00
0.373180	126.00
0.373200	125.00
0.373220	124.00
0.373240	124.00
0.373260	124.00
0.373280	125.00
0.373300	126.00
0.373320	126.00
0.373340	126.00
0.373360	126.00
0.373380	126.00
0.373400	125.00
0.373420	126.00
0.373440	126.00
0.373460	126.00
0.373480	126.00
0.373500	125.00
0.373520	125.00
0.373540	124.00
0.373560	125.00
0.373580	125.00
0.373600	126.00
0.373620	126.00
0.373640	126.00
0.373660	125.00
0.373680	125.00
0.373700	124.00
0.373720	123.00
0.373740	123.00
0.373760	124.00
0.373780	125.00
0.373800	125.00
0.373820	125.00
0.373840	124.00
0.373860	123.00
0.373880	124.00
0.373900	124.00
0.373920	125.00
0.373940	125.00
0.373960	125.00
0.373980	126.00
0.374000	126.00
0.374020	126.00
0.374040	126.00
0.374060	125.00
0.374080	125.00
0.374100	126.00
0.374120	127.00
0.374140	128.00
0.374160	127.00
0.374180	127.00
0.374200	126.00
0.374220	126.00
0.374240	125.00
0.374260	125.00
0.374280	124.00
0.374300	124.00
0.374320	125.00
0.374340	126.00
0.374360	126.00
0.374380	126.00
0.374400	127.00
0.374420	126.00
0.374440	126.00
0.374460	125.00
0.374480	124.00
0.374500	124.00
0.374520	125.00
0.374540	126.00
0.374560	125.00
0.374580	124.00
0.374600	124.00
0.374620	124.00
0.374640	126.00
0.374660	126.00
0.374680	126.00
0.374700	124.00
0.374720	123.00
0.374740	124.00
0.374760	124.00
0.374780	125.00
0.374800	125.00
0.374820	124.00
0.374840	125.00
0.374860	125.00
0.374880	125.00
0.374900	125.00
0.374920	125.00
0.374940	126.00
0.374960	127.00
0.374980	127.00
0.375000	127.00
0.375020	126.00
0.375040	125.00
0.375060	125.00
0.375080	125.00
0.375100	125.00
0.375120	125.00
0.375140	126.00
0.375160	126.00
0.375180	127.00
0.375200	126.00
0.375220	125.00
0.375240	126.00
0.375260	127.00
0.375280	128.00
0.375300	128.00
0.375320	127.00
0.375340	125.00
0.375360	125.00
0.375380	125.00
0.375400	126.00
0.375420	126.00
0.375440	126.00
0.375460	125.00
0.375480	124.00
0.375500	124.00
0.375520	125.00
0.375540	126.00
0.375560	126.00
0.375580	127.00
0.375600	127.00
0.375620	126.00
0.375640	125.00
0.375660	125.00
0.375680	124.00
0.375700	125.00
0.375720	125.00
0.375740	125.00
0.375760	125.00
0.375780	125.00
0.375800	125.00
0.375820	125.00
0.375840	125.00
0.375860	125.00
0.375880	125.00
0.375900	125.00
0.375920	125.00
0.375940	125.00
0.375960	126.00
0.375980	127.00
0.376000	126.00
0.376020	126.00
0.376040	125.00
0.376060	125.00
0.376080	126.00
0.376100	126.00
0.376120	125.00
0.376140	125.00
0.376160	125.00
0.376180	125.00
0.376200	126.00
0.376220	127.00
0.376240	128.00
0.376260	127.00
0.376280	127.00
0.376300	126.00
0.376320	126.00
0.376340	126.00
0.376360	126.00
0.376380	126.00
0.376400	125.00
0.376420	124.00
0.376440	124.00
0.376460	124.00
0.376480	125.00
0.376500	125.00
0.376520	124.00
0.376540	124.00
0.376560	123.00
0.376580	123.00
0.376600	124.00
0.376620	124.00
0.376640	124.00
0.376660	124.00
0.376680	124.00
0.376700	123.00
0.376720	123.00
0.376740	123.00
0.376760	124.00
0.376780	124.00
0.376800	124.00
0.376820	124.00
0.376840	124.00
0.376860	124.00
0.376880	125.00
0.376900	125.00
0.376920	125.00
0.376940	124.00
0.376960	124.00
0.376980	125.00
0.377000	125.00
0.377020	126.00
0.377040	126.00
0.377060	125.00
0.377080	125.00
0.377100	125.00
0.377120	126.00
0.377140	126.00
0.377160	126.00
0.377180	126.00
0.377200	126.00
0.377220	126.00
0.377240	126.00
0.377260	126.00
0.377280	126.00
0.377300	125.00
0.377320	125.00
0.377340	125.00
0.377360	125.00
0.377380	125.00
0.377400	125.00
0.377420	126.00
0.377440	126.00
0.377460	127.00
0.377480	127.00
0.377500	126.00
0.377520	125.00
0.377540	125.00
0.377560	126.00
0.377580	126.00
0.377600	126.00
0.377620	125.00
0.377640	124.00
0.377660	124.00
0.377680	124.00
0.377700	124.00
0.377720	124.00
0.377740	124.00
0.377760	124.00
0.377780	124.00
0.377800	124.00
0.377820	125.00
0.377840	125.00
0.377860	125.00
0.377880	126.00
0.377900	125.00
0.377920	124.00
0.377940	124.00
0.377960	124.00
0.377980	124.00
0.378000	125.00
0.378020	125.00
0.378040	125.00
0.378060	126.00
0.378080	126.00
0.378100	127.00
0.378120	126.00
0.378140	126.00
0.378160	126.00
0.378180	126.00
0.378200	126.00
0.378220	126.00
0.378240	125.00
0.378260	124.00
0.378280	125.00
0.378300	125.00
0.378320	125.00
0.378340	125.00
0.378360	126.00
0.378380	126.00
0.378400	127.00
0.378420	127.00
0.378440	127.00
0.378460	126.00
0.378480	126.00
0.378500	125.00
0.378520	124.00
0.378540	124.00
0.378560	125.00
0.378580	126.00
0.378600	127.00
0.378620	126.00
0.378640	124.00
0.378660	123.00
0.378680	123.00
0.378700	124.00
0.378720	125.00
0.378740	126.00
0.378760	126.00
0.378780	126.00
0.378800	126.00
0.378820	126.00
0.378840	126.00
0.378860	126.00
0.378880	126.00
0.378900	126.00
0.378920	125.00
0.378940	124.00
0.378960	123.00
0.378980	123.00
0.379000	124.00
0.379020	124.00
0.379040	124.00
0.379060	124.00
0.379080	124.00
0.379100	125.00
0.379120	125.00
0.379140	126.00
0.379160	126.00
0.379180	126.00
0.379200	126.00
0.379220	126.00
0.379240	126.00
0.379260	126.00
0.379280	126.00
0.379300	126.00
0.379320	126.00
0.379340	126.00
0.379360	126.00
0.379380	126.00
0.379400	126.00
0.379420	125.00
0.379440	125.00
0.379460	125.00
0.379480	125.00
0.379500	125.00
0.379520	125.00
0.379540	124.00
0.379560	123.00
0.379580	123.00
0.379600	124.00
0.379620	125.00
0.379640	125.00
0.379660	125.00
0.379680	124.00
0.379700	124.00
0.379720	124.00
0.379740	125.00
0.379760	125.00
0.379780	126.00
0.379800	126.00
0.379820	126.00
0.379840	126.00
0.379860	126.00
0.379880	126.00
0.379900	125.00
0.379920	125.00
0.379940	125.00
0.379960	125.00
0.379980	126.00
0.380000	126.00
0.380020	125.00
0.380040	124.00
0.380060	124.00
0.380080	125.00
0.380100	126.00
0.380120	127.00
0.380140	126.00
0.380160	126.00
0.380180	126.00
0.380200	126.00
0.380220	126.00
0.380240	126.00
0.380260	125.00
0.380280	126.00
0.380300	126.00
0.380320	126.00
0.380340	127.00
0.380360	127.00
0.380380	127.00
0.380400	126.00
0.380420	126.00
0.380440	125.00
0.380460	125.00
0.380480	125.00
0.380500	125.00
0.380520	125.00
0.380540	124.00
0.380560	123.00
0.380580	123.00
0.380600	124.00
0.380620	125.00
0.380640	125.00
0.380660	126.00
0.380680	126.00
0.380700	125.00
0.380720	125.00
0.380740	124.00
0.380760	125.00
0.380780	125.00
0.380800	125.00
0.380820	125.00
0.380840	125.00
0.380860	125.00
0.380880	125.00
0.380900	125.00
0.380920	125.00
0.380940	125.00
0.380960	126.00
0.380980	127.00
0.381000	127.00
0.381020	127.00
0.381040	126.00
0.381060	125.00
0.381080	126.00
0.381100	126.00
0.381120	125.00
0.381140	124.00
0.381160	124.00
0.381180	124.00
0.381200	125.00
0.381220	125.00
0.381240	125.00
0.381260	125.00
0.381280	125.00
0.381300	126.00
0.381320	126.00
0.381340	126.00
0.381360	125.00
0.381380	125.00
0.381400	126.00
0.381420	126.00
0.381440	126.00
0.381460	125.00
0.381480	124.00
0.381500	125.00
0.381520	125.00
0.381540	125.00
0.381560	125.00
0.381580	124.00
0.381600	125.00
0.381620	126.00
0.381640	126.00
0.381660	126.00
0.381680	125.00
0.381700	125.00
0.381720	125.00
0.381740	125.00
0.381760	125.00
0.381780	125.00
0.381800	126.00
0.381820	126.00
0.381840	126.00
0.381860	125.00
0.381880	125.00
0.381900	125.00
0.381920	126.00
0.381940	127.00
0.381960	127.00
0.381980	126.00
0.382000	125.00
0.382020	125.00
0.382040	125.00
0.382060	125.00
0.382080	126.00
0.382100	126.00
0.382120	125.00
0.382140	125.00
0.382160	125.00
0.382180	125.00
0.382200	126.00
0.382220	126.00
0.382240	125.00
0.382260	125.00
0.382280	125.00
0.382300	125.00
0.382320	126.00
0.382340	126.00
0.382360	125.00
0.382380	125.00
0.382400	124.00
0.382420	124.00
0.382440	124.00
0.382460	124.00
0.382480	124.00
0.382500	124.00
0.382520	125.00
0.382540	125.00
0.382560	125.00
0.382580	126.00
0.382600	126.00
0.382620	126.00
0.382640	126.00
0.382660	126.00
0.382680	125.00
0.382700	125.00
0.382720	126.00
0.382740	125.00
0.382760	125.00
0.382780	124.00
0.382800	123.00
0.382820	124.00
0.382840	125.00
0.382860	126.00
0.382880	126.00
0.382900	126.00
0.382920	125.00
0.382940	125.00
0.382960	125.00
0.382980	125.00
0.383000	126.00
0.383020	127.00
0.383040	128.00
0.383060	128.00
0.383080	127.00
0.383100	127.00
0.383120	126.00
0.383140	126.00
0.383160	125.00
0.383180	126.00
0.383200	126.00
0.383220	125.00
0.383240	125.00
0.383260	124.00
0.383280	124.00
0.383300	123.00
0.383320	123.00
0.383340	124.00
0.383360	125.00
0.383380	125.00
0.383400	125.00
0.383420	125.00
0.383440	124.00
0.383460	123.00
0.383480	123.00
0.383500	124.00
0.383520	125.00
0.383540	126.00
0.383560	125.00
0.383580	125.00
0.383600	125.00
0.383620	125.00
0.383640	125.00
0.383660	125.00
0.383680	125.00
0.383700	125.00
0.383720	126.00
0.383740	126.00
0.383760	127.00
0.383780	127.00
