0.303800	101.00
0.303820	50.00
0.303840	102.00
0.303860	141.00
0.303880	144.00
0.303900	125.00
0.303920	112.00
0.303940	118.00
0.303960	131.00
0.303980	135.00
0.304000	126.00
0.304020	119.00
0.304040	122.00
0.304060	129.00
0.304080	131.00
0.304100	126.00
0.304120	121.00
0.304140	123.00
0.304160	128.00
0.304180	129.00
0.304200	124.00
0.304220	120.00
0.304240	121.00
0.304260	126.00
0.304280	127.00
0.304300	125.00
0.304320	124.00
0.304340	125.00
0.304360	129.00
0.304380	130.00
0.304400	127.00
0.304420	125.00
0.304440	125.00
0.304460	127.00
0.304480	127.00
0.304500	124.00
0.304520	122.00
0.304540	123.00
0.304560	126.00
0.304580	127.00
0.304600	125.00
0.304620	123.00
0.304640	124.00
0.304660	127.00
0.304680	127.00
0.304700	125.00
0.304720	123.00
0.304740	123.00
0.304760	125.00
0.304780	126.00
0.304800	125.00
0.304820	124.00
0.304840	125.00
0.304860	126.00
0.304880	126.00
0.304900	125.00
0.304920	125.00
0.304940	126.00
0.304960	128.00
0.304980	128.00
0.305000	126.00
0.305020	124.00
0.305040	125.00
0.305060	126.00
0.305080	127.00
0.305100	126.00
0.305120	125.00
0.305140	125.00
0.305160	127.00
0.305180	127.00
0.305200	126.00
0.305220	125.00
0.305240	126.00
0.305260	128.00
0.305280	128.00
0.305300	126.00
0.305320	124.00
0.305340	125.00
0.305360	127.00
0.305380	128.00
0.305400	126.00
0.305420	124.00
0.305440	124.00
0.305460	125.00
0.305480	126.00
0.305500	126.00
0.305520	125.00
0.305540	125.00
0.305560	125.00
0.305580	125.00
0.305600	124.00
0.305620	123.00
0.305640	124.00
0.305660	126.00
0.305680	127.00
0.305700	126.00
0.305720	125.00
0.305740	125.00
0.305760	126.00
0.305780	126.00
0.305800	124.00
0.305820	123.00
0.305840	124.00
0.305860	125.00
0.305880	126.00
0.305900	126.00
0.305920	126.00
0.305940	126.00
0.305960	127.00
0.305980	127.00
0.306000	126.00
0.306020	124.00
0.306040	124.00
0.306060	125.00
0.306080	126.00
0.306100	126.00
0.306120	125.00
0.306140	126.00
0.306160	126.00
0.306180	127.00
0.306200	126.00
0.306220	126.00
0.306240	126.00
0.306260	126.00
0.306280	126.00
0.306300	126.00
0.306320	125.00
0.306340	125.00
0.306360	125.00
0.306380	124.00
0.306400	124.00
0.306420	124.00
0.306440	124.00
0.306460	125.00
0.306480	125.00
0.306500	124.00
0.306520	124.00
0.306540	125.00
0.306560	126.00
0.306580	126.00
0.306600	125.00
0.306620	124.00
0.306640	124.00
0.306660	125.00
0.306680	125.00
0.306700	124.00
0.306720	124.00
0.306740	124.00
0.306760	125.00
0.306780	125.00
0.306800	125.00
0.306820	124.00
0.306840	124.00
0.306860	125.00
0.306880	126.00
0.306900	127.00
0.306920	127.00
0.306940	127.00
0.306960	127.00
0.306980	126.00
0.307000	124.00
0.307020	124.00
0.307040	125.00
0.307060	125.00
0.307080	126.00
0.307100	125.00
0.307120	125.00
0.307140	126.00
0.307160	127.00
0.307180	127.00
0.307200	127.00
0.307220	126.00
0.307240	126.00
0.307260	127.00
0.307280	127.00
0.307300	125.00
0.307320	124.00
0.307340	124.00
0.307360	125.00
0.307380	125.00
0.307400	124.00
0.307420	123.00
0.307440	123.00
0.307460	124.00
0.307480	125.00
0.307500	124.00
0.307520	124.00
0.307540	124.00
0.307560	124.00
0.307580	126.00
0.307600	126.00
0.307620	126.00
0.307640	125.00
0.307660	125.00
0.307680	125.00
0.307700	125.00
0.307720	125.00
0.307740	125.00
0.307760	125.00
0.307780	125.00
0.307800	125.00
0.307820	125.00
0.307840	126.00
0.307860	126.00
0.307880	126.00
0.307900	125.00
0.307920	126.00
0.307940	126.00
0.307960	127.00
0.307980	127.00
0.308000	126.00
0.308020	125.00
0.308040	125.00
0.308060	126.00
0.308080	126.00
0.308100	125.00
0.308120	124.00
0.308140	124.00
0.308160	125.00
0.308180	126.00
0.308200	125.00
0.308220	125.00
0.308240	125.00
0.308260	126.00
0.308280	127.00
0.308300	126.00
0.308320	126.00
0.308340	127.00
0.308360	128.00
0.308380	128.00
0.308400	126.00
0.308420	125.00
0.308440	124.00
0.308460	124.00
0.308480	125.00
0.308500	125.00
0.308520	125.00
0.308540	125.00
0.308560	125.00
0.308580	125.00
0.308600	124.00
0.308620	123.00
0.308640	124.00
0.308660	125.00
0.308680	125.00
0.308700	125.00
0.308720	124.00
0.308740	124.00
0.308760	125.00
0.308780	125.00
0.308800	126.00
0.308820	126.00
0.308840	126.00
0.308860	127.00
0.308880	128.00
0.308900	127.00
0.308920	127.00
0.308940	126.00
0.308960	126.00
0.308980	126.00
0.309000	126.00
0.309020	126.00
0.309040	126.00
0.309060	127.00
0.309080	127.00
0.309100	126.00
0.309120	125.00
0.309140	125.00
0.309160	124.00
0.309180	125.00
0.309200	125.00
0.309220	126.00
0.309240	127.00
0.309260	128.00
0.309280	128.00
0.309300	127.00
0.309320	126.00
0.309340	124.00
0.309360	122.00
0.309380	121.00
0.309400	121.00
0.309420	123.00
0.309440	126.00
0.309460	128.00
0.309480	130.00
0.309500	130.00
0.309520	129.00
0.309540	128.00
0.309560	125.00
0.309580	121.00
0.309600	119.00
0.309620	119.00
0.309640	122.00
0.309660	125.00
0.309680	127.00
0.309700	127.00
0.309720	126.00
0.309740	126.00
0.309760	126.00
0.309780	126.00
0.309800	126.00
0.309820	125.00
0.309840	124.00
0.309860	124.00
0.309880	125.00
0.309900	126.00
0.309920	127.00
0.309940	127.00
0.309960	126.00
0.309980	124.00
0.310000	122.00
0.310020	122.00
0.310040	125.00
0.310060	130.00
0.310080	133.00
0.310100	134.00
0.310120	131.00
0.310140	126.00
0.310160	121.00
0.310180	116.00
0.310200	113.00
0.310220	114.00
0.310240	120.00
0.310260	129.00
0.310280	137.00
0.310300	141.00
0.310320	139.00
0.310340	133.00
0.310360	123.00
0.310380	113.00
0.310400	106.00
0.310420	104.00
0.310440	110.00
0.310460	120.00
0.310480	133.00
0.310500	143.00
0.310520	146.00
0.310540	143.00
0.310560	134.00
0.310580	123.00
0.310600	114.00
0.310620	109.00
0.310640	110.00
0.310660	116.00
0.310680	122.00
0.310700	128.00
0.310720	132.00
0.310740	133.00
0.310760	132.00
0.310780	129.00
0.310800	127.00
0.310820	125.00
0.310840	125.00
0.310860	125.00
0.310880	125.00
0.310900	124.00
0.310920	123.00
0.310940	123.00
0.310960	123.00
0.310980	124.00
0.311000	126.00
0.311020	128.00
0.311040	131.00
0.311060	131.00
0.311080	130.00
0.311100	127.00
0.311120	122.00
0.311140	120.00
0.311160	119.00
0.311180	121.00
0.311200	124.00
0.311220	127.00
0.311240	129.00
0.311260	131.00
0.311280	130.00
0.311300	129.00
0.311320	128.00
0.311340	126.00
0.311360	124.00
0.311380	123.00
0.311400	122.00
0.311420	122.00
0.311440	123.00
0.311460	125.00
0.311480	126.00
0.311500	127.00
0.311520	128.00
0.311540	128.00
0.311560	128.00
0.311580	127.00
0.311600	126.00
0.311620	124.00
0.311640	123.00
0.311660	123.00
0.311680	122.00
0.311700	122.00
0.311720	123.00
0.311740	125.00
0.311760	127.00
0.311780	129.00
0.311800	129.00
0.311820	128.00
0.311840	126.00
0.311860	126.00
0.311880	126.00
0.311900	125.00
0.311920	124.00
0.311940	123.00
0.311960	122.00
0.311980	123.00
0.312000	124.00
0.312020	125.00
0.312040	126.00
0.312060	127.00
0.312080	128.00
0.312100	129.00
0.312120	129.00
0.312140	128.00
0.312160	126.00
0.312180	125.00
0.312200	123.00
0.312220	123.00
0.312240	124.00
0.312260	125.00
0.312280	126.00
0.312300	126.00
0.312320	126.00
0.312340	126.00
0.312360	126.00
0.312380	126.00
0.312400	125.00
0.312420	124.00
0.312440	124.00
0.312460	124.00
0.312480	124.00
0.312500	123.00
0.312520	122.00
0.312540	123.00
0.312560	125.00
0.312580	126.00
0.312600	127.00
0.312620	127.00
0.312640	127.00
0.312660	126.00
0.312680	126.00
0.312700	126.00
0.312720	126.00
0.312740	125.00
0.312760	125.00
0.312780	125.00
0.312800	125.00
0.312820	125.00
0.312840	125.00
0.312860	125.00
0.312880	126.00
0.312900	127.00
0.312920	127.00
0.312940	126.00
0.312960	126.00
0.312980	125.00
0.313000	125.00
0.313020	125.00
0.313040	125.00
0.313060	125.00
0.313080	126.00
0.313100	126.00
0.313120	126.00
0.313140	126.00
0.313160	125.00
0.313180	125.00
0.313200	125.00
0.313220	125.00
0.313240	126.00
0.313260	126.00
0.313280	126.00
0.313300	125.00
0.313320	124.00
0.313340	124.00
0.313360	124.00
0.313380	124.00
0.313400	124.00
0.313420	124.00
0.313440	124.00
0.313460	125.00
0.313480	125.00
0.313500	125.00
0.313520	124.00
0.313540	125.00
0.313560	125.00
0.313580	125.00
0.313600	125.00
0.313620	124.00
0.313640	125.00
0.313660	125.00
0.313680	127.00
0.313700	127.00
0.313720	127.00
0.313740	127.00
0.313760	127.00
0.313780	126.00
0.313800	125.00
0.313820	124.00
0.313840	124.00
0.313860	125.00
0.313880	126.00
0.313900	126.00
0.313920	127.00
0.313940	127.00
0.313960	127.00
0.313980	127.00
0.314000	127.00
0.314020	125.00
0.314040	124.00
0.314060	123.00
0.314080	124.00
0.314100	125.00
0.314120	126.00
0.314140	126.00
0.314160	126.00
0.314180	126.00
0.314200	126.00
0.314220	126.00
0.314240	126.00
0.314260	126.00
0.314280	126.00
0.314300	125.00
0.314320	124.00
0.314340	124.00
0.314360	124.00
0.314380	125.00
0.314400	125.00
0.314420	125.00
0.314440	125.00
0.314460	125.00
0.314480	125.00
0.314500	124.00
0.314520	123.00
0.314540	122.00
0.314560	122.00
0.314580	123.00
0.314600	124.00
0.314620	125.00
0.314640	126.00
0.314660	126.00
0.314680	126.00
0.314700	126.00
0.314720	126.00
0.314740	126.00
0.314760	127.00
0.314780	126.00
0.314800	126.00
0.314820	126.00
0.314840	126.00
0.314860	126.00
0.314880	125.00
0.314900	125.00
0.314920	124.00
0.314940	124.00
0.314960	124.00
0.314980	124.00
0.315000	124.00
0.315020	124.00
0.315040	124.00
0.315060	125.00
0.315080	125.00
0.315100	126.00
0.315120	126.00
0.315140	126.00
0.315160	126.00
0.315180	126.00
0.315200	126.00
0.315220	126.00
0.315240	126.00
0.315260	127.00
0.315280	126.00
0.315300	125.00
0.315320	123.00
0.315340	123.00
0.315360	124.00
0.315380	125.00
0.315400	126.00
0.315420	125.00
0.315440	125.00
0.315460	125.00
0.315480	125.00
0.315500	125.00
0.315520	125.00
0.315540	125.00
0.315560	125.00
0.315580	125.00
0.315600	124.00
0.315620	124.00
0.315640	125.00
0.315660	125.00
0.315680	126.00
0.315700	126.00
0.315720	127.00
0.315740	128.00
0.315760	128.00
0.315780	128.00
0.315800	128.00
0.315820	127.00
0.315840	126.00
0.315860	125.00
0.315880	124.00
0.315900	125.00
0.315920	126.00
0.315940	127.00
0.315960	127.00
0.315980	126.00
0.316000	125.00
0.316020	126.00
0.316040	126.00
0.316060	127.00
0.316080	127.00
0.316100	127.00
0.316120	125.00
0.316140	125.00
0.316160	125.00
0.316180	125.00
0.316200	125.00
0.316220	124.00
0.316240	124.00
0.316260	124.00
0.316280	124.00
0.316300	124.00
0.316320	125.00
0.316340	126.00
0.316360	127.00
0.316380	126.00
0.316400	125.00
0.316420	124.00
0.316440	124.00
0.316460	125.00
0.316480	125.00
0.316500	125.00
0.316520	124.00
0.316540	125.00
0.316560	126.00
0.316580	126.00
0.316600	127.00
0.316620	126.00
0.316640	126.00
0.316660	125.00
0.316680	124.00
0.316700	124.00
0.316720	123.00
0.316740	124.00
0.316760	125.00
0.316780	126.00
0.316800	127.00
0.316820	126.00
0.316840	126.00
0.316860	126.00
0.316880	127.00
0.316900	127.00
0.316920	126.00
0.316940	126.00
0.316960	126.00
0.316980	127.00
0.317000	127.00
0.317020	127.00
0.317040	126.00
0.317060	125.00
0.317080	126.00
0.317100	126.00
0.317120	126.00
0.317140	125.00
0.317160	125.00
0.317180	125.00
0.317200	125.00
0.317220	125.00
0.317240	124.00
0.317260	124.00
0.317280	123.00
0.317300	124.00
0.317320	125.00
0.317340	125.00
0.317360	124.00
0.317380	123.00
0.317400	123.00
0.317420	123.00
0.317440	125.00
0.317460	126.00
0.317480	126.00
0.317500	127.00
0.317520	127.00
0.317540	128.00
0.317560	128.00
0.317580	128.00
0.317600	127.00
0.317620	127.00
0.317640	126.00
0.317660	125.00
0.317680	125.00
0.317700	125.00
0.317720	126.00
0.317740	126.00
0.317760	126.00
0.317780	126.00
0.317800	126.00
0.317820	127.00
0.317840	128.00
0.317860	129.00
0.317880	128.00
0.317900	127.00
0.317920	126.00
0.317940	125.00
0.317960	126.00
0.317980	126.00
0.318000	126.00
0.318020	126.00
0.318040	126.00
0.318060	126.00
0.318080	126.00
0.318100	126.00
0.318120	126.00
0.318140	125.00
0.318160	125.00
0.318180	124.00
0.318200	124.00
0.318220	124.00
0.318240	125.00
0.318260	126.00
0.318280	126.00
0.318300	126.00
0.318320	125.00
0.318340	125.00
0.318360	124.00
0.318380	123.00
0.318400	123.00
0.318420	124.00
0.318440	124.00
0.318460	124.00
0.318480	124.00
0.318500	124.00
0.318520	124.00
0.318540	125.00
0.318560	126.00
0.318580	126.00
0.318600	127.00
0.318620	127.00
0.318640	127.00
0.318660	127.00
0.318680	125.00
0.318700	124.00
0.318720	124.00
0.318740	125.00
0.318760	126.00
0.318780	126.00
0.318800	125.00
0.318820	125.00
0.318840	126.00
0.318860	127.00
0.318880	127.00
0.318900	126.00
0.318920	125.00
0.318940	125.00
0.318960	126.00
0.318980	126.00
0.319000	125.00
0.319020	124.00
0.319040	123.00
0.319060	124.00
0.319080	125.00
0.319100	126.00
0.319120	126.00
0.319140	125.00
0.319160	124.00
0.319180	124.00
0.319200	124.00
0.319220	124.00
0.319240	124.00
0.319260	124.00
0.319280	124.00
0.319300	124.00
0.319320	124.00
0.319340	125.00
0.319360	125.00
0.319380	125.00
0.319400	125.00
0.319420	125.00
0.319440	126.00
0.319460	126.00
0.319480	127.00
0.319500	127.00
0.319520	126.00
0.319540	126.00
0.319560	126.00
0.319580	126.00
0.319600	126.00
0.319620	125.00
0.319640	124.00
0.319660	124.00
0.319680	125.00
0.319700	126.00
0.319720	126.00
0.319740	126.00
0.319760	126.00
0.319780	126.00
0.319800	126.00
0.319820	126.00
0.319840	126.00
0.319860	126.00
0.319880	126.00
0.319900	126.00
0.319920	126.00
0.319940	125.00
0.319960	125.00
0.319980	125.00
0.320000	126.00
0.320020	127.00
0.320040	128.00
0.320060	127.00
0.320080	126.00
0.320100	124.00
0.320120	123.00
0.320140	123.00
0.320160	123.00
0.320180	124.00
0.320200	124.00
0.320220	124.00
0.320240	124.00
0.320260	125.00
0.320280	125.00
0.320300	125.00
0.320320	124.00
0.320340	124.00
0.320360	124.00
0.320380	124.00
0.320400	124.00
0.320420	124.00
0.320440	125.00
0.320460	125.00
0.320480	126.00
0.320500	126.00
0.320520	126.00
0.320540	126.00
0.320560	126.00
0.320580	127.00
0.320600	127.00
0.320620	126.00
0.320640	126.00
0.320660	126.00
0.320680	126.00
0.320700	125.00
0.320720	125.00
0.320740	124.00
0.320760	125.00
0.320780	125.00
0.320800	126.00
0.320820	126.00
0.320840	126.00
0.320860	126.00
0.320880	126.00
0.320900	127.00
0.320920	127.00
0.320940	127.00
0.320960	128.00
0.320980	127.00
0.321000	126.00
0.321020	125.00
0.321040	124.00
0.321060	124.00
0.321080	124.00
0.321100	124.00
0.321120	125.00
0.321140	125.00
0.321160	126.00
0.321180	127.00
0.321200	126.00
0.321220	126.00
0.321240	125.00
0.321260	124.00
0.321280	124.00
0.321300	125.00
0.321320	126.00
0.321340	126.00
0.321360	126.00
0.321380	126.00
0.321400	125.00
0.321420	125.00
0.321440	126.00
0.321460	127.00
0.321480	127.00
0.321500	126.00
0.321520	125.00
0.321540	124.00
0.321560	125.00
0.321580	125.00
0.321600	125.00
0.321620	124.00
0.321640	124.00
0.321660	125.00
0.321680	125.00
0.321700	125.00
0.321720	125.00
0.321740	125.00
0.321760	127.00
0.321780	128.00
0.321800	128.00
0.321820	127.00
0.321840	126.00
0.321860	126.00
0.321880	126.00
0.321900	126.00
0.321920	125.00
0.321940	124.00
0.321960	123.00
0.321980	123.00
0.322000	123.00
0.322020	123.00
0.322040	123.00
0.322060	124.00
0.322080	124.00
0.322100	125.00
0.322120	125.00
0.322140	125.00
0.322160	125.00
0.322180	124.00
0.322200	124.00
0.322220	123.00
0.322240	123.00
0.322260	123.00
0.322280	124.00
0.322300	126.00
0.322320	127.00
0.322340	127.00
0.322360	127.00
0.322380	126.00
0.322400	126.00
0.322420	125.00
0.322440	125.00
0.322460	125.00
0.322480	124.00
0.322500	124.00
0.322520	125.00
0.322540	125.00
0.322560	126.00
0.322580	126.00
0.322600	126.00
0.322620	126.00
0.322640	126.00
0.322660	126.00
0.322680	126.00
0.322700	126.00
0.322720	125.00
0.322740	125.00
0.322760	125.00
0.322780	125.00
0.322800	126.00
0.322820	126.00
0.322840	127.00
0.322860	127.00
0.322880	126.00
0.322900	126.00
0.322920	126.00
0.322940	125.00
0.322960	125.00
0.322980	125.00
0.323000	125.00
0.323020	125.00
0.323040	126.00
0.323060	126.00
0.323080	126.00
0.323100	125.00
0.323120	124.00
0.323140	124.00
0.323160	125.00
0.323180	125.00
0.323200	124.00
0.323220	123.00
0.323240	123.00
0.323260	124.00
0.323280	125.00
0.323300	126.00
0.323320	126.00
0.323340	126.00
0.323360	125.00
0.323380	125.00
0.323400	125.00
0.323420	124.00
0.323440	124.00
0.323460	124.00
0.323480	124.00
0.323500	124.00
0.323520	125.00
0.323540	125.00
0.323560	126.00
0.323580	126.00
0.323600	126.00
0.323620	126.00
0.323640	125.00
0.323660	126.00
0.323680	126.00
0.323700	126.00
0.323720	126.00
0.323740	125.00
0.323760	126.00
0.323780	126.00
0.323800	126.00
0.323820	125.00
0.323840	125.00
0.323860	126.00
0.323880	126.00
0.323900	127.00
0.323920	127.00
0.323940	126.00
0.323960	126.00
0.323980	126.00
0.324000	125.00
0.324020	124.00
0.324040	124.00
0.324060	124.00
0.324080	125.00
0.324100	125.00
0.324120	124.00
0.324140	123.00
0.324160	123.00
0.324180	124.00
0.324200	125.00
0.324220	126.00
0.324240	125.00
0.324260	125.00
0.324280	124.00
0.324300	125.00
0.324320	125.00
0.324340	126.00
0.324360	126.00
0.324380	126.00
0.324400	127.00
0.324420	127.00
0.324440	126.00
0.324460	126.00
0.324480	126.00
0.324500	126.00
0.324520	127.00
0.324540	127.00
0.324560	127.00
0.324580	127.00
0.324600	127.00
0.324620	127.00
0.324640	127.00
0.324660	126.00
0.324680	126.00
0.324700	126.00
0.324720	126.00
0.324740	126.00
0.324760	125.00
0.324780	125.00
0.324800	126.00
0.324820	127.00
0.324840	127.00
0.324860	126.00
0.324880	125.00
0.324900	125.00
0.324920	125.00
0.324940	125.00
0.324960	126.00
0.324980	125.00
0.325000	125.00
0.325020	125.00
0.325040	126.00
0.325060	127.00
0.325080	127.00
0.325100	126.00
0.325120	125.00
0.325140	125.00
0.325160	125.00
0.325180	126.00
0.325200	126.00
0.325220	126.00
0.325240	125.00
0.325260	124.00
0.325280	124.00
0.325300	125.00
0.325320	126.00
0.325340	126.00
0.325360	126.00
0.325380	125.00
0.325400	124.00
0.325420	124.00
0.325440	125.00
0.325460	126.00
0.325480	126.00
0.325500	126.00
0.325520	126.00
0.325540	126.00
0.325560	125.00
0.325580	125.00
0.325600	125.00
0.325620	124.00
0.325640	125.00
0.325660	125.00
0.325680	126.00
0.325700	126.00
0.325720	126.00
0.325740	125.00
0.325760	125.00
0.325780	125.00
0.325800	125.00
0.325820	125.00
0.325840	125.00
0.325860	125.00
0.325880	125.00
0.325900	125.00
0.325920	125.00
0.325940	126.00
0.325960	127.00
0.325980	127.00
0.326000	126.00
0.326020	125.00
0.326040	125.00
0.326060	125.00
0.326080	125.00
0.326100	124.00
0.326120	124.00
0.326140	124.00
0.326160	125.00
0.326180	126.00
0.326200	127.00
0.326220	127.00
0.326240	126.00
0.326260	126.00
0.326280	125.00
0.326300	125.00
0.326320	125.00
0.326340	125.00
0.326360	126.00
0.326380	125.00
0.326400	125.00
0.326420	124.00
0.326440	124.00
0.326460	125.00
0.326480	126.00
0.326500	126.00
0.326520	125.00
0.326540	125.00
0.326560	125.00
0.326580	125.00
0.326600	126.00
0.326620	125.00
0.326640	124.00
0.326660	124.00
0.326680	124.00
0.326700	125.00
0.326720	126.00
0.326740	127.00
0.326760	127.00
0.326780	126.00
0.326800	125.00
0.326820	125.00
0.326840	125.00
0.326860	126.00
0.326880	125.00
0.326900	125.00
0.326920	125.00
0.326940	125.00
0.326960	125.00
0.326980	125.00
0.327000	125.00
0.327020	124.00
0.327040	124.00
0.327060	124.00
0.327080	125.00
0.327100	125.00
0.327120	125.00
0.327140	126.00
0.327160	126.00
0.327180	126.00
0.327200	126.00
0.327220	125.00
0.327240	125.00
0.327260	126.00
0.327280	126.00
0.327300	126.00
0.327320	126.00
0.327340	126.00
0.327360	127.00
0.327380	127.00
0.327400	127.00
0.327420	127.00
0.327440	126.00
0.327460	125.00
0.327480	124.00
0.327500	125.00
0.327520	126.00
0.327540	126.00
0.327560	126.00
0.327580	125.00
0.327600	125.00
0.327620	125.00
0.327640	125.00
0.327660	125.00
0.327680	125.00
0.327700	124.00
0.327720	123.00
0.327740	123.00
0.327760	123.00
0.327780	124.00
0.327800	124.00
0.327820	124.00
0.327840	125.00
0.327860	125.00
0.327880	125.00
0.327900	124.00
0.327920	124.00
0.327940	124.00
0.327960	124.00
0.327980	125.00
0.328000	125.00
0.328020	125.00
0.328040	125.00
0.328060	125.00
0.328080	125.00
0.328100	125.00
0.328120	125.00
0.328140	125.00
0.328160	125.00
0.328180	126.00
0.328200	126.00
0.328220	125.00
0.328240	125.00
0.328260	125.00
0.328280	126.00
0.328300	126.00
0.328320	126.00
0.328340	126.00
0.328360	126.00
0.328380	125.00
0.328400	125.00
0.328420	125.00
0.328440	125.00
0.328460	125.00
0.328480	125.00
0.328500	125.00
0.328520	124.00
0.328540	124.00
0.328560	124.00
0.328580	125.00
0.328600	125.00
0.328620	125.00
0.328640	126.00
0.328660	126.00
0.328680	126.00
0.328700	127.00
0.328720	127.00
0.328740	126.00
0.328760	126.00
0.328780	125.00
0.328800	125.00
0.328820	125.00
0.328840	126.00
0.328860	127.00
0.328880	127.00
0.328900	126.00
0.328920	126.00
0.328940	125.00
0.328960	124.00
0.328980	124.00
0.329000	124.00
0.329020	124.00
0.329040	124.00
0.329060	125.00
0.329080	126.00
0.329100	126.00
0.329120	126.00
0.329140	126.00
0.329160	125.00
0.329180	125.00
0.329200	126.00
0.329220	126.00
0.329240	126.00
0.329260	125.00
0.329280	125.00
0.329300	125.00
0.329320	125.00
0.329340	126.00
0.329360	126.00
0.329380	127.00
0.329400	127.00
0.329420	127.00
0.329440	126.00
0.329460	126.00
0.329480	126.00
0.329500	126.00
0.329520	126.00
0.329540	126.00
0.329560	125.00
0.329580	126.00
0.329600	126.00
0.329620	126.00
0.329640	126.00
0.329660	125.00
0.329680	124.00
0.329700	124.00
0.329720	124.00
0.329740	125.00
0.329760	126.00
0.329780	126.00
0.329800	125.00
0.329820	125.00
0.329840	125.00
0.329860	125.00
0.329880	125.00
0.329900	125.00
0.329920	125.00
0.329940	125.00
0.329960	124.00
0.329980	124.00
0.330000	124.00
0.330020	125.00
0.330040	126.00
0.330060	127.00
0.330080	128.00
0.330100	129.00
0.330120	128.00
0.330140	127.00
0.330160	125.00
0.330180	124.00
0.330200	124.00
0.330220	124.00
0.330240	125.00
0.330260	126.00
0.330280	125.00
0.330300	124.00
0.330320	124.00
0.330340	124.00
0.330360	124.00
0.330380	125.00
0.330400	125.00
0.330420	124.00
0.330440	125.00
0.330460	126.00
0.330480	126.00
0.330500	127.00
0.330520	127.00
0.330540	127.00
0.330560	127.00
0.330580	126.00
0.330600	126.00
0.330620	126.00
0.330640	125.00
0.330660	125.00
0.330680	125.00
0.330700	125.00
0.330720	125.00
0.330740	126.00
0.330760	126.00
0.330780	126.00
0.330800	126.00
0.330820	126.00
0.330840	125.00
0.330860	125.00
0.330880	124.00
0.330900	124.00
0.330920	124.00
0.330940	125.00
0.330960	125.00
0.330980	124.00
0.331000	123.00
0.331020	124.00
0.331040	125.00
0.331060	126.00
0.331080	126.00
0.331100	126.00
0.331120	126.00
0.331140	125.00
0.331160	126.00
0.331180	126.00
0.331200	126.00
0.331220	125.00
0.331240	126.00
0.331260	126.00
0.331280	127.00
0.331300	128.00
0.331320	128.00
0.331340	128.00
0.331360	128.00
0.331380	128.00
0.331400	127.00
0.331420	125.00
0.331440	125.00
0.331460	125.00
0.331480	125.00
0.331500	125.00
0.331520	125.00
0.331540	124.00
0.331560	124.00
0.331580	124.00
0.331600	125.00
0.331620	125.00
0.331640	125.00
0.331660	126.00
0.331680	126.00
0.331700	126.00
0.331720	125.00
0.331740	125.00
0.331760	124.00
0.331780	124.00
0.331800	125.00
0.331820	125.00
0.331840	125.00
0.331860	125.00
0.331880	125.00
0.331900	125.00
0.331920	125.00
0.331940	125.00
0.331960	126.00
0.331980	126.00
0.332000	126.00
0.332020	126.00
0.332040	126.00
0.332060	126.00
0.332080	126.00
0.332100	126.00
0.332120	125.00
0.332140	125.00
0.332160	125.00
0.332180	126.00
0.332200	126.00
0.332220	125.00
0.332240	124.00
0.332260	124.00
0.332280	125.00
0.332300	126.00
0.332320	127.00
0.332340	127.00
0.332360	127.00
0.332380	127.00
0.332400	127.00
0.332420	126.00
0.332440	127.00
0.332460	127.00
0.332480	127.00
0.332500	127.00
0.332520	127.00
0.332540	126.00
0.332560	125.00
0.332580	125.00
0.332600	124.00
0.332620	124.00
0.332640	125.00
0.332660	125.00
0.332680	125.00
0.332700	125.00
0.332720	125.00
0.332740	125.00
0.332760	125.00
0.332780	125.00
0.332800	125.00
0.332820	125.00
0.332840	125.00
0.332860	125.00
0.332880	125.00
0.332900	125.00
0.332920	125.00
0.332940	125.00
0.332960	125.00
0.332980	125.00
0.333000	126.00
0.333020	126.00
0.333040	126.00
0.333060	126.00
0.333080	125.00
0.333100	125.00
0.333120	126.00
0.333140	126.00
0.333160	126.00
0.333180	125.00
0.333200	125.00
0.333220	125.00
0.333240	126.00
0.333260	126.00
0.333280	126.00
0.333300	125.00
0.333320	124.00
0.333340	124.00
0.333360	125.00
0.333380	126.00
0.333400	126.00
0.333420	125.00
0.333440	125.00
0.333460	125.00
0.333480	125.00
0.333500	125.00
0.333520	125.00
0.333540	125.00
0.333560	125.00
0.333580	125.00
0.333600	125.00
0.333620	126.00
0.333640	126.00
0.333660	127.00
0.333680	126.00
0.333700	125.00
0.333720	125.00
0.333740	126.00
0.333760	126.00
0.333780	125.00
0.333800	124.00
0.333820	123.00
0.333840	123.00
0.333860	124.00
0.333880	125.00
0.333900	126.00
0.333920	126.00
0.333940	126.00
0.333960	126.00
0.333980	126.00
0.334000	125.00
0.334020	125.00
0.334040	125.00
0.334060	125.00
0.334080	126.00
0.334100	126.00
0.334120	126.00
0.334140	126.00
0.334160	126.00
0.334180	126.00
0.334200	127.00
0.334220	127.00
0.334240	127.00
0.334260	128.00
0.334280	128.00
0.334300	128.00
0.334320	127.00
0.334340	126.00
0.334360	126.00
0.334380	125.00
0.334400	124.00
0.334420	123.00
0.334440	123.00
0.334460	123.00
0.334480	124.00
0.334500	125.00
0.334520	126.00
0.334540	125.00
0.334560	125.00
0.334580	125.00
0.334600	125.00
0.334620	125.00
0.334640	123.00
0.334660	123.00
0.334680	123.00
0.334700	124.00
0.334720	125.00
0.334740	126.00
0.334760	126.00
0.334780	126.00
0.334800	125.00
0.334820	125.00
0.334840	125.00
0.334860	124.00
0.334880	125.00
0.334900	126.00
0.334920	127.00
0.334940	127.00
0.334960	126.00
0.334980	125.00
0.335000	125.00
0.335020	125.00
0.335040	125.00
0.335060	126.00
0.335080	125.00
0.335100	125.00
0.335120	124.00
0.335140	125.00
0.335160	125.00
0.335180	127.00
0.335200	127.00
0.335220	127.00
0.335240	127.00
0.335260	126.00
0.335280	125.00
0.335300	125.00
0.335320	126.00
0.335340	126.00
0.335360	126.00
0.335380	126.00
0.335400	126.00
0.335420	127.00
0.335440	127.00
0.335460	127.00
0.335480	126.00
0.335500	125.00
0.335520	125.00
0.335540	126.00
0.335560	126.00
0.335580	127.00
0.335600	126.00
0.335620	126.00
0.335640	126.00
0.335660	126.00
0.335680	126.00
0.335700	126.00
0.335720	125.00
0.335740	124.00
0.335760	125.00
0.335780	125.00
0.335800	126.00
0.335820	126.00
0.335840	127.00
0.335860	127.00
0.335880	127.00
0.335900	126.00
0.335920	125.00
0.335940	124.00
0.335960	123.00
0.335980	124.00
0.336000	125.00
0.336020	125.00
0.336040	126.00
0.336060	126.00
0.336080	127.00
0.336100	127.00
0.336120	127.00
0.336140	127.00
0.336160	126.00
0.336180	126.00
0.336200	126.00
0.336220	126.00
0.336240	126.00
0.336260	126.00
0.336280	125.00
0.336300	125.00
0.336320	125.00
0.336340	125.00
0.336360	124.00
0.336380	124.00
0.336400	124.00
0.336420	124.00
0.336440	125.00
0.336460	125.00
0.336480	125.00
0.336500	125.00
0.336520	125.00
0.336540	126.00
0.336560	125.00
0.336580	125.00
0.336600	125.00
0.336620	125.00
0.336640	125.00
0.336660	124.00
0.336680	124.00
0.336700	124.00
0.336720	124.00
0.336740	124.00
0.336760	124.00
0.336780	124.00
0.336800	125.00
0.336820	125.00
0.336840	126.00
0.336860	127.00
0.336880	128.00
0.336900	127.00
0.336920	126.00
0.336940	125.00
0.336960	125.00
0.336980	125.00
0.337000	126.00
0.337020	126.00
0.337040	126.00
0.337060	125.00
0.337080	125.00
0.337100	125.00
0.337120	125.00
0.337140	126.00
0.337160	126.00
0.337180	126.00
0.337200	126.00
0.337220	127.00
0.337240	126.00
0.337260	125.00
0.337280	125.00
0.337300	124.00
0.337320	125.00
0.337340	125.00
0.337360	126.00
0.337380	125.00
0.337400	125.00
0.337420	125.00
0.337440	126.00
0.337460	126.00
0.337480	125.00
0.337500	124.00
0.337520	124.00
0.337540	124.00
0.337560	124.00
0.337580	124.00
0.337600	124.00
0.337620	124.00
0.337640	124.00
0.337660	124.00
0.337680	124.00
0.337700	124.00
0.337720	125.00
0.337740	126.00
0.337760	127.00
0.337780	127.00
0.337800	127.00
0.337820	126.00
0.337840	126.00
0.337860	126.00
0.337880	126.00
0.337900	126.00
0.337920	126.00
0.337940	126.00
0.337960	126.00
0.337980	125.00
0.338000	124.00
0.338020	124.00
0.338040	124.00
0.338060	124.00
0.338080	125.00
0.338100	125.00
0.338120	125.00
0.338140	124.00
0.338160	125.00
0.338180	125.00
0.338200	125.00
0.338220	125.00
0.338240	125.00
0.338260	126.00
0.338280	126.00
0.338300	126.00
0.338320	126.00
0.338340	126.00
0.338360	127.00
0.338380	127.00
0.338400	127.00
0.338420	126.00
0.338440	125.00
0.338460	125.00
0.338480	125.00
0.338500	125.00
0.338520	126.00
0.338540	126.00
0.338560	126.00
0.338580	125.00
0.338600	125.00
0.338620	124.00
0.338640	124.00
0.338660	125.00
0.338680	126.00
0.338700	126.00
0.338720	126.00
0.338740	126.00
0.338760	126.00
0.338780	127.00
0.338800	128.00
0.338820	128.00
0.338840	127.00
0.338860	126.00
0.338880	125.00
0.338900	125.00
0.338920	125.00
0.338940	125.00
0.338960	125.00
0.338980	125.00
0.339000	125.00
0.339020	125.00
0.339040	124.00
0.339060	125.00
0.339080	125.00
0.339100	126.00
0.339120	126.00
0.339140	126.00
0.339160	126.00
0.339180	126.00
0.339200	126.00
0.339220	126.00
0.339240	126.00
0.339260	126.00
0.339280	126.00
0.339300	125.00
0.339320	125.00
0.339340	125.00
0.339360	126.00
0.339380	126.00
0.339400	126.00
0.339420	126.00
0.339440	124.00
0.339460	123.00
0.339480	123.00
0.339500	124.00
0.339520	124.00
0.339540	125.00
0.339560	124.00
0.339580	124.00
0.339600	124.00
0.339620	125.00
0.339640	127.00
0.339660	128.00
0.339680	128.00
0.339700	127.00
0.339720	126.00
0.339740	126.00
0.339760	127.00
0.339780	127.00
0.339800	126.00
0.339820	125.00
0.339840	124.00
0.339860	124.00
0.339880	125.00
0.339900	126.00
0.339920	127.00
0.339940	127.00
0.339960	128.00
0.339980	128.00
0.340000	128.00
0.340020	127.00
0.340040	127.00
0.340060	126.00
0.340080	126.00
0.340100	126.00
0.340120	126.00
0.340140	126.00
0.340160	126.00
0.340180	125.00
0.340200	125.00
0.340220	125.00
0.340240	125.00
0.340260	125.00
0.340280	125.00
0.340300	125.00
0.340320	125.00
0.340340	124.00
0.340360	123.00
0.340380	123.00
0.340400	123.00
0.340420	123.00
0.340440	124.00
0.340460	124.00
0.340480	124.00
0.340500	124.00
0.340520	124.00
0.340540	123.00
0.340560	123.00
0.340580	123.00
0.340600	123.00
0.340620	124.00
0.340640	126.00
0.340660	126.00
0.340680	126.00
0.340700	126.00
0.340720	126.00
0.340740	126.00
0.340760	127.00
0.340780	126.00
0.340800	126.00
0.340820	126.00
0.340840	126.00
0.340860	127.00
0.340880	127.00
0.340900	127.00
0.340920	128.00
0.340940	128.00
0.340960	128.00
0.340980	128.00
0.341000	127.00
0.341020	126.00
0.341040	126.00
0.341060	126.00
0.341080	127.00
0.341100	127.00
0.341120	126.00
0.341140	125.00
0.341160	124.00
0.341180	123.00
0.341200	123.00
0.341220	123.00
0.341240	124.00
0.341260	124.00
0.341280	124.00
0.341300	124.00
0.341320	124.00
0.341340	124.00
0.341360	124.00
0.341380	125.00
0.341400	125.00
0.341420	124.00
0.341440	124.00
0.341460	124.00
0.341480	125.00
0.341500	125.00
0.341520	125.00
0.341540	125.00
0.341560	125.00
0.341580	125.00
0.341600	125.00
0.341620	125.00
0.341640	125.00
0.341660	126.00
0.341680	126.00
0.341700	127.00
0.341720	126.00
0.341740	126.00
0.341760	126.00
0.341780	126.00
0.341800	126.00
0.341820	126.00
0.341840	125.00
0.341860	125.00
0.341880	125.00
0.341900	126.00
0.341920	125.00
0.341940	125.00
0.341960	126.00
0.341980	127.00
0.342000	128.00
0.342020	127.00
0.342040	126.00
0.342060	126.00
0.342080	125.00
0.342100	125.00
0.342120	125.00
0.342140	125.00
0.342160	125.00
0.342180	125.00
0.342200	126.00
0.342220	126.00
0.342240	125.00
0.342260	124.00
0.342280	123.00
0.342300	124.00
0.342320	125.00
0.342340	125.00
0.342360	124.00
0.342380	123.00
0.342400	123.00
0.342420	124.00
0.342440	125.00
0.342460	126.00
0.342480	126.00
0.342500	126.00
0.342520	126.00
0.342540	126.00
0.342560	126.00
0.342580	126.00
0.342600	126.00
0.342620	126.00
0.342640	126.00
0.342660	125.00
0.342680	125.00
0.342700	125.00
0.342720	125.00
0.342740	125.00
0.342760	126.00
0.342780	126.00
0.342800	127.00
0.342820	127.00
0.342840	126.00
0.342860	126.00
0.342880	126.00
0.342900	126.00
0.342920	126.00
0.342940	126.00
0.342960	126.00
0.342980	126.00
0.343000	125.00
0.343020	126.00
0.343040	127.00
0.343060	128.00
0.343080	128.00
0.343100	127.00
0.343120	126.00
0.343140	125.00
0.343160	126.00
0.343180	126.00
0.343200	126.00
0.343220	125.00
0.343240	124.00
0.343260	124.00
0.343280	124.00
0.343300	125.00
0.343320	125.00
0.343340	124.00
0.343360	124.00
0.343380	123.00
0.343400	123.00
0.343420	123.00
0.343440	124.00
0.343460	125.00
0.343480	126.00
0.343500	126.00
0.343520	126.00
0.343540	126.00
0.343560	125.00
0.343580	125.00
0.343600	125.00
0.343620	125.00
0.343640	125.00
0.343660	125.00
0.343680	125.00
0.343700	124.00
0.343720	124.00
0.343740	124.00
0.343760	125.00
0.343780	125.00
0.343800	125.00
0.343820	126.00
0.343840	126.00
0.343860	127.00
0.343880	126.00
0.343900	125.00
0.343920	125.00
0.343940	125.00
0.343960	126.00
0.343980	126.00
0.344000	127.00
0.344020	126.00
0.344040	126.00
0.344060	126.00
0.344080	126.00
0.344100	125.00
0.344120	124.00
0.344140	124.00
0.344160	124.00
0.344180	125.00
0.344200	125.00
0.344220	125.00
0.344240	124.00
0.344260	124.00
0.344280	125.00
0.344300	125.00
0.344320	124.00
0.344340	124.00
0.344360	123.00
0.344380	123.00
0.344400	124.00
0.344420	124.00
0.344440	125.00
0.344460	125.00
0.344480	126.00
0.344500	126.00
0.344520	127.00
0.344540	126.00
0.344560	126.00
0.344580	125.00
0.344600	125.00
0.344620	125.00
0.344640	125.00
0.344660	126.00
0.344680	127.00
0.344700	127.00
0.344720	127.00
0.344740	126.00
0.344760	126.00
0.344780	126.00
0.344800	126.00
0.344820	127.00
0.344840	126.00
0.344860	126.00
0.344880	125.00
0.344900	126.00
0.344920	127.00
0.344940	127.00
0.344960	127.00
0.344980	127.00
0.345000	126.00
0.345020	126.00
0.345040	126.00
0.345060	125.00
0.345080	125.00
0.345100	125.00
0.345120	124.00
0.345140	125.00
0.345160	125.00
0.345180	126.00
0.345200	126.00
0.345220	125.00
0.345240	125.00
0.345260	126.00
0.345280	126.00
0.345300	127.00
0.345320	127.00
0.345340	126.00
0.345360	125.00
0.345380	125.00
0.345400	125.00
0.345420	125.00
0.345440	124.00
0.345460	124.00
0.345480	124.00
0.345500	125.00
0.345520	126.00
0.345540	126.00
0.345560	125.00
0.345580	125.00
0.345600	125.00
0.345620	125.00
0.345640	126.00
0.345660	126.00
0.345680	126.00
0.345700	125.00
0.345720	126.00
0.345740	126.00
0.345760	126.00
0.345780	126.00
0.345800	126.00
0.345820	125.00
0.345840	124.00
0.345860	124.00
0.345880	124.00
0.345900	125.00
0.345920	126.00
0.345940	126.00
0.345960	126.00
0.345980	125.00
0.346000	125.00
0.346020	125.00
0.346040	124.00
0.346060	124.00
0.346080	124.00
0.346100	124.00
0.346120	124.00
0.346140	124.00
0.346160	125.00
0.346180	126.00
0.346200	127.00
0.346220	128.00
0.346240	128.00
0.346260	127.00
0.346280	126.00
0.346300	124.00
0.346320	124.00
0.346340	123.00
0.346360	123.00
0.346380	123.00
0.346400	123.00
0.346420	123.00
0.346440	124.00
0.346460	125.00
0.346480	126.00
0.346500	127.00
0.346520	127.00
0.346540	127.00
0.346560	126.00
0.346580	125.00
0.346600	125.00
0.346620	125.00
0.346640	125.00
0.346660	125.00
0.346680	125.00
0.346700	126.00
0.346720	127.00
0.346740	127.00
0.346760	126.00
0.346780	125.00
0.346800	124.00
0.346820	124.00
0.346840	125.00
0.346860	125.00
0.346880	126.00
0.346900	126.00
0.346920	127.00
0.346940	127.00
0.346960	127.00
0.346980	126.00
0.347000	125.00
0.347020	125.00
0.347040	125.00
0.347060	125.00
0.347080	125.00
0.347100	125.00
0.347120	125.00
0.347140	125.00
0.347160	126.00
0.347180	126.00
0.347200	126.00
0.347220	126.00
0.347240	126.00
0.347260	126.00
0.347280	126.00
0.347300	125.00
0.347320	125.00
0.347340	125.00
0.347360	125.00
0.347380	126.00
0.347400	126.00
0.347420	126.00
0.347440	126.00
0.347460	126.00
0.347480	125.00
0.347500	124.00
0.347520	124.00
0.347540	126.00
0.347560	126.00
0.347580	126.00
0.347600	126.00
0.347620	125.00
0.347640	126.00
0.347660	126.00
0.347680	127.00
0.347700	126.00
0.347720	125.00
0.347740	125.00
0.347760	125.00
0.347780	126.00
0.347800	126.00
0.347820	126.00
0.347840	126.00
0.347860	126.00
0.347880	126.00
0.347900	126.00
0.347920	126.00
0.347940	125.00
0.347960	126.00
0.347980	126.00
0.348000	125.00
0.348020	124.00
0.348040	124.00
0.348060	124.00
0.348080	124.00
0.348100	124.00
0.348120	125.00
0.348140	125.00
0.348160	125.00
0.348180	124.00
0.348200	123.00
0.348220	123.00
0.348240	123.00
0.348260	124.00
0.348280	124.00
0.348300	125.00
0.348320	125.00
0.348340	126.00
0.348360	127.00
0.348380	127.00
0.348400	127.00
0.348420	127.00
0.348440	126.00
0.348460	126.00
0.348480	126.00
0.348500	126.00
0.348520	126.00
0.348540	126.00
0.348560	126.00
0.348580	125.00
0.348600	125.00
0.348620	125.00
0.348640	125.00
0.348660	126.00
0.348680	127.00
0.348700	127.00
0.348720	127.00
0.348740	126.00
0.348760	126.00
0.348780	126.00
0.348800	126.00
0.348820	126.00
0.348840	126.00
0.348860	126.00
0.348880	126.00
0.348900	127.00
0.348920	127.00
0.348940	126.00
0.348960	126.00
0.348980	125.00
0.349000	125.00
0.349020	125.00
0.349040	125.00
0.349060	125.00
0.349080	125.00
0.349100	125.00
0.349120	124.00
0.349140	124.00
0.349160	124.00
0.349180	124.00
0.349200	125.00
0.349220	125.00
0.349240	125.00
0.349260	125.00
0.349280	125.00
0.349300	125.00
0.349320	125.00
0.349340	125.00
0.349360	125.00
0.349380	126.00
0.349400	126.00
0.349420	125.00
0.349440	125.00
0.349460	125.00
0.349480	125.00
0.349500	126.00
0.349520	126.00
0.349540	126.00
0.349560	126.00
0.349580	126.00
0.349600	126.00
0.349620	125.00
0.349640	124.00
0.349660	124.00
0.349680	124.00
0.349700	125.00
0.349720	126.00
0.349740	126.00
0.349760	126.00
0.349780	125.00
0.349800	125.00
0.349820	126.00
0.349840	126.00
0.349860	125.00
0.349880	125.00
0.349900	125.00
0.349920	125.00
0.349940	126.00
0.349960	126.00
0.349980	126.00
0.350000	125.00
0.350020	124.00
0.350040	124.00
0.350060	124.00
0.350080	124.00
0.350100	124.00
0.350120	124.00
0.350140	123.00
0.350160	123.00
0.350180	124.00
0.350200	125.00
0.350220	125.00
0.350240	125.00
0.350260	125.00
0.350280	125.00
0.350300	125.00
0.350320	125.00
0.350340	125.00
0.350360	125.00
0.350380	124.00
0.350400	124.00
0.350420	124.00
0.350440	125.00
0.350460	125.00
0.350480	125.00
0.350500	125.00
0.350520	125.00
0.350540	126.00
0.350560	126.00
0.350580	126.00
0.350600	126.00
0.350620	127.00
0.350640	128.00
0.350660	128.00
0.350680	127.00
0.350700	126.00
0.350720	126.00
0.350740	126.00
0.350760	127.00
0.350780	127.00
0.350800	126.00
0.350820	126.00
0.350840	126.00
0.350860	126.00
0.350880	126.00
0.350900	125.00
0.350920	125.00
0.350940	126.00
0.350960	128.00
0.350980	128.00
0.351000	127.00
0.351020	126.00
0.351040	125.00
0.351060	126.00
0.351080	126.00
0.351100	125.00
0.351120	124.00
0.351140	123.00
0.351160	123.00
0.351180	124.00
0.351200	124.00
0.351220	124.00
0.351240	124.00
0.351260	125.00
0.351280	126.00
0.351300	127.00
0.351320	127.00
0.351340	126.00
0.351360	125.00
0.351380	124.00
0.351400	124.00
0.351420	125.00
0.351440	127.00
0.351460	128.00
0.351480	128.00
0.351500	126.00
0.351520	124.00
0.351540	122.00
0.351560	121.00
0.351580	122.00
0.351600	123.00
0.351620	124.00
0.351640	126.00
0.351660	129.00
0.351680	130.00
0.351700	130.00
0.351720	128.00
0.351740	125.00
0.351760	123.00
0.351780	122.00
0.351800	122.00
0.351820	123.00
0.351840	123.00
0.351860	123.00
0.351880	124.00
0.351900	126.00
0.351920	128.00
0.351940	129.00
0.351960	130.00
0.351980	129.00
0.352000	126.00
0.352020	123.00
0.352040	119.00
0.352060	116.00
0.352080	115.00
0.352100	118.00
0.352120	122.00
0.352140	128.00
0.352160	134.00
0.352180	137.00
0.352200	137.00
0.352220	134.00
0.352240	129.00
0.352260	123.00
0.352280	117.00
0.352300	114.00
0.352320	114.00
0.352340	117.00
0.352360	121.00
0.352380	127.00
0.352400	131.00
0.352420	134.00
0.352440	134.00
0.352460	133.00
0.352480	131.00
0.352500	127.00
0.352520	124.00
0.352540	120.00
0.352560	118.00
0.352580	117.00
0.352600	119.00
0.352620	122.00
0.352640	126.00
0.352660	131.00
0.352680	135.00
0.352700	137.00
0.352720	136.00
0.352740	133.00
0.352760	127.00
0.352780	121.00
0.352800	115.00
0.352820	112.00
0.352840	113.00
0.352860	118.00
0.352880	125.00
0.352900	133.00
0.352920	139.00
0.352940	139.00
0.352960	135.00
0.352980	127.00
0.353000	119.00
0.353020	112.00
0.353040	110.00
0.353060	113.00
0.353080	118.00
0.353100	125.00
0.353120	131.00
0.353140	135.00
0.353160	137.00
0.353180	134.00
0.353200	130.00
0.353220	124.00
0.353240	120.00
0.353260	118.00
0.353280	118.00
0.353300	121.00
0.353320	124.00
0.353340	127.00
0.353360	129.00
0.353380	131.00
0.353400	132.00
0.353420	131.00
0.353440	129.00
0.353460	126.00
0.353480	124.00
0.353500	122.00
0.353520	121.00
0.353540	120.00
0.353560	121.00
0.353580	123.00
0.353600	125.00
0.353620	127.00
0.353640	130.00
0.353660	131.00
0.353680	131.00
0.353700	129.00
0.353720	127.00
0.353740	124.00
0.353760	121.00
0.353780	120.00
0.353800	120.00
0.353820	121.00
0.353840	122.00
0.353860	123.00
0.353880	125.00
0.353900	126.00
0.353920	128.00
0.353940	130.00
0.353960	130.00
0.353980	129.00
0.354000	128.00
0.354020	126.00
0.354040	123.00
0.354060	122.00
0.354080	122.00
0.354100	122.00
0.354120	123.00
0.354140	123.00
0.354160	124.00
0.354180	125.00
0.354200	126.00
0.354220	127.00
0.354240	127.00
0.354260	126.00
0.354280	125.00
0.354300	124.00
0.354320	125.00
0.354340	125.00
0.354360	124.00
0.354380	123.00
0.354400	122.00
0.354420	123.00
0.354440	125.00
0.354460	126.00
0.354480	126.00
0.354500	126.00
0.354520	127.00
0.354540	127.00
0.354560	127.00
0.354580	127.00
0.354600	125.00
0.354620	124.00
0.354640	124.00
0.354660	124.00
0.354680	125.00
0.354700	126.00
0.354720	126.00
0.354740	127.00
0.354760	127.00
0.354780	127.00
0.354800	127.00
0.354820	127.00
0.354840	126.00
0.354860	125.00
0.354880	124.00
0.354900	124.00
0.354920	124.00
0.354940	124.00
0.354960	125.00
0.354980	125.00
0.355000	124.00
0.355020	125.00
0.355040	125.00
0.355060	125.00
0.355080	125.00
0.355100	125.00
0.355120	125.00
0.355140	126.00
0.355160	128.00
0.355180	128.00
0.355200	128.00
0.355220	127.00
0.355240	126.00
0.355260	126.00
0.355280	126.00
0.355300	126.00
0.355320	126.00
0.355340	126.00
0.355360	126.00
0.355380	126.00
0.355400	126.00
0.355420	126.00
0.355440	126.00
0.355460	127.00
0.355480	127.00
0.355500	127.00
0.355520	127.00
0.355540	126.00
0.355560	124.00
0.355580	124.00
0.355600	124.00
0.355620	125.00
0.355640	126.00
0.355660	126.00
0.355680	126.00
0.355700	125.00
0.355720	125.00
0.355740	125.00
0.355760	125.00
0.355780	126.00
0.355800	126.00
0.355820	127.00
0.355840	127.00
0.355860	126.00
0.355880	125.00
0.355900	124.00
0.355920	123.00
0.355940	123.00
0.355960	124.00
0.355980	124.00
0.356000	124.00
0.356020	124.00
0.356040	125.00
0.356060	125.00
0.356080	126.00
0.356100	126.00
0.356120	125.00
0.356140	124.00
0.356160	124.00
0.356180	125.00
0.356200	125.00
0.356220	125.00
0.356240	125.00
0.356260	124.00
0.356280	124.00
0.356300	123.00
0.356320	124.00
0.356340	125.00
0.356360	126.00
0.356380	127.00
0.356400	127.00
0.356420	128.00
0.356440	128.00
0.356460	128.00
0.356480	127.00
0.356500	126.00
0.356520	125.00
0.356540	124.00
0.356560	124.00
0.356580	124.00
0.356600	124.00
0.356620	124.00
0.356640	125.00
0.356660	125.00
0.356680	125.00
0.356700	126.00
0.356720	126.00
0.356740	126.00
0.356760	126.00
0.356780	126.00
0.356800	125.00
0.356820	124.00
0.356840	124.00
0.356860	124.00
0.356880	124.00
0.356900	125.00
0.356920	125.00
0.356940	126.00
0.356960	126.00
0.356980	126.00
0.357000	125.00
0.357020	124.00
0.357040	124.00
0.357060	124.00
0.357080	124.00
0.357100	124.00
0.357120	125.00
0.357140	125.00
0.357160	125.00
0.357180	125.00
0.357200	125.00
0.357220	125.00
0.357240	124.00
0.357260	124.00
0.357280	124.00
0.357300	125.00
0.357320	126.00
0.357340	126.00
0.357360	126.00
0.357380	125.00
0.357400	125.00
0.357420	126.00
0.357440	127.00
0.357460	128.00
0.357480	127.00
0.357500	126.00
0.357520	126.00
0.357540	126.00
0.357560	126.00
0.357580	126.00
0.357600	126.00
0.357620	126.00
0.357640	125.00
0.357660	125.00
0.357680	125.00
0.357700	125.00
0.357720	125.00
0.357740	126.00
0.357760	126.00
0.357780	127.00
0.357800	127.00
0.357820	126.00
0.357840	126.00
0.357860	126.00
0.357880	126.00
0.357900	126.00
0.357920	126.00
0.357940	126.00
0.357960	126.00
0.357980	126.00
0.358000	126.00
0.358020	126.00
0.358040	126.00
0.358060	125.00
0.358080	125.00
0.358100	125.00
0.358120	125.00
0.358140	124.00
0.358160	124.00
0.358180	124.00
0.358200	124.00
0.358220	125.00
0.358240	126.00
0.358260	126.00
0.358280	127.00
0.358300	126.00
0.358320	126.00
0.358340	126.00
0.358360	127.00
0.358380	127.00
0.358400	126.00
0.358420	125.00
0.358440	125.00
0.358460	125.00
0.358480	125.00
0.358500	125.00
0.358520	124.00
0.358540	124.00
0.358560	125.00
0.358580	126.00
0.358600	126.00
0.358620	126.00
0.358640	125.00
0.358660	125.00
0.358680	125.00
0.358700	125.00
0.358720	125.00
0.358740	124.00
0.358760	125.00
0.358780	125.00
0.358800	125.00
0.358820	125.00
0.358840	125.00
0.358860	125.00
0.358880	125.00
0.358900	125.00
0.358920	125.00
0.358940	125.00
0.358960	125.00
0.358980	126.00
0.359000	126.00
0.359020	126.00
0.359040	125.00
0.359060	126.00
0.359080	126.00
0.359100	127.00
0.359120	127.00
0.359140	127.00
0.359160	127.00
0.359180	126.00
0.359200	125.00
0.359220	124.00
0.359240	123.00
0.359260	124.00
0.359280	125.00
0.359300	126.00
0.359320	127.00
0.359340	127.00
0.359360	126.00
0.359380	126.00
0.359400	126.00
0.359420	126.00
0.359440	127.00
0.359460	127.00
0.359480	127.00
0.359500	126.00
0.359520	125.00
0.359540	125.00
0.359560	125.00
0.359580	125.00
0.359600	125.00
0.359620	125.00
0.359640	125.00
0.359660	125.00
0.359680	125.00
0.359700	124.00
0.359720	124.00
0.359740	124.00
0.359760	124.00
0.359780	124.00
0.359800	124.00
0.359820	123.00
0.359840	123.00
0.359860	124.00
0.359880	124.00
0.359900	125.00
0.359920	125.00
0.359940	125.00
0.359960	126.00
0.359980	126.00
0.360000	127.00
0.360020	126.00
0.360040	126.00
0.360060	125.00
0.360080	125.00
0.360100	125.00
0.360120	125.00
0.360140	125.00
0.360160	126.00
0.360180	127.00
0.360200	128.00
0.360220	128.00
0.360240	127.00
0.360260	126.00
0.360280	126.00
0.360300	127.00
0.360320	128.00
0.360340	128.00
0.360360	128.00
0.360380	127.00
0.360400	127.00
0.360420	127.00
0.360440	127.00
0.360460	127.00
0.360480	127.00
0.360500	126.00
0.360520	126.00
0.360540	126.00
0.360560	125.00
0.360580	125.00
0.360600	125.00
0.360620	125.00
0.360640	124.00
0.360660	125.00
0.360680	125.00
0.360700	125.00
0.360720	124.00
0.360740	124.00
0.360760	123.00
0.360780	124.00
0.360800	124.00
0.360820	124.00
0.360840	124.00
0.360860	124.00
0.360880	125.00
0.360900	125.00
0.360920	126.00
0.360940	126.00
0.360960	126.00
0.360980	126.00
0.361000	127.00
0.361020	127.00
0.361040	126.00
0.361060	126.00
0.361080	126.00
0.361100	126.00
0.361120	126.00
0.361140	126.00
0.361160	126.00
0.361180	126.00
0.361200	126.00
0.361220	126.00
0.361240	125.00
0.361260	124.00
0.361280	124.00
0.361300	124.00
0.361320	125.00
0.361340	125.00
0.361360	126.00
0.361380	126.00
0.361400	127.00
0.361420	127.00
0.361440	126.00
0.361460	125.00
0.361480	124.00
0.361500	123.00
0.361520	124.00
0.361540	125.00
0.361560	125.00
0.361580	125.00
0.361600	125.00
0.361620	124.00
0.361640	124.00
0.361660	124.00
0.361680	124.00
0.361700	124.00
0.361720	124.00
0.361740	124.00
0.361760	124.00
0.361780	124.00
0.361800	124.00
0.361820	125.00
0.361840	125.00
0.361860	125.00
0.361880	125.00
0.361900	125.00
0.361920	125.00
0.361940	125.00
0.361960	125.00
0.361980	125.00
0.362000	125.00
0.362020	125.00
0.362040	124.00
0.362060	124.00
0.362080	125.00
0.362100	126.00
0.362120	127.00
0.362140	126.00
0.362160	125.00
0.362180	124.00
0.362200	125.00
0.362220	126.00
0.362240	126.00
0.362260	126.00
0.362280	126.00
0.362300	125.00
0.362320	126.00
0.362340	126.00
0.362360	126.00
0.362380	126.00
0.362400	126.00
0.362420	126.00
0.362440	127.00
0.362460	127.00
0.362480	127.00
0.362500	126.00
0.362520	126.00
0.362540	126.00
0.362560	126.00
0.362580	126.00
0.362600	125.00
0.362620	125.00
0.362640	124.00
0.362660	124.00
0.362680	125.00
0.362700	125.00
0.362720	125.00
0.362740	125.00
0.362760	124.00
0.362780	124.00
0.362800	124.00
0.362820	125.00
0.362840	126.00
0.362860	127.00
0.362880	127.00
0.362900	126.00
0.362920	125.00
0.362940	124.00
0.362960	123.00
0.362980	124.00
0.363000	125.00
0.363020	126.00
0.363040	127.00
0.363060	127.00
0.363080	127.00
0.363100	126.00
0.363120	126.00
0.363140	126.00
0.363160	126.00
0.363180	126.00
0.363200	125.00
0.363220	124.00
0.363240	125.00
0.363260	126.00
0.363280	126.00
0.363300	127.00
0.363320	126.00
0.363340	126.00
0.363360	125.00
0.363380	126.00
0.363400	126.00
0.363420	126.00
0.363440	125.00
0.363460	124.00
0.363480	123.00
0.363500	123.00
0.363520	124.00
0.363540	124.00
0.363560	125.00
0.363580	125.00
0.363600	125.00
0.363620	124.00
0.363640	125.00
0.363660	125.00
0.363680	125.00
0.363700	125.00
0.363720	124.00
0.363740	124.00
0.363760	124.00
0.363780	124.00
0.363800	124.00
0.363820	125.00
0.363840	126.00
0.363860	126.00
0.363880	127.00
0.363900	126.00
0.363920	126.00
0.363940	125.00
0.363960	125.00
0.363980	126.00
0.364000	126.00
0.364020	126.00
0.364040	126.00
0.364060	126.00
0.364080	126.00
0.364100	126.00
0.364120	126.00
0.364140	126.00
0.364160	126.00
0.364180	126.00
0.364200	126.00
0.364220	125.00
0.364240	125.00
0.364260	125.00
0.364280	125.00
0.364300	125.00
0.364320	126.00
0.364340	127.00
0.364360	126.00
0.364380	126.00
0.364400	126.00
0.364420	126.00
0.364440	126.00
0.364460	126.00
0.364480	125.00
0.364500	123.00
0.364520	123.00
0.364540	123.00
0.364560	124.00
0.364580	125.00
0.364600	124.00
0.364620	124.00
0.364640	124.00
0.364660	125.00
0.364680	126.00
0.364700	126.00
0.364720	126.00
0.364740	127.00
0.364760	127.00
0.364780	127.00
0.364800	127.00
0.364820	127.00
0.364840	126.00
0.364860	126.00
0.364880	126.00
0.364900	126.00
0.364920	126.00
0.364940	126.00
0.364960	125.00
0.364980	125.00
0.365000	125.00
0.365020	125.00
0.365040	124.00
0.365060	125.00
0.365080	126.00
0.365100	127.00
0.365120	127.00
0.365140	127.00
0.365160	126.00
0.365180	125.00
0.365200	125.00
0.365220	126.00
0.365240	126.00
0.365260	126.00
0.365280	126.00
0.365300	125.00
0.365320	125.00
0.365340	125.00
0.365360	124.00
0.365380	124.00
0.365400	124.00
0.365420	124.00
0.365440	125.00
0.365460	125.00
0.365480	125.00
0.365500	124.00
0.365520	123.00
0.365540	122.00
0.365560	122.00
0.365580	122.00
0.365600	122.00
0.365620	122.00
0.365640	122.00
0.365660	123.00
0.365680	124.00
0.365700	125.00
0.365720	126.00
0.365740	127.00
0.365760	127.00
0.365780	127.00
0.365800	127.00
0.365820	127.00
0.365840	127.00
0.365860	126.00
0.365880	127.00
0.365900	127.00
0.365920	126.00
0.365940	126.00
0.365960	125.00
0.365980	126.00
0.366000	126.00
0.366020	126.00
0.366040	126.00
0.366060	125.00
0.366080	125.00
0.366100	125.00
0.366120	126.00
0.366140	127.00
0.366160	127.00
0.366180	127.00
0.366200	126.00
0.366220	126.00
0.366240	126.00
0.366260	127.00
0.366280	126.00
0.366300	125.00
0.366320	124.00
0.366340	124.00
0.366360	124.00
0.366380	125.00
0.366400	125.00
0.366420	124.00
0.366440	124.00
0.366460	124.00
0.366480	125.00
0.366500	125.00
0.366520	124.00
0.366540	123.00
0.366560	123.00
0.366580	124.00
0.366600	124.00
0.366620	125.00
0.366640	125.00
0.366660	125.00
0.366680	126.00
0.366700	127.00
0.366720	127.00
0.366740	127.00
0.366760	126.00
0.366780	126.00
0.366800	126.00
0.366820	126.00
0.366840	127.00
0.366860	127.00
0.366880	127.00
0.366900	126.00
0.366920	127.00
0.366940	127.00
0.366960	127.00
0.366980	126.00
0.367000	126.00
0.367020	125.00
0.367040	125.00
0.367060	125.00
0.367080	126.00
0.367100	126.00
0.367120	126.00
0.367140	126.00
0.367160	126.00
0.367180	125.00
0.367200	126.00
0.367220	126.00
0.367240	126.00
0.367260	126.00
0.367280	125.00
0.367300	125.00
0.367320	124.00
0.367340	124.00
0.367360	125.00
0.367380	126.00
0.367400	126.00
0.367420	125.00
0.367440	124.00
0.367460	124.00
0.367480	125.00
0.367500	125.00
0.367520	125.00
0.367540	125.00
0.367560	125.00
0.367580	126.00
0.367600	126.00
0.367620	127.00
0.367640	126.00
0.367660	125.00
0.367680	125.00
0.367700	125.00
0.367720	126.00
0.367740	127.00
0.367760	126.00
0.367780	125.00
0.367800	124.00
0.367820	124.00
0.367840	124.00
0.367860	125.00
0.367880	126.00
0.367900	127.00
0.367920	127.00
0.367940	127.00
0.367960	128.00
0.367980	129.00
0.368000	129.00
0.368020	128.00
0.368040	127.00
0.368060	126.00
0.368080	126.00
0.368100	127.00
0.368120	126.00
0.368140	126.00
0.368160	125.00
0.368180	125.00
0.368200	125.00
0.368220	125.00
0.368240	125.00
0.368260	126.00
0.368280	126.00
0.368300	126.00
0.368320	126.00
0.368340	125.00
0.368360	124.00
0.368380	124.00
0.368400	124.00
0.368420	124.00
0.368440	124.00
0.368460	123.00
0.368480	124.00
0.368500	124.00
0.368520	124.00
0.368540	124.00
0.368560	124.00
0.368580	125.00
0.368600	127.00
0.368620	127.00
0.368640	127.00
0.368660	126.00
0.368680	125.00
0.368700	124.00
0.368720	124.00
0.368740	124.00
0.368760	124.00
0.368780	124.00
0.368800	123.00
0.368820	123.00
0.368840	124.00
0.368860	124.00
0.368880	125.00
0.368900	125.00
0.368920	125.00
0.368940	125.00
0.368960	126.00
0.368980	126.00
0.369000	126.00
0.369020	126.00
0.369040	126.00
0.369060	126.00
0.369080	126.00
0.369100	126.00
0.369120	126.00
0.369140	125.00
0.369160	124.00
0.369180	124.00
0.369200	124.00
0.369220	125.00
0.369240	125.00
0.369260	124.00
0.369280	123.00
0.369300	123.00
0.369320	123.00
0.369340	124.00
0.369360	125.00
0.369380	125.00
0.369400	125.00
0.369420	125.00
0.369440	126.00
0.369460	126.00
0.369480	126.00
0.369500	126.00
0.369520	125.00
0.369540	124.00
0.369560	124.00
0.369580	124.00
0.369600	125.00
0.369620	126.00
0.369640	127.00
0.369660	126.00
0.369680	126.00
0.369700	125.00
0.369720	125.00
0.369740	125.00
0.369760	124.00
0.369780	125.00
0.369800	126.00
0.369820	126.00
0.369840	126.00
0.369860	127.00
0.369880	127.00
0.369900	127.00
0.369920	127.00
0.369940	127.00
0.369960	126.00
0.369980	125.00
0.370000	126.00
0.370020	127.00
0.370040	127.00
0.370060	127.00
0.370080	125.00
0.370100	124.00
0.370120	124.00
0.370140	123.00
0.370160	123.00
0.370180	123.00
0.370200	123.00
0.370220	123.00
0.370240	124.00
0.370260	125.00
0.370280	125.00
0.370300	125.00
0.370320	124.00
0.370340	123.00
0.370360	123.00
0.370380	123.00
0.370400	124.00
0.370420	125.00
0.370440	125.00
0.370460	124.00
0.370480	124.00
0.370500	124.00
0.370520	125.00
0.370540	126.00
0.370560	126.00
0.370580	126.00
0.370600	127.00
0.370620	128.00
0.370640	128.00
0.370660	127.00
0.370680	125.00
0.370700	125.00
0.370720	125.00
0.370740	125.00
0.370760	126.00
0.370780	126.00
0.370800	126.00
0.370820	126.00
0.370840	127.00
0.370860	126.00
0.370880	125.00
0.370900	124.00
0.370920	125.00
0.370940	127.00
0.370960	129.00
0.370980	129.00
0.371000	128.00
0.371020	126.00
0.371040	125.00
0.371060	124.00
0.371080	125.00
0.371100	126.00
0.371120	126.00
0.371140	125.00
0.371160	125.00
0.371180	125.00
0.371200	126.00
0.371220	127.00
0.371240	127.00
0.371260	127.00
0.371280	126.00
0.371300	125.00
0.371320	125.00
0.371340	124.00
0.371360	124.00
0.371380	123.00
0.371400	123.00
0.371420	124.00
0.371440	125.00
0.371460	125.00
0.371480	125.00
0.371500	125.00
0.371520	125.00
0.371540	126.00
0.371560	127.00
0.371580	128.00
0.371600	128.00
0.371620	127.00
0.371640	126.00
0.371660	126.00
0.371680	126.00
0.371700	126.00
0.371720	126.00
0.371740	126.00
0.371760	126.00
0.371780	126.00
0.371800	125.00
0.371820	125.00
0.371840	125.00
0.371860	126.00
0.371880	126.00
0.371900	126.00
0.371920	126.00
0.371940	126.00
0.371960	125.00
0.371980	125.00
0.372000	125.00
0.372020	125.00
0.372040	125.00
0.372060	125.00
0.372080	125.00
0.372100	125.00
0.372120	125.00
0.372140	125.00
0.372160	125.00
0.372180	125.00
0.372200	126.00
0.372220	127.00
0.372240	128.00
0.372260	128.00
0.372280	127.00
0.372300	126.00
0.372320	125.00
0.372340	125.00
0.372360	125.00
0.372380	124.00
0.372400	123.00
0.372420	123.00
0.372440	124.00
0.372460	124.00
0.372480	125.00
0.372500	125.00
0.372520	125.00
0.372540	125.00
0.372560	125.00
0.372580	125.00
0.372600	124.00
0.372620	123.00
0.372640	123.00
0.372660	124.00
0.372680	124.00
0.372700	124.00
0.372720	125.00
0.372740	126.00
0.372760	128.00
0.372780	129.00
0.372800	128.00
0.372820	127.00
0.372840	125.00
0.372860	125.00
0.372880	126.00
0.372900	126.00
0.372920	125.00
0.372940	124.00
0.372960	123.00
0.372980	123.00
0.373000	124.00
0.373020	124.00
0.373040	124.00
0.373060	124.00
0.373080	124.00
0.373100	124.00
0.373120	124.00
0.373140	125.00
0.373160	125.00
0.373180	126.00
0.373200	126.00
0.373220	126.00
0.373240	126.00
0.373260	125.00
0.373280	125.00
0.373300	125.00
0.373320	124.00
0.373340	124.00
0.373360	125.00
0.373380	126.00
0.373400	126.00
0.373420	127.00
0.373440	126.00
0.373460	125.00
0.373480	125.00
0.373500	125.00
0.373520	125.00
0.373540	125.00
0.373560	125.00
0.373580	126.00
0.373600	127.00
0.373620	127.00
0.373640	128.00
0.373660	128.00
0.373680	127.00
0.373700	127.00
0.373720	127.00
0.373740	127.00
0.373760	127.00
0.373780	126.00
0.373800	126.00
0.373820	126.00
0.373840	127.00
0.373860	127.00
0.373880	128.00
0.373900	127.00
0.373920	127.00
0.373940	126.00
0.373960	127.00
0.373980	127.00
0.374000	126.00
0.374020	125.00
0.374040	123.00
0.374060	123.00
0.374080	123.00
0.374100	123.00
0.374120	123.00
0.374140	123.00
0.374160	124.00
0.374180	124.00
0.374200	123.00
0.374220	123.00
0.374240	122.00
0.374260	123.00
0.374280	125.00
0.374300	126.00
0.374320	126.00
0.374340	125.00
0.374360	125.00
0.374380	124.00
0.374400	125.00
0.374420	125.00
0.374440	125.00
0.374460	126.00
0.374480	126.00
0.374500	126.00
0.374520	125.00
0.374540	124.00
0.374560	124.00
0.374580	124.00
0.374600	125.00
0.374620	125.00
0.374640	125.00
0.374660	124.00
0.374680	124.00
0.374700	126.00
0.374720	127.00
0.374740	127.00
0.374760	126.00
0.374780	126.00
0.374800	127.00
0.374820	127.00
0.374840	127.00
0.374860	125.00
0.374880	125.00
0.374900	125.00
0.374920	126.00
0.374940	126.00
0.374960	125.00
0.374980	124.00
0.375000	124.00
0.375020	125.00
0.375040	126.00
0.375060	125.00
0.375080	124.00
0.375100	123.00
0.375120	123.00
0.375140	124.00
0.375160	125.00
0.375180	126.00
0.375200	126.00
0.375220	126.00
0.375240	126.00
0.375260	126.00
0.375280	125.00
0.375300	124.00
0.375320	125.00
0.375340	125.00
0.375360	125.00
0.375380	126.00
0.375400	126.00
0.375420	128.00
0.375440	128.00
0.375460	127.00
0.375480	126.00
0.375500	124.00
0.375520	124.00
0.375540	125.00
0.375560	125.00
0.375580	124.00
0.375600	123.00
0.375620	123.00
0.375640	124.00
0.375660	125.00
0.375680	126.00
0.375700	126.00
0.375720	126.00
0.375740	127.00
0.375760	127.00
0.375780	127.00
0.375800	127.00
0.375820	127.00
0.375840	127.00
0.375860	127.00
0.375880	127.00
0.375900	127.00
0.375920	127.00
0.375940	126.00
0.375960	126.00
0.375980	125.00
0.376000	125.00
0.376020	125.00
0.376040	125.00
0.376060	125.00
0.376080	124.00
0.376100	124.00
0.376120	124.00
0.376140	125.00
0.376160	125.00
0.376180	124.00
0.376200	123.00
0.376220	124.00
0.376240	125.00
0.376260	126.00
0.376280	127.00
0.376300	126.00
0.376320	125.00
0.376340	125.00
0.376360	124.00
0.376380	124.00
0.376400	124.00
0.376420	125.00
0.376440	125.00
0.376460	126.00
0.376480	125.00
0.376500	125.00
0.376520	124.00
0.376540	125.00
0.376560	127.00
0.376580	127.00
0.376600	127.00
0.376620	126.00
0.376640	125.00
0.376660	125.00
0.376680	125.00
0.376700	125.00
0.376720	125.00
0.376740	125.00
0.376760	125.00
0.376780	126.00
0.376800	126.00
0.376820	126.00
0.376840	126.00
0.376860	126.00
0.376880	125.00
0.376900	125.00
0.376920	125.00
0.376940	125.00
0.376960	125.00
0.376980	124.00
0.377000	124.00
0.377020	124.00
0.377040	124.00
0.377060	124.00
0.377080	125.00
0.377100	125.00
0.377120	125.00
0.377140	125.00
0.377160	125.00
0.377180	125.00
0.377200	125.00
0.377220	125.00
0.377240	124.00
0.377260	124.00
0.377280	124.00
0.377300	124.00
0.377320	125.00
0.377340	126.00
0.377360	126.00
0.377380	126.00
0.377400	125.00
0.377420	125.00
0.377440	125.00
0.377460	125.00
0.377480	125.00
0.377500	125.00
0.377520	125.00
0.377540	124.00
0.377560	124.00
0.377580	124.00
0.377600	125.00
0.377620	126.00
0.377640	127.00
0.377660	127.00
0.377680	127.00
0.377700	127.00
0.377720	126.00
0.377740	125.00
0.377760	125.00
0.377780	124.00
0.377800	124.00
0.377820	124.00
0.377840	125.00
0.377860	126.00
0.377880	126.00
0.377900	125.00
0.377920	124.00
0.377940	124.00
0.377960	125.00
0.377980	125.00
0.378000	125.00
0.378020	124.00
0.378040	124.00
0.378060	124.00
0.378080	125.00
0.378100	126.00
0.378120	126.00
0.378140	125.00
0.378160	125.00
0.378180	125.00
0.378200	125.00
0.378220	125.00
0.378240	125.00
0.378260	126.00
0.378280	126.00
0.378300	127.00
0.378320	127.00
0.378340	127.00
0.378360	126.00
0.378380	126.00
0.378400	126.00
0.378420	126.00
0.378440	126.00
0.378460	126.00
0.378480	125.00
0.378500	126.00
0.378520	126.00
0.378540	126.00
0.378560	126.00
0.378580	126.00
0.378600	126.00
0.378620	126.00
0.378640	126.00
0.378660	127.00
0.378680	127.00
0.378700	126.00
0.378720	125.00
0.378740	124.00
0.378760	123.00
0.378780	123.00
0.378800	123.00
0.378820	124.00
0.378840	125.00
0.378860	125.00
0.378880	126.00
0.378900	126.00
0.378920	126.00
0.378940	126.00
0.378960	125.00
0.378980	125.00
0.379000	124.00
0.379020	124.00
0.379040	124.00
0.379060	124.00
0.379080	124.00
0.379100	124.00
0.379120	123.00
0.379140	123.00
0.379160	124.00
0.379180	124.00
0.379200	125.00
0.379220	126.00
0.379240	126.00
0.379260	127.00
0.379280	127.00
0.379300	127.00
0.379320	126.00
0.379340	125.00
0.379360	125.00
0.379380	125.00
0.379400	125.00
0.379420	125.00
0.379440	124.00
0.379460	124.00
0.379480	124.00
0.379500	125.00
0.379520	126.00
0.379540	126.00
0.379560	126.00
0.379580	126.00
0.379600	126.00
0.379620	126.00
0.379640	126.00
0.379660	125.00
0.379680	125.00
0.379700	125.00
0.379720	125.00
0.379740	126.00
0.379760	128.00
0.379780	128.00
0.379800	127.00
0.379820	126.00
0.379840	125.00
0.379860	124.00
0.379880	124.00
0.379900	124.00
0.379920	124.00
0.379940	124.00
0.379960	124.00
0.379980	124.00
0.380000	124.00
0.380020	124.00
0.380040	124.00
0.380060	124.00
0.380080	124.00
0.380100	124.00
0.380120	124.00
0.380140	125.00
0.380160	125.00
0.380180	126.00
0.380200	126.00
0.380220	126.00
0.380240	125.00
0.380260	125.00
0.380280	124.00
0.380300	124.00
0.380320	123.00
0.380340	124.00
0.380360	125.00
0.380380	127.00
0.380400	127.00
0.380420	127.00
0.380440	126.00
0.380460	126.00
0.380480	127.00
0.380500	127.00
0.380520	127.00
0.380540	126.00
0.380560	125.00
0.380580	125.00
0.380600	125.00
0.380620	125.00
0.380640	125.00
0.380660	126.00
0.380680	126.00
0.380700	126.00
0.380720	126.00
0.380740	126.00
0.380760	125.00
0.380780	125.00
0.380800	124.00
0.380820	124.00
0.380840	124.00
0.380860	124.00
0.380880	123.00
0.380900	123.00
0.380920	123.00
0.380940	124.00
0.380960	124.00
0.380980	125.00
0.381000	126.00
0.381020	126.00
0.381040	125.00
0.381060	126.00
0.381080	126.00
0.381100	127.00
0.381120	127.00
0.381140	127.00
0.381160	126.00
0.381180	127.00
0.381200	127.00
0.381220	126.00
0.381240	126.00
0.381260	125.00
0.381280	125.00
0.381300	125.00
0.381320	125.00
0.381340	125.00
0.381360	125.00
0.381380	125.00
0.381400	126.00
0.381420	126.00
0.381440	126.00
0.381460	125.00
0.381480	125.00
0.381500	125.00
0.381520	126.00
0.381540	126.00
0.381560	126.00
0.381580	126.00
0.381600	126.00
0.381620	125.00
0.381640	125.00
0.381660	125.00
0.381680	126.00
0.381700	126.00
0.381720	125.00
0.381740	125.00
0.381760	124.00
0.381780	124.00
0.381800	124.00
0.381820	125.00
0.381840	124.00
0.381860	124.00
0.381880	124.00
0.381900	124.00
0.381920	124.00
0.381940	124.00
0.381960	124.00
0.381980	125.00
0.382000	125.00
0.382020	126.00
0.382040	126.00
0.382060	126.00
0.382080	125.00
0.382100	125.00
0.382120	125.00
0.382140	125.00
0.382160	126.00
0.382180	126.00
0.382200	126.00
0.382220	126.00
0.382240	126.00
0.382260	126.00
0.382280	125.00
0.382300	124.00
0.382320	124.00
0.382340	125.00
0.382360	125.00
0.382380	126.00
0.382400	126.00
0.382420	126.00
0.382440	125.00
0.382460	125.00
0.382480	125.00
0.382500	126.00
0.382520	126.00
0.382540	126.00
0.382560	125.00
0.382580	125.00
0.382600	125.00
0.382620	125.00
0.382640	125.00
0.382660	126.00
0.382680	126.00
0.382700	126.00
0.382720	125.00
0.382740	124.00
0.382760	124.00
0.382780	125.00
0.382800	125.00
0.382820	125.00
0.382840	124.00
0.382860	124.00
0.382880	124.00
0.382900	125.00
0.382920	125.00
0.382940	126.00
0.382960	125.00
0.382980	125.00
0.383000	125.00
0.383020	126.00
0.383040	125.00
0.383060	125.00
0.383080	125.00
0.383100	124.00
0.383120	125.00
0.383140	125.00
0.383160	125.00
0.383180	126.00
0.383200	126.00
0.383220	126.00
0.383240	126.00
0.383260	125.00
0.383280	125.00
0.383300	125.00
0.383320	126.00
0.383340	125.00
0.383360	125.00
0.383380	125.00
0.383400	125.00
0.383420	126.00
0.383440	126.00
0.383460	126.00
0.383480	126.00
0.383500	126.00
0.383520	126.00
0.383540	126.00
0.383560	126.00
0.383580	126.00
0.383600	126.00
0.383620	126.00
0.383640	126.00
0.383660	126.00
0.383680	126.00
0.383700	126.00
0.383720	126.00
0.383740	125.00
0.383760	126.00
0.383780	126.00
