0.303800	101.00
0.303820	51.00
0.303840	103.00
0.303860	142.00
0.303880	145.00
0.303900	126.00
0.303920	113.00
0.303940	119.00
0.303960	132.00
0.303980	134.00
0.304000	126.00
0.304020	119.00
0.304040	122.00
0.304060	129.00
0.304080	131.00
0.304100	126.00
0.304120	121.00
0.304140	123.00
0.304160	128.00
0.304180	128.00
0.304200	123.00
0.304220	120.00
0.304240	122.00
0.304260	127.00
0.304280	127.00
0.304300	123.00
0.304320	120.00
0.304340	123.00
0.304360	128.00
0.304380	130.00
0.304400	127.00
0.304420	124.00
0.304440	124.00
0.304460	127.00
0.304480	127.00
0.304500	124.00
0.304520	122.00
0.304540	123.00
0.304560	126.00
0.304580	127.00
0.304600	125.00
0.304620	123.00
0.304640	124.00
0.304660	127.00
0.304680	127.00
0.304700	126.00
0.304720	124.00
0.304740	125.00
0.304760	127.00
0.304780	128.00
0.304800	126.00
0.304820	124.00
0.304840	125.00
0.304860	127.00
0.304880	128.00
0.304900	127.00
0.304920	125.00
0.304940	125.00
0.304960	126.00
0.304980	127.00
0.305000	125.00
0.305020	123.00
0.305040	123.00
0.305060	125.00
0.305080	126.00
0.305100	125.00
0.305120	124.00
0.305140	124.00
0.305160	125.00
0.305180	124.00
0.305200	124.00
0.305220	124.00
0.305240	125.00
0.305260	127.00
0.305280	127.00
0.305300	125.00
0.305320	124.00
0.305340	124.00
0.305360	126.00
0.305380	126.00
0.305400	125.00
0.305420	124.00
0.305440	125.00
0.305460	127.00
0.305480	127.00
0.305500	126.00
0.305520	124.00
0.305540	124.00
0.305560	125.00
0.305580	125.00
0.305600	125.00
0.305620	124.00
0.305640	125.00
0.305660	127.00
0.305680	127.00
0.305700	127.00
0.305720	126.00
0.305740	127.00
0.305760	127.00
0.305780	127.00
0.305800	125.00
0.305820	124.00
0.305840	124.00
0.305860	126.00
0.305880	126.00
0.305900	125.00
0.305920	124.00
0.305940	124.00
0.305960	125.00
0.305980	126.00
0.306000	125.00
0.306020	124.00
0.306040	124.00
0.306060	126.00
0.306080	126.00
0.306100	126.00
0.306120	124.00
0.306140	125.00
0.306160	126.00
0.306180	127.00
0.306200	126.00
0.306220	125.00
0.306240	124.00
0.306260	125.00
0.306280	126.00
0.306300	126.00
0.306320	125.00
0.306340	126.00
0.306360	127.00
0.306380	128.00
0.306400	128.00
0.306420	127.00
0.306440	126.00
0.306460	125.00
0.306480	124.00
0.306500	123.00
0.306520	123.00
0.306540	124.00
0.306560	125.00
0.306580	126.00
0.306600	125.00
0.306620	124.00
0.306640	124.00
0.306660	125.00
0.306680	127.00
0.306700	127.00
0.306720	127.00
0.306740	127.00
0.306760	127.00
0.306780	127.00
0.306800	127.00
0.306820	125.00
0.306840	125.00
0.306860	126.00
0.306880	127.00
0.306900	127.00
0.306920	126.00
0.306940	125.00
0.306960	125.00
0.306980	126.00
0.307000	125.00
0.307020	124.00
0.307040	124.00
0.307060	124.00
0.307080	124.00
0.307100	125.00
0.307120	125.00
0.307140	126.00
0.307160	126.00
0.307180	126.00
0.307200	125.00
0.307220	124.00
0.307240	124.00
0.307260	125.00
0.307280	125.00
0.307300	126.00
0.307320	126.00
0.307340	126.00
0.307360	125.00
0.307380	125.00
0.307400	124.00
0.307420	124.00
0.307440	125.00
0.307460	127.00
0.307480	128.00
0.307500	128.00
0.307520	127.00
0.307540	127.00
0.307560	127.00
0.307580	126.00
0.307600	126.00
0.307620	125.00
0.307640	125.00
0.307660	126.00
0.307680	127.00
0.307700	127.00
0.307720	127.00
0.307740	126.00
0.307760	125.00
0.307780	125.00
0.307800	126.00
0.307820	126.00
0.307840	126.00
0.307860	125.00
0.307880	125.00
0.307900	125.00
0.307920	125.00
0.307940	125.00
0.307960	125.00
0.307980	125.00
0.308000	124.00
0.308020	124.00
0.308040	123.00
0.308060	124.00
0.308080	124.00
0.308100	125.00
0.308120	125.00
0.308140	125.00
0.308160	125.00
0.308180	125.00
0.308200	124.00
0.308220	124.00
0.308240	125.00
0.308260	127.00
0.308280	127.00
0.308300	126.00
0.308320	126.00
0.308340	127.00
0.308360	128.00
0.308380	128.00
0.308400	127.00
0.308420	126.00
0.308440	126.00
0.308460	127.00
0.308480	128.00
0.308500	127.00
0.308520	126.00
0.308540	125.00
0.308560	125.00
0.308580	126.00
0.308600	126.00
0.308620	126.00
0.308640	125.00
0.308660	125.00
0.308680	126.00
0.308700	126.00
0.308720	126.00
0.308740	127.00
0.308760	127.00
0.308780	127.00
0.308800	126.00
0.308820	126.00
0.308840	125.00
0.308860	125.00
0.308880	125.00
0.308900	125.00
0.308920	124.00
0.308940	124.00
0.308960	124.00
0.308980	125.00
0.309000	125.00
0.309020	125.00
0.309040	125.00
0.309060	126.00
0.309080	125.00
0.309100	124.00
0.309120	124.00
0.309140	125.00
0.309160	126.00
0.309180	126.00
0.309200	126.00
0.309220	125.00
0.309240	125.00
0.309260	125.00
0.309280	126.00
0.309300	126.00
0.309320	125.00
0.309340	124.00
0.309360	124.00
0.309380	125.00
0.309400	125.00
0.309420	125.00
0.309440	125.00
0.309460	126.00
0.309480	126.00
0.309500	126.00
0.309520	125.00
0.309540	124.00
0.309560	124.00
0.309580	124.00
0.309600	125.00
0.309620	125.00
0.309640	125.00
0.309660	127.00
0.309680	127.00
0.309700	127.00
0.309720	127.00
0.309740	126.00
0.309760	126.00
0.309780	127.00
0.309800	127.00
0.309820	126.00
0.309840	126.00
0.309860	126.00
0.309880	126.00
0.309900	126.00
0.309920	126.00
0.309940	125.00
0.309960	125.00
0.309980	125.00
0.310000	124.00
0.310020	124.00
0.310040	123.00
0.310060	123.00
0.310080	124.00
0.310100	124.00
0.310120	124.00
0.310140	124.00
0.310160	125.00
0.310180	125.00
0.310200	126.00
0.310220	125.00
0.310240	125.00
0.310260	125.00
0.310280	125.00
0.310300	125.00
0.310320	125.00
0.310340	125.00
0.310360	126.00
0.310380	126.00
0.310400	127.00
0.310420	126.00
0.310440	126.00
0.310460	126.00
0.310480	126.00
0.310500	125.00
0.310520	124.00
0.310540	123.00
0.310560	124.00
0.310580	125.00
0.310600	126.00
0.310620	126.00
0.310640	126.00
0.310660	127.00
0.310680	127.00
0.310700	126.00
0.310720	126.00
0.310740	126.00
0.310760	126.00
0.310780	126.00
0.310800	125.00
0.310820	124.00
0.310840	123.00
0.310860	124.00
0.310880	125.00
0.310900	126.00
0.310920	127.00
0.310940	126.00
0.310960	126.00
0.310980	126.00
0.311000	126.00
0.311020	125.00
0.311040	124.00
0.311060	124.00
0.311080	124.00
0.311100	124.00
0.311120	125.00
0.311140	125.00
0.311160	125.00
0.311180	125.00
0.311200	126.00
0.311220	126.00
0.311240	126.00
0.311260	126.00
0.311280	125.00
0.311300	124.00
0.311320	124.00
0.311340	124.00
0.311360	124.00
0.311380	125.00
0.311400	126.00
0.311420	127.00
0.311440	127.00
0.311460	128.00
0.311480	127.00
0.311500	127.00
0.311520	127.00
0.311540	126.00
0.311560	126.00
0.311580	125.00
0.311600	124.00
0.311620	124.00
0.311640	125.00
0.311660	126.00
0.311680	125.00
0.311700	124.00
0.311720	124.00
0.311740	124.00
0.311760	125.00
0.311780	126.00
0.311800	125.00
0.311820	124.00
0.311840	124.00
0.311860	125.00
0.311880	126.00
0.311900	126.00
0.311920	126.00
0.311940	126.00
0.311960	126.00
0.311980	126.00
0.312000	125.00
0.312020	125.00
0.312040	124.00
0.312060	125.00
0.312080	126.00
0.312100	126.00
0.312120	125.00
0.312140	124.00
0.312160	124.00
0.312180	124.00
0.312200	125.00
0.312220	125.00
0.312240	125.00
0.312260	125.00
0.312280	125.00
0.312300	125.00
0.312320	125.00
0.312340	125.00
0.312360	126.00
0.312380	126.00
0.312400	127.00
0.312420	127.00
0.312440	126.00
0.312460	126.00
0.312480	126.00
0.312500	126.00
0.312520	127.00
0.312540	127.00
0.312560	126.00
0.312580	125.00
0.312600	125.00
0.312620	125.00
0.312640	125.00
0.312660	126.00
0.312680	126.00
0.312700	125.00
0.312720	125.00
0.312740	124.00
0.312760	125.00
0.312780	125.00
0.312800	125.00
0.312820	125.00
0.312840	125.00
0.312860	125.00
0.312880	125.00
0.312900	125.00
0.312920	125.00
0.312940	125.00
0.312960	125.00
0.312980	125.00
0.313000	125.00
0.313020	125.00
0.313040	124.00
0.313060	123.00
0.313080	123.00
0.313100	124.00
0.313120	126.00
0.313140	126.00
0.313160	126.00
0.313180	125.00
0.313200	125.00
0.313220	125.00
0.313240	125.00
0.313260	125.00
0.313280	125.00
0.313300	125.00
0.313320	125.00
0.313340	126.00
0.313360	126.00
0.313380	126.00
0.313400	126.00
0.313420	126.00
0.313440	127.00
0.313460	127.00
0.313480	127.00
0.313500	127.00
0.313520	126.00
0.313540	126.00
0.313560	126.00
0.313580	126.00
0.313600	126.00
0.313620	126.00
0.313640	126.00
0.313660	126.00
0.313680	125.00
0.313700	125.00
0.313720	124.00
0.313740	125.00
0.313760	125.00
0.313780	125.00
0.313800	124.00
0.313820	123.00
0.313840	124.00
0.313860	124.00
0.313880	125.00
0.313900	125.00
0.313920	126.00
0.313940	127.00
0.313960	128.00
0.313980	128.00
0.314000	127.00
0.314020	126.00
0.314040	125.00
0.314060	124.00
0.314080	124.00
0.314100	123.00
0.314120	124.00
0.314140	124.00
0.314160	125.00
0.314180	126.00
0.314200	127.00
0.314220	126.00
0.314240	126.00
0.314260	125.00
0.314280	124.00
0.314300	123.00
0.314320	122.00
0.314340	122.00
0.314360	123.00
0.314380	125.00
0.314400	127.00
0.314420	128.00
0.314440	129.00
0.314460	128.00
0.314480	127.00
0.314500	124.00
0.314520	122.00
0.314540	121.00
0.314560	121.00
0.314580	122.00
0.314600	124.00
0.314620	127.00
0.314640	129.00
0.314660	130.00
0.314680	131.00
0.314700	131.00
0.314720	129.00
0.314740	126.00
0.314760	122.00
0.314780	118.00
0.314800	116.00
0.314820	117.00
0.314840	121.00
0.314860	127.00
0.314880	131.00
0.314900	134.00
0.314920	133.00
0.314940	130.00
0.314960	125.00
0.314980	119.00
0.315000	116.00
0.315020	116.00
0.315040	120.00
0.315060	126.00
0.315080	131.00
0.315100	135.00
0.315120	134.00
0.315140	131.00
0.315160	127.00
0.315180	122.00
0.315200	117.00
0.315220	115.00
0.315240	116.00
0.315260	121.00
0.315280	126.00
0.315300	131.00
0.315320	134.00
0.315340	134.00
0.315360	132.00
0.315380	129.00
0.315400	125.00
0.315420	121.00
0.315440	119.00
0.315460	117.00
0.315480	118.00
0.315500	121.00
0.315520	125.00
0.315540	129.00
0.315560	132.00
0.315580	133.00
0.315600	132.00
0.315620	130.00
0.315640	127.00
0.315660	123.00
0.315680	120.00
0.315700	119.00
0.315720	120.00
0.315740	122.00
0.315760	124.00
0.315780	125.00
0.315800	126.00
0.315820	126.00
0.315840	127.00
0.315860	127.00
0.315880	126.00
0.315900	125.00
0.315920	125.00
0.315940	124.00
0.315960	123.00
0.315980	122.00
0.316000	123.00
0.316020	124.00
0.316040	127.00
0.316060	130.00
0.316080	132.00
0.316100	133.00
0.316120	131.00
0.316140	129.00
0.316160	126.00
0.316180	123.00
0.316200	122.00
0.316220	122.00
0.316240	124.00
0.316260	126.00
0.316280	128.00
0.316300	129.00
0.316320	128.00
0.316340	127.00
0.316360	125.00
0.316380	125.00
0.316400	125.00
0.316420	125.00
0.316440	125.00
0.316460	126.00
0.316480	127.00
0.316500	128.00
0.316520	129.00
0.316540	129.00
0.316560	128.00
0.316580	126.00
0.316600	123.00
0.316620	121.00
0.316640	121.00
0.316660	122.00
0.316680	123.00
0.316700	125.00
0.316720	125.00
0.316740	126.00
0.316760	127.00
0.316780	126.00
0.316800	125.00
0.316820	124.00
0.316840	124.00
0.316860	124.00
0.316880	125.00
0.316900	125.00
0.316920	125.00
0.316940	125.00
0.316960	125.00
0.316980	126.00
0.317000	126.00
0.317020	125.00
0.317040	125.00
0.317060	124.00
0.317080	124.00
0.317100	124.00
0.317120	126.00
0.317140	127.00
0.317160	127.00
0.317180	127.00
0.317200	125.00
0.317220	124.00
0.317240	122.00
0.317260	121.00
0.317280	122.00
0.317300	124.00
0.317320	127.00
0.317340	129.00
0.317360	131.00
0.317380	132.00
0.317400	131.00
0.317420	129.00
0.317440	127.00
0.317460	124.00
0.317480	121.00
0.317500	119.00
0.317520	118.00
0.317540	120.00
0.317560	124.00
0.317580	128.00
0.317600	131.00
0.317620	133.00
0.317640	132.00
0.317660	131.00
0.317680	128.00
0.317700	125.00
0.317720	122.00
0.317740	119.00
0.317760	119.00
0.317780	119.00
0.317800	121.00
0.317820	124.00
0.317840	127.00
0.317860	129.00
0.317880	131.00
0.317900	131.00
0.317920	130.00
0.317940	128.00
0.317960	125.00
0.317980	122.00
0.318000	120.00
0.318020	119.00
0.318040	119.00
0.318060	121.00
0.318080	124.00
0.318100	127.00
0.318120	130.00
0.318140	132.00
0.318160	133.00
0.318180	132.00
0.318200	131.00
0.318220	129.00
0.318240	126.00
0.318260	123.00
0.318280	121.00
0.318300	121.00
0.318320	122.00
0.318340	124.00
0.318360	126.00
0.318380	127.00
0.318400	127.00
0.318420	127.00
0.318440	128.00
0.318460	128.00
0.318480	128.00
0.318500	126.00
0.318520	125.00
0.318540	124.00
0.318560	123.00
0.318580	121.00
0.318600	120.00
0.318620	120.00
0.318640	121.00
0.318660	124.00
0.318680	126.00
0.318700	127.00
0.318720	128.00
0.318740	127.00
0.318760	127.00
0.318780	126.00
0.318800	125.00
0.318820	123.00
0.318840	123.00
0.318860	123.00
0.318880	123.00
0.318900	124.00
0.318920	125.00
0.318940	127.00
0.318960	128.00
0.318980	128.00
0.319000	128.00
0.319020	127.00
0.319040	126.00
0.319060	126.00
0.319080	126.00
0.319100	125.00
0.319120	124.00
0.319140	123.00
0.319160	123.00
0.319180	124.00
0.319200	126.00
0.319220	126.00
0.319240	127.00
0.319260	127.00
0.319280	128.00
0.319300	127.00
0.319320	127.00
0.319340	125.00
0.319360	125.00
0.319380	124.00
0.319400	125.00
0.319420	125.00
0.319440	125.00
0.319460	125.00
0.319480	125.00
0.319500	125.00
0.319520	126.00
0.319540	125.00
0.319560	125.00
0.319580	124.00
0.319600	123.00
0.319620	124.00
0.319640	124.00
0.319660	125.00
0.319680	125.00
0.319700	124.00
0.319720	123.00
0.319740	123.00
0.319760	124.00
0.319780	124.00
0.319800	125.00
0.319820	125.00
0.319840	126.00
0.319860	127.00
0.319880	127.00
0.319900	127.00
0.319920	126.00
0.319940	125.00
0.319960	125.00
0.319980	125.00
0.320000	125.00
0.320020	125.00
0.320040	124.00
0.320060	124.00
0.320080	124.00
0.320100	124.00
0.320120	124.00
0.320140	125.00
0.320160	126.00
0.320180	126.00
0.320200	125.00
0.320220	125.00
0.320240	125.00
0.320260	125.00
0.320280	125.00
0.320300	126.00
0.320320	127.00
0.320340	127.00
0.320360	127.00
0.320380	126.00
0.320400	125.00
0.320420	124.00
0.320440	123.00
0.320460	124.00
0.320480	125.00
0.320500	125.00
0.320520	124.00
0.320540	124.00
0.320560	124.00
0.320580	125.00
0.320600	126.00
0.320620	126.00
0.320640	126.00
0.320660	126.00
0.320680	125.00
0.320700	124.00
0.320720	124.00
0.320740	125.00
0.320760	126.00
0.320780	127.00
0.320800	128.00
0.320820	127.00
0.320840	127.00
0.320860	126.00
0.320880	126.00
0.320900	125.00
0.320920	125.00
0.320940	125.00
0.320960	126.00
0.320980	127.00
0.321000	127.00
0.321020	127.00
0.321040	127.00
0.321060	126.00
0.321080	126.00
0.321100	126.00
0.321120	125.00
0.321140	125.00
0.321160	126.00
0.321180	127.00
0.321200	127.00
0.321220	126.00
0.321240	125.00
0.321260	125.00
0.321280	125.00
0.321300	127.00
0.321320	127.00
0.321340	127.00
0.321360	126.00
0.321380	126.00
0.321400	126.00
0.321420	126.00
0.321440	125.00
0.321460	124.00
0.321480	124.00
0.321500	124.00
0.321520	124.00
0.321540	125.00
0.321560	125.00
0.321580	125.00
0.321600	126.00
0.321620	126.00
0.321640	126.00
0.321660	125.00
0.321680	124.00
0.321700	124.00
0.321720	123.00
0.321740	123.00
0.321760	123.00
0.321780	124.00
0.321800	124.00
0.321820	124.00
0.321840	124.00
0.321860	124.00
0.321880	124.00
0.321900	125.00
0.321920	125.00
0.321940	125.00
0.321960	125.00
0.321980	124.00
0.322000	124.00
0.322020	125.00
0.322040	126.00
0.322060	126.00
0.322080	126.00
0.322100	126.00
0.322120	126.00
0.322140	126.00
0.322160	127.00
0.322180	127.00
0.322200	127.00
0.322220	127.00
0.322240	126.00
0.322260	126.00
0.322280	125.00
0.322300	126.00
0.322320	126.00
0.322340	127.00
0.322360	127.00
0.322380	126.00
0.322400	125.00
0.322420	125.00
0.322440	125.00
0.322460	125.00
0.322480	125.00
0.322500	125.00
0.322520	125.00
0.322540	125.00
0.322560	125.00
0.322580	125.00
0.322600	124.00
0.322620	124.00
0.322640	124.00
0.322660	124.00
0.322680	125.00
0.322700	125.00
0.322720	125.00
0.322740	126.00
0.322760	126.00
0.322780	126.00
0.322800	126.00
0.322820	125.00
0.322840	126.00
0.322860	126.00
0.322880	126.00
0.322900	125.00
0.322920	124.00
0.322940	124.00
0.322960	124.00
0.322980	125.00
0.323000	126.00
0.323020	126.00
0.323040	125.00
0.323060	124.00
0.323080	123.00
0.323100	123.00
0.323120	124.00
0.323140	125.00
0.323160	126.00
0.323180	127.00
0.323200	128.00
0.323220	128.00
0.323240	127.00
0.323260	126.00
0.323280	126.00
0.323300	126.00
0.323320	125.00
0.323340	125.00
0.323360	124.00
0.323380	122.00
0.323400	122.00
0.323420	122.00
0.323440	123.00
0.323460	125.00
0.323480	126.00
0.323500	127.00
0.323520	128.00
0.323540	128.00
0.323560	128.00
0.323580	127.00
0.323600	126.00
0.323620	126.00
0.323640	125.00
0.323660	125.00
0.323680	125.00
0.323700	125.00
0.323720	125.00
0.323740	126.00
0.323760	127.00
0.323780	128.00
0.323800	128.00
0.323820	128.00
0.323840	128.00
0.323860	127.00
0.323880	127.00
0.323900	126.00
0.323920	125.00
0.323940	124.00
0.323960	124.00
0.323980	123.00
0.324000	124.00
0.324020	126.00
0.324040	127.00
0.324060	127.00
0.324080	127.00
0.324100	126.00
0.324120	126.00
0.324140	126.00
0.324160	126.00
0.324180	126.00
0.324200	126.00
0.324220	125.00
0.324240	125.00
0.324260	125.00
0.324280	125.00
0.324300	125.00
0.324320	124.00
0.324340	124.00
0.324360	124.00
0.324380	124.00
0.324400	124.00
0.324420	124.00
0.324440	124.00
0.324460	125.00
0.324480	125.00
0.324500	125.00
0.324520	125.00
0.324540	125.00
0.324560	125.00
0.324580	125.00
0.324600	124.00
0.324620	123.00
0.324640	124.00
0.324660	124.00
0.324680	125.00
0.324700	125.00
0.324720	125.00
0.324740	126.00
0.324760	126.00
0.324780	126.00
0.324800	125.00
0.324820	125.00
0.324840	125.00
0.324860	125.00
0.324880	126.00
0.324900	126.00
0.324920	126.00
0.324940	126.00
0.324960	125.00
0.324980	124.00
0.325000	124.00
0.325020	125.00
0.325040	126.00
0.325060	128.00
0.325080	128.00
0.325100	128.00
0.325120	127.00
0.325140	125.00
0.325160	125.00
0.325180	125.00
0.325200	125.00
0.325220	125.00
0.325240	125.00
0.325260	125.00
0.325280	125.00
0.325300	125.00
0.325320	125.00
0.325340	126.00
0.325360	125.00
0.325380	125.00
0.325400	125.00
0.325420	126.00
0.325440	126.00
0.325460	126.00
0.325480	125.00
0.325500	124.00
0.325520	123.00
0.325540	123.00
0.325560	124.00
0.325580	125.00
0.325600	126.00
0.325620	126.00
0.325640	126.00
0.325660	126.00
0.325680	126.00
0.325700	125.00
0.325720	125.00
0.325740	124.00
0.325760	124.00
0.325780	125.00
0.325800	125.00
0.325820	125.00
0.325840	126.00
0.325860	126.00
0.325880	126.00
0.325900	127.00
0.325920	127.00
0.325940	126.00
0.325960	125.00
0.325980	125.00
0.326000	125.00
0.326020	126.00
0.326040	127.00
0.326060	128.00
0.326080	128.00
0.326100	128.00
0.326120	128.00
0.326140	127.00
0.326160	126.00
0.326180	125.00
0.326200	125.00
0.326220	125.00
0.326240	126.00
0.326260	126.00
0.326280	126.00
0.326300	126.00
0.326320	126.00
0.326340	126.00
0.326360	125.00
0.326380	125.00
0.326400	125.00
0.326420	125.00
0.326440	124.00
0.326460	124.00
0.326480	124.00
0.326500	125.00
0.326520	125.00
0.326540	126.00
0.326560	125.00
0.326580	125.00
0.326600	125.00
0.326620	125.00
0.326640	125.00
0.326660	125.00
0.326680	124.00
0.326700	123.00
0.326720	124.00
0.326740	125.00
0.326760	126.00
0.326780	126.00
0.326800	126.00
0.326820	126.00
0.326840	127.00
0.326860	128.00
0.326880	128.00
0.326900	128.00
0.326920	127.00
0.326940	126.00
0.326960	126.00
0.326980	127.00
0.327000	128.00
0.327020	128.00
0.327040	127.00
0.327060	126.00
0.327080	124.00
0.327100	123.00
0.327120	123.00
0.327140	123.00
0.327160	124.00
0.327180	124.00
0.327200	125.00
0.327220	125.00
0.327240	125.00
0.327260	125.00
0.327280	125.00
0.327300	125.00
0.327320	126.00
0.327340	125.00
0.327360	125.00
0.327380	124.00
0.327400	124.00
0.327420	125.00
0.327440	125.00
0.327460	125.00
0.327480	124.00
0.327500	124.00
0.327520	125.00
0.327540	126.00
0.327560	126.00
0.327580	125.00
0.327600	124.00
0.327620	124.00
0.327640	124.00
0.327660	125.00
0.327680	124.00
0.327700	123.00
0.327720	123.00
0.327740	123.00
0.327760	125.00
0.327780	126.00
0.327800	126.00
0.327820	126.00
0.327840	127.00
0.327860	127.00
0.327880	127.00
0.327900	127.00
0.327920	126.00
0.327940	126.00
0.327960	126.00
0.327980	127.00
0.328000	126.00
0.328020	126.00
0.328040	125.00
0.328060	125.00
0.328080	125.00
0.328100	125.00
0.328120	125.00
0.328140	126.00
0.328160	126.00
0.328180	126.00
0.328200	126.00
0.328220	126.00
0.328240	125.00
0.328260	125.00
0.328280	126.00
0.328300	126.00
0.328320	125.00
0.328340	125.00
0.328360	124.00
0.328380	123.00
0.328400	123.00
0.328420	124.00
0.328440	124.00
0.328460	125.00
0.328480	125.00
0.328500	124.00
0.328520	125.00
0.328540	126.00
0.328560	126.00
0.328580	126.00
0.328600	125.00
0.328620	124.00
0.328640	124.00
0.328660	125.00
0.328680	125.00
0.328700	126.00
0.328720	125.00
0.328740	125.00
0.328760	125.00
0.328780	125.00
0.328800	125.00
0.328820	124.00
0.328840	125.00
0.328860	125.00
0.328880	125.00
0.328900	126.00
0.328920	126.00
0.328940	126.00
0.328960	127.00
0.328980	128.00
0.329000	128.00
0.329020	127.00
0.329040	126.00
0.329060	126.00
0.329080	125.00
0.329100	125.00
0.329120	125.00
0.329140	125.00
0.329160	125.00
0.329180	125.00
0.329200	125.00
0.329220	126.00
0.329240	126.00
0.329260	126.00
0.329280	127.00
0.329300	127.00
0.329320	126.00
0.329340	125.00
0.329360	124.00
0.329380	125.00
0.329400	125.00
0.329420	125.00
0.329440	125.00
0.329460	125.00
0.329480	125.00
0.329500	125.00
0.329520	126.00
0.329540	127.00
0.329560	127.00
0.329580	126.00
0.329600	125.00
0.329620	124.00
0.329640	124.00
0.329660	125.00
0.329680	125.00
0.329700	126.00
0.329720	127.00
0.329740	127.00
0.329760	127.00
0.329780	127.00
0.329800	126.00
0.329820	125.00
0.329840	125.00
0.329860	125.00
0.329880	125.00
0.329900	125.00
0.329920	125.00
0.329940	125.00
0.329960	125.00
0.329980	125.00
0.330000	124.00
0.330020	124.00
0.330040	123.00
0.330060	123.00
0.330080	123.00
0.330100	124.00
0.330120	125.00
0.330140	126.00
0.330160	125.00
0.330180	125.00
0.330200	125.00
0.330220	125.00
0.330240	126.00
0.330260	126.00
0.330280	126.00
0.330300	125.00
0.330320	124.00
0.330340	124.00
0.330360	123.00
0.330380	124.00
0.330400	124.00
0.330420	125.00
0.330440	125.00
0.330460	126.00
0.330480	127.00
0.330500	127.00
0.330520	126.00
0.330540	126.00
0.330560	126.00
0.330580	126.00
0.330600	126.00
0.330620	126.00
0.330640	127.00
0.330660	126.00
0.330680	126.00
0.330700	125.00
0.330720	126.00
0.330740	126.00
0.330760	126.00
0.330780	126.00
0.330800	126.00
0.330820	126.00
0.330840	126.00
0.330860	126.00
0.330880	125.00
0.330900	123.00
0.330920	123.00
0.330940	124.00
0.330960	126.00
0.330980	127.00
0.331000	126.00
0.331020	125.00
0.331040	125.00
0.331060	125.00
0.331080	126.00
0.331100	126.00
0.331120	127.00
0.331140	126.00
0.331160	126.00
0.331180	125.00
0.331200	125.00
0.331220	125.00
0.331240	126.00
0.331260	127.00
0.331280	127.00
0.331300	126.00
0.331320	125.00
0.331340	125.00
0.331360	125.00
0.331380	125.00
0.331400	125.00
0.331420	125.00
0.331440	126.00
0.331460	127.00
0.331480	128.00
0.331500	128.00
0.331520	127.00
0.331540	126.00
0.331560	124.00
0.331580	124.00
0.331600	124.00
0.331620	124.00
0.331640	125.00
0.331660	125.00
0.331680	125.00
0.331700	125.00
0.331720	126.00
0.331740	126.00
0.331760	127.00
0.331780	128.00
0.331800	128.00
0.331820	127.00
0.331840	127.00
0.331860	126.00
0.331880	125.00
0.331900	124.00
0.331920	124.00
0.331940	125.00
0.331960	126.00
0.331980	126.00
0.332000	126.00
0.332020	126.00
0.332040	126.00
0.332060	127.00
0.332080	127.00
0.332100	126.00
0.332120	125.00
0.332140	124.00
0.332160	124.00
0.332180	124.00
0.332200	124.00
0.332220	124.00
0.332240	123.00
0.332260	124.00
0.332280	124.00
0.332300	125.00
0.332320	125.00
0.332340	125.00
0.332360	125.00
0.332380	125.00
0.332400	125.00
0.332420	126.00
0.332440	126.00
0.332460	127.00
0.332480	126.00
0.332500	125.00
0.332520	125.00
0.332540	125.00
0.332560	126.00
0.332580	127.00
0.332600	127.00
0.332620	127.00
0.332640	126.00
0.332660	126.00
0.332680	125.00
0.332700	124.00
0.332720	124.00
0.332740	124.00
0.332760	126.00
0.332780	127.00
0.332800	127.00
0.332820	127.00
0.332840	126.00
0.332860	126.00
0.332880	125.00
0.332900	125.00
0.332920	125.00
0.332940	125.00
0.332960	125.00
0.332980	125.00
0.333000	125.00
0.333020	124.00
0.333040	124.00
0.333060	124.00
0.333080	124.00
0.333100	125.00
0.333120	126.00
0.333140	126.00
0.333160	126.00
0.333180	125.00
0.333200	123.00
0.333220	123.00
0.333240	123.00
0.333260	124.00
0.333280	124.00
0.333300	124.00
0.333320	125.00
0.333340	125.00
0.333360	127.00
0.333380	127.00
0.333400	126.00
0.333420	126.00
0.333440	125.00
0.333460	125.00
0.333480	125.00
0.333500	124.00
0.333520	124.00
0.333540	124.00
0.333560	125.00
0.333580	126.00
0.333600	126.00
0.333620	126.00
0.333640	126.00
0.333660	126.00
0.333680	127.00
0.333700	127.00
0.333720	126.00
0.333740	126.00
0.333760	126.00
0.333780	126.00
0.333800	126.00
0.333820	125.00
0.333840	126.00
0.333860	127.00
0.333880	127.00
0.333900	127.00
0.333920	126.00
0.333940	124.00
0.333960	124.00
0.333980	124.00
0.334000	125.00
0.334020	125.00
0.334040	125.00
0.334060	126.00
0.334080	126.00
0.334100	125.00
0.334120	124.00
0.334140	123.00
0.334160	123.00
0.334180	124.00
0.334200	125.00
0.334220	124.00
0.334240	124.00
0.334260	123.00
0.334280	124.00
0.334300	125.00
0.334320	126.00
0.334340	126.00
0.334360	127.00
0.334380	126.00
0.334400	125.00
0.334420	124.00
0.334440	124.00
0.334460	125.00
0.334480	126.00
0.334500	128.00
0.334520	128.00
0.334540	128.00
0.334560	127.00
0.334580	127.00
0.334600	127.00
0.334620	128.00
0.334640	127.00
0.334660	128.00
0.334680	128.00
0.334700	128.00
0.334720	127.00
0.334740	127.00
0.334760	127.00
0.334780	126.00
0.334800	126.00
0.334820	126.00
0.334840	125.00
0.334860	125.00
0.334880	125.00
0.334900	126.00
0.334920	126.00
0.334940	125.00
0.334960	125.00
0.334980	125.00
0.335000	124.00
0.335020	124.00
0.335040	124.00
0.335060	124.00
0.335080	125.00
0.335100	125.00
0.335120	125.00
0.335140	124.00
0.335160	124.00
0.335180	125.00
0.335200	125.00
0.335220	125.00
0.335240	124.00
0.335260	124.00
0.335280	124.00
0.335300	124.00
0.335320	125.00
0.335340	125.00
0.335360	125.00
0.335380	125.00
0.335400	125.00
0.335420	126.00
0.335440	127.00
0.335460	126.00
0.335480	125.00
0.335500	124.00
0.335520	124.00
0.335540	124.00
0.335560	124.00
0.335580	126.00
0.335600	127.00
0.335620	127.00
0.335640	127.00
0.335660	127.00
0.335680	127.00
0.335700	127.00
0.335720	127.00
0.335740	126.00
0.335760	126.00
0.335780	126.00
0.335800	126.00
0.335820	126.00
0.335840	126.00
0.335860	125.00
0.335880	125.00
0.335900	125.00
0.335920	125.00
0.335940	124.00
0.335960	123.00
0.335980	123.00
0.336000	124.00
0.336020	124.00
0.336040	125.00
0.336060	125.00
0.336080	125.00
0.336100	125.00
0.336120	124.00
0.336140	124.00
0.336160	123.00
0.336180	124.00
0.336200	125.00
0.336220	126.00
0.336240	126.00
0.336260	126.00
0.336280	126.00
0.336300	126.00
0.336320	126.00
0.336340	126.00
0.336360	125.00
0.336380	126.00
0.336400	126.00
0.336420	126.00
0.336440	125.00
0.336460	124.00
0.336480	124.00
0.336500	124.00
0.336520	125.00
0.336540	125.00
0.336560	126.00
0.336580	126.00
0.336600	126.00
0.336620	126.00
0.336640	126.00
0.336660	126.00
0.336680	127.00
0.336700	127.00
0.336720	127.00
0.336740	127.00
0.336760	126.00
0.336780	126.00
0.336800	125.00
0.336820	125.00
0.336840	125.00
0.336860	125.00
0.336880	125.00
0.336900	125.00
0.336920	125.00
0.336940	126.00
0.336960	126.00
0.336980	126.00
0.337000	126.00
0.337020	125.00
0.337040	124.00
0.337060	124.00
0.337080	123.00
0.337100	123.00
0.337120	123.00
0.337140	123.00
0.337160	124.00
0.337180	126.00
0.337200	126.00
0.337220	126.00
0.337240	125.00
0.337260	123.00
0.337280	123.00
0.337300	124.00
0.337320	125.00
0.337340	125.00
0.337360	126.00
0.337380	126.00
0.337400	127.00
0.337420	127.00
0.337440	127.00
0.337460	126.00
0.337480	126.00
0.337500	126.00
0.337520	126.00
0.337540	126.00
0.337560	127.00
0.337580	127.00
0.337600	127.00
0.337620	127.00
0.337640	127.00
0.337660	126.00
0.337680	126.00
0.337700	126.00
0.337720	125.00
0.337740	125.00
0.337760	125.00
0.337780	125.00
0.337800	126.00
0.337820	126.00
0.337840	126.00
0.337860	126.00
0.337880	125.00
0.337900	125.00
0.337920	125.00
0.337940	124.00
0.337960	124.00
0.337980	124.00
0.338000	125.00
0.338020	125.00
0.338040	125.00
0.338060	124.00
0.338080	123.00
0.338100	123.00
0.338120	123.00
0.338140	123.00
0.338160	124.00
0.338180	125.00
0.338200	126.00
0.338220	126.00
0.338240	126.00
0.338260	127.00
0.338280	127.00
0.338300	127.00
0.338320	127.00
0.338340	126.00
0.338360	125.00
0.338380	124.00
0.338400	124.00
0.338420	124.00
0.338440	124.00
0.338460	124.00
0.338480	125.00
0.338500	127.00
0.338520	129.00
0.338540	130.00
0.338560	129.00
0.338580	128.00
0.338600	127.00
0.338620	126.00
0.338640	126.00
0.338660	126.00
0.338680	126.00
0.338700	125.00
0.338720	125.00
0.338740	125.00
0.338760	125.00
0.338780	126.00
0.338800	126.00
0.338820	126.00
0.338840	125.00
0.338860	124.00
0.338880	123.00
0.338900	124.00
0.338920	125.00
0.338940	125.00
0.338960	124.00
0.338980	124.00
0.339000	124.00
0.339020	125.00
0.339040	126.00
0.339060	126.00
0.339080	126.00
0.339100	125.00
0.339120	125.00
0.339140	126.00
0.339160	126.00
0.339180	127.00
0.339200	127.00
0.339220	127.00
0.339240	126.00
0.339260	126.00
0.339280	126.00
0.339300	126.00
0.339320	127.00
0.339340	127.00
0.339360	126.00
0.339380	126.00
0.339400	125.00
0.339420	125.00
0.339440	125.00
0.339460	126.00
0.339480	126.00
0.339500	126.00
0.339520	126.00
0.339540	126.00
0.339560	126.00
0.339580	125.00
0.339600	125.00
0.339620	125.00
0.339640	125.00
0.339660	125.00
0.339680	125.00
0.339700	124.00
0.339720	124.00
0.339740	123.00
0.339760	123.00
0.339780	124.00
0.339800	124.00
0.339820	124.00
0.339840	124.00
0.339860	124.00
0.339880	124.00
0.339900	124.00
0.339920	124.00
0.339940	125.00
0.339960	125.00
0.339980	126.00
0.340000	126.00
0.340020	126.00
0.340040	126.00
0.340060	127.00
0.340080	127.00
0.340100	126.00
0.340120	125.00
0.340140	125.00
0.340160	124.00
0.340180	123.00
0.340200	123.00
0.340220	122.00
0.340240	122.00
0.340260	123.00
0.340280	124.00
0.340300	125.00
0.340320	126.00
0.340340	125.00
0.340360	125.00
0.340380	125.00
0.340400	126.00
0.340420	126.00
0.340440	125.00
0.340460	125.00
0.340480	124.00
0.340500	125.00
0.340520	125.00
0.340540	124.00
0.340560	124.00
0.340580	124.00
0.340600	125.00
0.340620	125.00
0.340640	125.00
0.340660	125.00
0.340680	125.00
0.340700	125.00
0.340720	126.00
0.340740	126.00
0.340760	126.00
0.340780	126.00
0.340800	126.00
0.340820	126.00
0.340840	125.00
0.340860	124.00
0.340880	124.00
0.340900	125.00
0.340920	126.00
0.340940	126.00
0.340960	126.00
0.340980	126.00
0.341000	126.00
0.341020	125.00
0.341040	125.00
0.341060	126.00
0.341080	126.00
0.341100	126.00
0.341120	126.00
0.341140	127.00
0.341160	127.00
0.341180	126.00
0.341200	126.00
0.341220	125.00
0.341240	125.00
0.341260	125.00
0.341280	126.00
0.341300	126.00
0.341320	126.00
0.341340	126.00
0.341360	126.00
0.341380	127.00
0.341400	127.00
0.341420	127.00
0.341440	126.00
0.341460	125.00
0.341480	125.00
0.341500	125.00
0.341520	126.00
0.341540	125.00
0.341560	124.00
0.341580	124.00
0.341600	124.00
0.341620	124.00
0.341640	125.00
0.341660	125.00
0.341680	125.00
0.341700	126.00
0.341720	126.00
0.341740	126.00
0.341760	125.00
0.341780	124.00
0.341800	124.00
0.341820	124.00
0.341840	125.00
0.341860	125.00
0.341880	126.00
0.341900	126.00
0.341920	126.00
0.341940	126.00
0.341960	125.00
0.341980	124.00
0.342000	124.00
0.342020	124.00
0.342040	124.00
0.342060	124.00
0.342080	124.00
0.342100	125.00
0.342120	125.00
0.342140	126.00
0.342160	126.00
0.342180	126.00
0.342200	126.00
0.342220	126.00
0.342240	126.00
0.342260	127.00
0.342280	127.00
0.342300	126.00
0.342320	125.00
0.342340	125.00
0.342360	125.00
0.342380	125.00
0.342400	124.00
0.342420	125.00
0.342440	125.00
0.342460	125.00
0.342480	126.00
0.342500	126.00
0.342520	127.00
0.342540	127.00
0.342560	127.00
0.342580	127.00
0.342600	127.00
0.342620	126.00
0.342640	125.00
0.342660	125.00
0.342680	125.00
0.342700	126.00
0.342720	126.00
0.342740	126.00
0.342760	125.00
0.342780	125.00
0.342800	125.00
0.342820	125.00
0.342840	126.00
0.342860	125.00
0.342880	125.00
0.342900	125.00
0.342920	124.00
0.342940	124.00
0.342960	124.00
0.342980	124.00
0.343000	125.00
0.343020	125.00
0.343040	126.00
0.343060	125.00
0.343080	125.00
0.343100	125.00
0.343120	125.00
0.343140	125.00
0.343160	125.00
0.343180	124.00
0.343200	125.00
0.343220	126.00
0.343240	128.00
0.343260	129.00
0.343280	128.00
0.343300	126.00
0.343320	124.00
0.343340	124.00
0.343360	125.00
0.343380	125.00
0.343400	125.00
0.343420	125.00
0.343440	125.00
0.343460	126.00
0.343480	127.00
0.343500	126.00
0.343520	125.00
0.343540	124.00
0.343560	124.00
0.343580	125.00
0.343600	126.00
0.343620	126.00
0.343640	126.00
0.343660	125.00
0.343680	126.00
0.343700	126.00
0.343720	126.00
0.343740	126.00
0.343760	126.00
0.343780	126.00
0.343800	126.00
0.343820	125.00
0.343840	124.00
0.343860	122.00
0.343880	122.00
0.343900	122.00
0.343920	124.00
0.343940	125.00
0.343960	125.00
0.343980	125.00
0.344000	125.00
0.344020	126.00
0.344040	126.00
0.344060	125.00
0.344080	125.00
0.344100	125.00
0.344120	125.00
0.344140	126.00
0.344160	125.00
0.344180	125.00
0.344200	124.00
0.344220	124.00
0.344240	124.00
0.344260	125.00
0.344280	125.00
0.344300	125.00
0.344320	125.00
0.344340	126.00
0.344360	126.00
0.344380	127.00
0.344400	127.00
0.344420	127.00
0.344440	126.00
0.344460	126.00
0.344480	125.00
0.344500	124.00
0.344520	124.00
0.344540	124.00
0.344560	124.00
0.344580	124.00
0.344600	125.00
0.344620	125.00
0.344640	126.00
0.344660	127.00
0.344680	127.00
0.344700	126.00
0.344720	125.00
0.344740	125.00
0.344760	126.00
0.344780	125.00
0.344800	124.00
0.344820	123.00
0.344840	123.00
0.344860	124.00
0.344880	126.00
0.344900	126.00
0.344920	126.00
0.344940	125.00
0.344960	126.00
0.344980	126.00
0.345000	127.00
0.345020	127.00
0.345040	127.00
0.345060	126.00
0.345080	125.00
0.345100	125.00
0.345120	125.00
0.345140	125.00
0.345160	125.00
0.345180	126.00
0.345200	126.00
0.345220	127.00
0.345240	127.00
0.345260	127.00
0.345280	127.00
0.345300	127.00
0.345320	126.00
0.345340	125.00
0.345360	126.00
0.345380	127.00
0.345400	128.00
0.345420	128.00
0.345440	127.00
0.345460	126.00
0.345480	126.00
0.345500	127.00
0.345520	127.00
0.345540	127.00
0.345560	126.00
0.345580	124.00
0.345600	123.00
0.345620	123.00
0.345640	122.00
0.345660	122.00
0.345680	122.00
0.345700	124.00
0.345720	126.00
0.345740	127.00
0.345760	128.00
0.345780	127.00
0.345800	125.00
0.345820	124.00
0.345840	123.00
0.345860	122.00
0.345880	122.00
0.345900	123.00
0.345920	124.00
0.345940	126.00
0.345960	128.00
0.345980	130.00
0.346000	131.00
0.346020	131.00
0.346040	130.00
0.346060	129.00
0.346080	126.00
0.346100	124.00
0.346120	122.00
0.346140	120.00
0.346160	121.00
0.346180	122.00
0.346200	124.00
0.346220	127.00
0.346240	129.00
0.346260	130.00
0.346280	130.00
0.346300	129.00
0.346320	127.00
0.346340	126.00
0.346360	124.00
0.346380	124.00
0.346400	124.00
0.346420	124.00
0.346440	124.00
0.346460	125.00
0.346480	125.00
0.346500	126.00
0.346520	126.00
0.346540	127.00
0.346560	127.00
0.346580	128.00
0.346600	128.00
0.346620	127.00
0.346640	125.00
0.346660	123.00
0.346680	120.00
0.346700	118.00
0.346720	119.00
0.346740	121.00
0.346760	124.00
0.346780	128.00
0.346800	130.00
0.346820	131.00
0.346840	131.00
0.346860	130.00
0.346880	127.00
0.346900	124.00
0.346920	121.00
0.346940	120.00
0.346960	120.00
0.346980	121.00
0.347000	123.00
0.347020	126.00
0.347040	129.00
0.347060	131.00
0.347080	132.00
0.347100	131.00
0.347120	128.00
0.347140	126.00
0.347160	124.00
0.347180	124.00
0.347200	123.00
0.347220	122.00
0.347240	122.00
0.347260	122.00
0.347280	124.00
0.347300	126.00
0.347320	128.00
0.347340	129.00
0.347360	128.00
0.347380	128.00
0.347400	127.00
0.347420	126.00
0.347440	125.00
0.347460	123.00
0.347480	122.00
0.347500	121.00
0.347520	121.00
0.347540	122.00
0.347560	123.00
0.347580	125.00
0.347600	127.00
0.347620	128.00
0.347640	128.00
0.347660	127.00
0.347680	126.00
0.347700	125.00
0.347720	123.00
0.347740	121.00
0.347760	120.00
0.347780	119.00
0.347800	121.00
0.347820	123.00
0.347840	126.00
0.347860	129.00
0.347880	130.00
0.347900	130.00
0.347920	128.00
0.347940	126.00
0.347960	124.00
0.347980	123.00
0.348000	122.00
0.348020	122.00
0.348040	122.00
0.348060	124.00
0.348080	126.00
0.348100	128.00
0.348120	129.00
0.348140	130.00
0.348160	130.00
0.348180	129.00
0.348200	128.00
0.348220	126.00
0.348240	123.00
0.348260	120.00
0.348280	119.00
0.348300	120.00
0.348320	124.00
0.348340	128.00
0.348360	130.00
0.348380	131.00
0.348400	130.00
0.348420	128.00
0.348440	126.00
0.348460	123.00
0.348480	121.00
0.348500	118.00
0.348520	118.00
0.348540	119.00
0.348560	123.00
0.348580	129.00
0.348600	133.00
0.348620	134.00
0.348640	132.00
0.348660	128.00
0.348680	124.00
0.348700	120.00
0.348720	118.00
0.348740	116.00
0.348760	116.00
0.348780	117.00
0.348800	120.00
0.348820	125.00
0.348840	130.00
0.348860	134.00
0.348880	135.00
0.348900	133.00
0.348920	130.00
0.348940	126.00
0.348960	122.00
0.348980	118.00
0.349000	116.00
0.349020	116.00
0.349040	119.00
0.349060	123.00
0.349080	128.00
0.349100	132.00
0.349120	134.00
0.349140	135.00
0.349160	133.00
0.349180	131.00
0.349200	128.00
0.349220	125.00
0.349240	123.00
0.349260	122.00
0.349280	122.00
0.349300	123.00
0.349320	125.00
0.349340	127.00
0.349360	129.00
0.349380	131.00
0.349400	131.00
0.349420	130.00
0.349440	126.00
0.349460	123.00
0.349480	120.00
0.349500	119.00
0.349520	120.00
0.349540	122.00
0.349560	124.00
0.349580	125.00
0.349600	125.00
0.349620	126.00
0.349640	127.00
0.349660	127.00
0.349680	127.00
0.349700	125.00
0.349720	123.00
0.349740	123.00
0.349760	123.00
0.349780	124.00
0.349800	125.00
0.349820	127.00
0.349840	128.00
0.349860	128.00
0.349880	128.00
0.349900	127.00
0.349920	126.00
0.349940	125.00
0.349960	124.00
0.349980	124.00
0.350000	124.00
0.350020	124.00
0.350040	124.00
0.350060	125.00
0.350080	127.00
0.350100	128.00
0.350120	128.00
0.350140	128.00
0.350160	127.00
0.350180	127.00
0.350200	126.00
0.350220	125.00
0.350240	125.00
0.350260	125.00
0.350280	126.00
0.350300	126.00
0.350320	126.00
0.350340	126.00
0.350360	125.00
0.350380	124.00
0.350400	123.00
0.350420	123.00
0.350440	123.00
0.350460	124.00
0.350480	126.00
0.350500	127.00
0.350520	128.00
0.350540	128.00
0.350560	127.00
0.350580	127.00
0.350600	126.00
0.350620	125.00
0.350640	124.00
0.350660	124.00
0.350680	124.00
0.350700	126.00
0.350720	127.00
0.350740	127.00
0.350760	126.00
0.350780	126.00
0.350800	125.00
0.350820	125.00
0.350840	125.00
0.350860	124.00
0.350880	124.00
0.350900	125.00
0.350920	126.00
0.350940	126.00
0.350960	127.00
0.350980	127.00
0.351000	127.00
0.351020	127.00
0.351040	126.00
0.351060	126.00
0.351080	126.00
0.351100	126.00
0.351120	126.00
0.351140	126.00
0.351160	126.00
0.351180	126.00
0.351200	125.00
0.351220	125.00
0.351240	124.00
0.351260	124.00
0.351280	124.00
0.351300	125.00
0.351320	126.00
0.351340	126.00
0.351360	125.00
0.351380	124.00
0.351400	124.00
0.351420	124.00
0.351440	124.00
0.351460	125.00
0.351480	125.00
0.351500	125.00
0.351520	125.00
0.351540	125.00
0.351560	125.00
0.351580	125.00
0.351600	125.00
0.351620	125.00
0.351640	125.00
0.351660	126.00
0.351680	126.00
0.351700	127.00
0.351720	127.00
0.351740	126.00
0.351760	125.00
0.351780	124.00
0.351800	124.00
0.351820	124.00
0.351840	125.00
0.351860	126.00
0.351880	126.00
0.351900	126.00
0.351920	126.00
0.351940	126.00
0.351960	126.00
0.351980	126.00
0.352000	126.00
0.352020	127.00
0.352040	127.00
0.352060	126.00
0.352080	126.00
0.352100	125.00
0.352120	125.00
0.352140	125.00
0.352160	125.00
0.352180	125.00
0.352200	126.00
0.352220	126.00
0.352240	125.00
0.352260	125.00
0.352280	125.00
0.352300	125.00
0.352320	125.00
0.352340	126.00
0.352360	126.00
0.352380	126.00
0.352400	126.00
0.352420	126.00
0.352440	125.00
0.352460	124.00
0.352480	124.00
0.352500	123.00
0.352520	124.00
0.352540	125.00
0.352560	126.00
0.352580	125.00
0.352600	124.00
0.352620	124.00
0.352640	125.00
0.352660	126.00
0.352680	127.00
0.352700	127.00
0.352720	125.00
0.352740	124.00
0.352760	124.00
0.352780	125.00
0.352800	125.00
0.352820	125.00
0.352840	125.00
0.352860	125.00
0.352880	126.00
0.352900	127.00
0.352920	127.00
0.352940	126.00
0.352960	124.00
0.352980	124.00
0.353000	124.00
0.353020	124.00
0.353040	125.00
0.353060	125.00
0.353080	126.00
0.353100	125.00
0.353120	125.00
0.353140	125.00
0.353160	125.00
0.353180	126.00
0.353200	127.00
0.353220	127.00
0.353240	127.00
0.353260	126.00
0.353280	126.00
0.353300	126.00
0.353320	126.00
0.353340	125.00
0.353360	124.00
0.353380	125.00
0.353400	126.00
0.353420	126.00
0.353440	125.00
0.353460	124.00
0.353480	123.00
0.353500	123.00
0.353520	123.00
0.353540	123.00
0.353560	123.00
0.353580	123.00
0.353600	124.00
0.353620	126.00
0.353640	127.00
0.353660	126.00
0.353680	126.00
0.353700	125.00
0.353720	125.00
0.353740	125.00
0.353760	126.00
0.353780	125.00
0.353800	125.00
0.353820	125.00
0.353840	125.00
0.353860	125.00
0.353880	125.00
0.353900	125.00
0.353920	126.00
0.353940	126.00
0.353960	126.00
0.353980	126.00
0.354000	126.00
0.354020	126.00
0.354040	127.00
0.354060	128.00
0.354080	128.00
0.354100	127.00
0.354120	126.00
0.354140	125.00
0.354160	125.00
0.354180	126.00
0.354200	126.00
0.354220	126.00
0.354240	126.00
0.354260	126.00
0.354280	125.00
0.354300	125.00
0.354320	125.00
0.354340	126.00
0.354360	126.00
0.354380	126.00
0.354400	126.00
0.354420	126.00
0.354440	125.00
0.354460	124.00
0.354480	125.00
0.354500	125.00
0.354520	125.00
0.354540	124.00
0.354560	124.00
0.354580	125.00
0.354600	126.00
0.354620	126.00
0.354640	126.00
0.354660	125.00
0.354680	125.00
0.354700	126.00
0.354720	127.00
0.354740	127.00
0.354760	127.00
0.354780	125.00
0.354800	125.00
0.354820	125.00
0.354840	125.00
0.354860	125.00
0.354880	125.00
0.354900	126.00
0.354920	127.00
0.354940	127.00
0.354960	127.00
0.354980	126.00
0.355000	126.00
0.355020	126.00
0.355040	126.00
0.355060	126.00
0.355080	126.00
0.355100	126.00
0.355120	126.00
0.355140	126.00
0.355160	126.00
0.355180	126.00
0.355200	126.00
0.355220	126.00
0.355240	126.00
0.355260	125.00
0.355280	123.00
0.355300	123.00
0.355320	123.00
0.355340	123.00
0.355360	123.00
0.355380	123.00
0.355400	123.00
0.355420	124.00
0.355440	124.00
0.355460	125.00
0.355480	125.00
0.355500	125.00
0.355520	126.00
0.355540	126.00
0.355560	127.00
0.355580	127.00
0.355600	127.00
0.355620	127.00
0.355640	126.00
0.355660	126.00
0.355680	125.00
0.355700	125.00
0.355720	125.00
0.355740	126.00
0.355760	126.00
0.355780	127.00
0.355800	127.00
0.355820	127.00
0.355840	127.00
0.355860	127.00
0.355880	126.00
0.355900	125.00
0.355920	125.00
0.355940	126.00
0.355960	126.00
0.355980	126.00
0.356000	126.00
0.356020	126.00
0.356040	125.00
0.356060	125.00
0.356080	124.00
0.356100	124.00
0.356120	123.00
0.356140	123.00
0.356160	123.00
0.356180	124.00
0.356200	125.00
0.356220	126.00
0.356240	126.00
0.356260	126.00
0.356280	124.00
0.356300	123.00
0.356320	124.00
0.356340	124.00
0.356360	125.00
0.356380	125.00
0.356400	125.00
0.356420	124.00
0.356440	124.00
0.356460	124.00
0.356480	124.00
0.356500	124.00
0.356520	124.00
0.356540	125.00
0.356560	125.00
0.356580	126.00
0.356600	126.00
0.356620	127.00
0.356640	127.00
0.356660	126.00
0.356680	125.00
0.356700	124.00
0.356720	124.00
0.356740	125.00
0.356760	126.00
0.356780	126.00
0.356800	126.00
0.356820	125.00
0.356840	125.00
0.356860	125.00
0.356880	125.00
0.356900	126.00
0.356920	126.00
0.356940	127.00
0.356960	127.00
0.356980	126.00
0.357000	125.00
0.357020	124.00
0.357040	125.00
0.357060	126.00
0.357080	127.00
0.357100	126.00
0.357120	125.00
0.357140	124.00
0.357160	124.00
0.357180	124.00
0.357200	125.00
0.357220	125.00
0.357240	125.00
0.357260	126.00
0.357280	126.00
0.357300	126.00
0.357320	126.00
0.357340	125.00
0.357360	124.00
0.357380	125.00
0.357400	125.00
0.357420	126.00
0.357440	125.00
0.357460	125.00
0.357480	125.00
0.357500	125.00
0.357520	125.00
0.357540	125.00
0.357560	125.00
0.357580	124.00
0.357600	124.00
0.357620	124.00
0.357640	125.00
0.357660	126.00
0.357680	126.00
0.357700	126.00
0.357720	126.00
0.357740	126.00
0.357760	125.00
0.357780	124.00
0.357800	125.00
0.357820	125.00
0.357840	126.00
0.357860	127.00
0.357880	126.00
0.357900	126.00
0.357920	126.00
0.357940	126.00
0.357960	126.00
0.357980	126.00
0.358000	126.00
0.358020	126.00
0.358040	126.00
0.358060	125.00
0.358080	124.00
0.358100	123.00
0.358120	123.00
0.358140	123.00
0.358160	123.00
0.358180	123.00
0.358200	123.00
0.358220	123.00
0.358240	124.00
0.358260	125.00
0.358280	125.00
0.358300	125.00
0.358320	124.00
0.358340	124.00
0.358360	124.00
0.358380	124.00
0.358400	125.00
0.358420	126.00
0.358440	126.00
0.358460	126.00
0.358480	125.00
0.358500	125.00
0.358520	124.00
0.358540	124.00
0.358560	124.00
0.358580	125.00
0.358600	125.00
0.358620	125.00
0.358640	126.00
0.358660	126.00
0.358680	127.00
0.358700	127.00
0.358720	128.00
0.358740	128.00
0.358760	127.00
0.358780	126.00
0.358800	126.00
0.358820	126.00
0.358840	126.00
0.358860	126.00
0.358880	126.00
0.358900	126.00
0.358920	126.00
0.358940	126.00
0.358960	125.00
0.358980	125.00
0.359000	124.00
0.359020	125.00
0.359040	126.00
0.359060	126.00
0.359080	126.00
0.359100	125.00
0.359120	124.00
0.359140	124.00
0.359160	125.00
0.359180	125.00
0.359200	124.00
0.359220	124.00
0.359240	124.00
0.359260	124.00
0.359280	124.00
0.359300	124.00
0.359320	124.00
0.359340	124.00
0.359360	124.00
0.359380	125.00
0.359400	125.00
0.359420	125.00
0.359440	125.00
0.359460	125.00
0.359480	125.00
0.359500	125.00
0.359520	125.00
0.359540	126.00
0.359560	126.00
0.359580	127.00
0.359600	127.00
0.359620	127.00
0.359640	127.00
0.359660	126.00
0.359680	126.00
0.359700	126.00
0.359720	127.00
0.359740	127.00
0.359760	127.00
0.359780	127.00
0.359800	127.00
0.359820	127.00
0.359840	126.00
0.359860	126.00
0.359880	126.00
0.359900	125.00
0.359920	125.00
0.359940	125.00
0.359960	125.00
0.359980	125.00
0.360000	125.00
0.360020	125.00
0.360040	125.00
0.360060	124.00
0.360080	124.00
0.360100	124.00
0.360120	124.00
0.360140	124.00
0.360160	124.00
0.360180	124.00
0.360200	124.00
0.360220	125.00
0.360240	125.00
0.360260	126.00
0.360280	126.00
0.360300	126.00
0.360320	126.00
0.360340	126.00
0.360360	126.00
0.360380	126.00
0.360400	126.00
0.360420	126.00
0.360440	126.00
0.360460	126.00
0.360480	125.00
0.360500	124.00
0.360520	124.00
0.360540	124.00
0.360560	124.00
0.360580	124.00
0.360600	123.00
0.360620	124.00
0.360640	125.00
0.360660	126.00
0.360680	126.00
0.360700	126.00
0.360720	126.00
0.360740	127.00
0.360760	129.00
0.360780	129.00
0.360800	129.00
0.360820	127.00
0.360840	126.00
0.360860	125.00
0.360880	124.00
0.360900	125.00
0.360920	126.00
0.360940	127.00
0.360960	126.00
0.360980	126.00
0.361000	125.00
0.361020	125.00
0.361040	125.00
0.361060	125.00
0.361080	124.00
0.361100	124.00
0.361120	124.00
0.361140	124.00
0.361160	123.00
0.361180	123.00
0.361200	123.00
0.361220	123.00
0.361240	124.00
0.361260	124.00
0.361280	123.00
0.361300	123.00
0.361320	123.00
0.361340	125.00
0.361360	126.00
0.361380	126.00
0.361400	125.00
0.361420	124.00
0.361440	125.00
0.361460	126.00
0.361480	127.00
0.361500	127.00
0.361520	126.00
0.361540	125.00
0.361560	126.00
0.361580	127.00
0.361600	128.00
0.361620	128.00
0.361640	127.00
0.361660	126.00
0.361680	126.00
0.361700	126.00
0.361720	126.00
0.361740	125.00
0.361760	125.00
0.361780	125.00
0.361800	126.00
0.361820	126.00
0.361840	125.00
0.361860	124.00
0.361880	123.00
0.361900	124.00
0.361920	125.00
0.361940	126.00
0.361960	126.00
0.361980	126.00
0.362000	126.00
0.362020	126.00
0.362040	126.00
0.362060	126.00
0.362080	125.00
0.362100	125.00
0.362120	125.00
0.362140	125.00
0.362160	125.00
0.362180	126.00
0.362200	126.00
0.362220	126.00
0.362240	126.00
0.362260	126.00
0.362280	126.00
0.362300	127.00
0.362320	127.00
0.362340	126.00
0.362360	126.00
0.362380	125.00
0.362400	125.00
0.362420	125.00
0.362440	125.00
0.362460	125.00
0.362480	125.00
0.362500	125.00
0.362520	125.00
0.362540	126.00
0.362560	126.00
0.362580	125.00
0.362600	125.00
0.362620	125.00
0.362640	125.00
0.362660	125.00
0.362680	125.00
0.362700	125.00
0.362720	125.00
0.362740	125.00
0.362760	126.00
0.362780	126.00
0.362800	126.00
0.362820	126.00
0.362840	126.00
0.362860	126.00
0.362880	126.00
0.362900	125.00
0.362920	125.00
0.362940	125.00
0.362960	125.00
0.362980	125.00
0.363000	125.00
0.363020	125.00
0.363040	125.00
0.363060	126.00
0.363080	126.00
0.363100	125.00
0.363120	125.00
0.363140	124.00
0.363160	123.00
0.363180	123.00
0.363200	122.00
0.363220	123.00
0.363240	124.00
0.363260	125.00
0.363280	126.00
0.363300	127.00
0.363320	126.00
0.363340	126.00
0.363360	126.00
0.363380	126.00
0.363400	125.00
0.363420	125.00
0.363440	124.00
0.363460	124.00
0.363480	125.00
0.363500	126.00
0.363520	127.00
0.363540	127.00
0.363560	127.00
0.363580	126.00
0.363600	126.00
0.363620	126.00
0.363640	126.00
0.363660	126.00
0.363680	126.00
0.363700	127.00
0.363720	126.00
0.363740	125.00
0.363760	124.00
0.363780	123.00
0.363800	123.00
0.363820	125.00
0.363840	126.00
0.363860	126.00
0.363880	126.00
0.363900	126.00
0.363920	126.00
0.363940	126.00
0.363960	127.00
0.363980	126.00
0.364000	125.00
0.364020	125.00
0.364040	124.00
0.364060	124.00
0.364080	124.00
0.364100	124.00
0.364120	124.00
0.364140	124.00
0.364160	123.00
0.364180	123.00
0.364200	123.00
0.364220	124.00
0.364240	125.00
0.364260	125.00
0.364280	125.00
0.364300	125.00
0.364320	126.00
0.364340	126.00
0.364360	126.00
0.364380	126.00
0.364400	126.00
0.364420	126.00
0.364440	127.00
0.364460	127.00
0.364480	127.00
0.364500	127.00
0.364520	127.00
0.364540	126.00
0.364560	125.00
0.364580	124.00
0.364600	124.00
0.364620	125.00
0.364640	125.00
0.364660	126.00
0.364680	125.00
0.364700	125.00
0.364720	125.00
0.364740	125.00
0.364760	125.00
0.364780	124.00
0.364800	124.00
0.364820	124.00
0.364840	124.00
0.364860	125.00
0.364880	126.00
0.364900	127.00
0.364920	127.00
0.364940	127.00
0.364960	127.00
0.364980	127.00
0.365000	126.00
0.365020	125.00
0.365040	125.00
0.365060	124.00
0.365080	124.00
0.365100	125.00
0.365120	125.00
0.365140	126.00
0.365160	126.00
0.365180	125.00
0.365200	125.00
0.365220	125.00
0.365240	125.00
0.365260	125.00
0.365280	125.00
0.365300	125.00
0.365320	126.00
0.365340	126.00
0.365360	126.00
0.365380	125.00
0.365400	124.00
0.365420	123.00
0.365440	123.00
0.365460	124.00
0.365480	124.00
0.365500	125.00
0.365520	125.00
0.365540	126.00
0.365560	126.00
0.365580	126.00
0.365600	126.00
0.365620	126.00
0.365640	126.00
0.365660	127.00
0.365680	127.00
0.365700	126.00
0.365720	126.00
0.365740	126.00
0.365760	126.00
0.365780	126.00
0.365800	126.00
0.365820	125.00
0.365840	125.00
0.365860	125.00
0.365880	125.00
0.365900	125.00
0.365920	124.00
0.365940	125.00
0.365960	125.00
0.365980	126.00
0.366000	126.00
0.366020	125.00
0.366040	125.00
0.366060	125.00
0.366080	125.00
0.366100	125.00
0.366120	126.00
0.366140	127.00
0.366160	128.00
0.366180	128.00
0.366200	127.00
0.366220	126.00
0.366240	125.00
0.366260	125.00
0.366280	126.00
0.366300	127.00
0.366320	126.00
0.366340	126.00
0.366360	125.00
0.366380	125.00
0.366400	125.00
0.366420	126.00
0.366440	126.00
0.366460	126.00
0.366480	126.00
0.366500	127.00
0.366520	127.00
0.366540	126.00
0.366560	126.00
0.366580	125.00
0.366600	124.00
0.366620	124.00
0.366640	125.00
0.366660	126.00
0.366680	125.00
0.366700	125.00
0.366720	125.00
0.366740	125.00
0.366760	125.00
0.366780	125.00
0.366800	125.00
0.366820	124.00
0.366840	124.00
0.366860	124.00
0.366880	124.00
0.366900	124.00
0.366920	124.00
0.366940	124.00
0.366960	124.00
0.366980	124.00
0.367000	124.00
0.367020	124.00
0.367040	124.00
0.367060	125.00
0.367080	125.00
0.367100	125.00
0.367120	125.00
0.367140	125.00
0.367160	125.00
0.367180	125.00
0.367200	125.00
0.367220	125.00
0.367240	125.00
0.367260	125.00
0.367280	125.00
0.367300	126.00
0.367320	127.00
0.367340	128.00
0.367360	128.00
0.367380	127.00
0.367400	127.00
0.367420	126.00
0.367440	126.00
0.367460	126.00
0.367480	126.00
0.367500	126.00
0.367520	125.00
0.367540	125.00
0.367560	125.00
0.367580	125.00
0.367600	125.00
0.367620	125.00
0.367640	124.00
0.367660	124.00
0.367680	124.00
0.367700	124.00
0.367720	124.00
0.367740	124.00
0.367760	125.00
0.367780	124.00
0.367800	123.00
0.367820	123.00
0.367840	123.00
0.367860	124.00
0.367880	125.00
0.367900	125.00
0.367920	124.00
0.367940	124.00
0.367960	124.00
0.367980	124.00
0.368000	124.00
0.368020	124.00
0.368040	124.00
0.368060	124.00
0.368080	125.00
0.368100	127.00
0.368120	128.00
0.368140	128.00
0.368160	127.00
0.368180	127.00
0.368200	126.00
0.368220	126.00
0.368240	125.00
0.368260	125.00
0.368280	125.00
0.368300	126.00
0.368320	126.00
0.368340	127.00
0.368360	127.00
0.368380	127.00
0.368400	127.00
0.368420	127.00
0.368440	126.00
0.368460	126.00
0.368480	126.00
0.368500	127.00
0.368520	128.00
0.368540	130.00
0.368560	129.00
0.368580	128.00
0.368600	126.00
0.368620	125.00
0.368640	124.00
0.368660	125.00
0.368680	125.00
0.368700	126.00
0.368720	127.00
0.368740	127.00
0.368760	128.00
0.368780	127.00
0.368800	125.00
0.368820	123.00
0.368840	123.00
0.368860	123.00
0.368880	124.00
0.368900	125.00
0.368920	125.00
0.368940	125.00
0.368960	126.00
0.368980	126.00
0.369000	127.00
0.369020	126.00
0.369040	125.00
0.369060	125.00
0.369080	125.00
0.369100	126.00
0.369120	126.00
0.369140	125.00
0.369160	124.00
0.369180	124.00
0.369200	125.00
0.369220	125.00
0.369240	126.00
0.369260	126.00
0.369280	127.00
0.369300	127.00
0.369320	127.00
0.369340	126.00
0.369360	126.00
0.369380	126.00
0.369400	125.00
0.369420	125.00
0.369440	125.00
0.369460	126.00
0.369480	126.00
0.369500	126.00
0.369520	126.00
0.369540	125.00
0.369560	124.00
0.369580	124.00
0.369600	124.00
0.369620	124.00
0.369640	125.00
0.369660	125.00
0.369680	125.00
0.369700	125.00
0.369720	125.00
0.369740	125.00
0.369760	124.00
0.369780	124.00
0.369800	124.00
0.369820	125.00
0.369840	124.00
0.369860	124.00
0.369880	124.00
0.369900	124.00
0.369920	124.00
0.369940	125.00
0.369960	125.00
0.369980	125.00
0.370000	126.00
0.370020	127.00
0.370040	127.00
0.370060	127.00
0.370080	126.00
0.370100	125.00
0.370120	125.00
0.370140	125.00
0.370160	125.00
0.370180	124.00
0.370200	125.00
0.370220	126.00
0.370240	127.00
0.370260	127.00
0.370280	127.00
0.370300	127.00
0.370320	126.00
0.370340	126.00
0.370360	125.00
0.370380	124.00
0.370400	124.00
0.370420	124.00
0.370440	124.00
0.370460	125.00
0.370480	125.00
0.370500	125.00
0.370520	126.00
0.370540	126.00
0.370560	126.00
0.370580	125.00
0.370600	124.00
0.370620	124.00
0.370640	124.00
0.370660	125.00
0.370680	125.00
0.370700	124.00
0.370720	124.00
0.370740	123.00
0.370760	124.00
0.370780	125.00
0.370800	125.00
0.370820	125.00
0.370840	125.00
0.370860	125.00
0.370880	125.00
0.370900	126.00
0.370920	127.00
0.370940	127.00
0.370960	126.00
0.370980	126.00
0.371000	126.00
0.371020	125.00
0.371040	125.00
0.371060	124.00
0.371080	124.00
0.371100	125.00
0.371120	126.00
0.371140	127.00
0.371160	126.00
0.371180	125.00
0.371200	125.00
0.371220	125.00
0.371240	126.00
0.371260	126.00
0.371280	125.00
0.371300	126.00
0.371320	126.00
0.371340	127.00
0.371360	127.00
0.371380	125.00
0.371400	123.00
0.371420	123.00
0.371440	123.00
0.371460	124.00
0.371480	126.00
0.371500	126.00
0.371520	127.00
0.371540	127.00
0.371560	126.00
0.371580	125.00
0.371600	124.00
0.371620	123.00
0.371640	124.00
0.371660	126.00
0.371680	126.00
0.371700	126.00
0.371720	125.00
0.371740	125.00
0.371760	125.00
0.371780	124.00
0.371800	124.00
0.371820	124.00
0.371840	124.00
0.371860	125.00
0.371880	126.00
0.371900	126.00
0.371920	126.00
0.371940	126.00
0.371960	126.00
0.371980	127.00
0.372000	127.00
0.372020	127.00
0.372040	127.00
0.372060	126.00
0.372080	126.00
0.372100	125.00
0.372120	125.00
0.372140	124.00
0.372160	124.00
0.372180	125.00
0.372200	125.00
0.372220	125.00
0.372240	126.00
0.372260	126.00
0.372280	127.00
0.372300	126.00
0.372320	125.00
0.372340	125.00
0.372360	124.00
0.372380	125.00
0.372400	126.00
0.372420	126.00
0.372440	126.00
0.372460	125.00
0.372480	125.00
0.372500	126.00
0.372520	126.00
0.372540	126.00
0.372560	126.00
0.372580	125.00
0.372600	125.00
0.372620	125.00
0.372640	125.00
0.372660	125.00
0.372680	125.00
0.372700	126.00
0.372720	126.00
0.372740	125.00
0.372760	125.00
0.372780	124.00
0.372800	125.00
0.372820	125.00
0.372840	126.00
0.372860	126.00
0.372880	125.00
0.372900	125.00
0.372920	125.00
0.372940	125.00
0.372960	124.00
0.372980	124.00
0.373000	124.00
0.373020	124.00
0.373040	124.00
0.373060	125.00
0.373080	125.00
0.373100	125.00
0.373120	125.00
0.373140	126.00
0.373160	126.00
0.373180	125.00
0.373200	125.00
0.373220	125.00
0.373240	125.00
0.373260	125.00
0.373280	126.00
0.373300	126.00
0.373320	126.00
0.373340	125.00
0.373360	125.00
0.373380	124.00
0.373400	124.00
0.373420	125.00
0.373440	125.00
0.373460	126.00
0.373480	127.00
0.373500	127.00
0.373520	128.00
0.373540	128.00
0.373560	127.00
0.373580	126.00
0.373600	125.00
0.373620	125.00
0.373640	125.00
0.373660	126.00
0.373680	126.00
0.373700	126.00
0.373720	125.00
0.373740	124.00
0.373760	124.00
0.373780	124.00
0.373800	125.00
0.373820	126.00
0.373840	127.00
0.373860	127.00
0.373880	127.00
0.373900	126.00
0.373920	126.00
0.373940	126.00
0.373960	126.00
0.373980	125.00
0.374000	125.00
0.374020	125.00
0.374040	126.00
0.374060	126.00
0.374080	126.00
0.374100	126.00
0.374120	126.00
0.374140	126.00
0.374160	126.00
0.374180	127.00
0.374200	127.00
0.374220	127.00
0.374240	126.00
0.374260	126.00
0.374280	126.00
0.374300	126.00
0.374320	125.00
0.374340	124.00
0.374360	124.00
0.374380	125.00
0.374400	126.00
0.374420	126.00
0.374440	126.00
0.374460	125.00
0.374480	124.00
0.374500	124.00
0.374520	125.00
0.374540	125.00
0.374560	125.00
0.374580	125.00
0.374600	125.00
0.374620	125.00
0.374640	125.00
0.374660	126.00
0.374680	125.00
0.374700	125.00
0.374720	125.00
0.374740	125.00
0.374760	125.00
0.374780	125.00
0.374800	126.00
0.374820	126.00
0.374840	125.00
0.374860	125.00
0.374880	124.00
0.374900	123.00
0.374920	124.00
0.374940	124.00
0.374960	124.00
0.374980	125.00
0.375000	125.00
0.375020	124.00
0.375040	124.00
0.375060	124.00
0.375080	124.00
0.375100	124.00
0.375120	125.00
0.375140	125.00
0.375160	126.00
0.375180	127.00
0.375200	127.00
0.375220	126.00
0.375240	126.00
0.375260	125.00
0.375280	125.00
0.375300	125.00
0.375320	125.00
0.375340	126.00
0.375360	126.00
0.375380	126.00
0.375400	126.00
0.375420	125.00
0.375440	125.00
0.375460	125.00
0.375480	125.00
0.375500	126.00
0.375520	126.00
0.375540	126.00
0.375560	126.00
0.375580	125.00
0.375600	124.00
0.375620	124.00
0.375640	124.00
0.375660	123.00
0.375680	123.00
0.375700	123.00
0.375720	123.00
0.375740	124.00
0.375760	124.00
0.375780	125.00
0.375800	126.00
0.375820	126.00
0.375840	127.00
0.375860	127.00
0.375880	126.00
0.375900	126.00
0.375920	127.00
0.375940	127.00
0.375960	127.00
0.375980	127.00
0.376000	127.00
0.376020	126.00
0.376040	126.00
0.376060	126.00
0.376080	125.00
0.376100	125.00
0.376120	125.00
0.376140	126.00
0.376160	127.00
0.376180	127.00
0.376200	127.00
0.376220	127.00
0.376240	127.00
0.376260	128.00
0.376280	127.00
0.376300	127.00
0.376320	125.00
0.376340	124.00
0.376360	124.00
0.376380	125.00
0.376400	125.00
0.376420	125.00
0.376440	125.00
0.376460	125.00
0.376480	125.00
0.376500	125.00
0.376520	125.00
0.376540	125.00
0.376560	125.00
0.376580	124.00
0.376600	124.00
0.376620	123.00
0.376640	123.00
0.376660	123.00
0.376680	123.00
0.376700	123.00
0.376720	124.00
0.376740	124.00
0.376760	125.00
0.376780	125.00
0.376800	125.00
0.376820	125.00
0.376840	124.00
0.376860	124.00
0.376880	123.00
0.376900	123.00
0.376920	124.00
0.376940	125.00
0.376960	125.00
0.376980	126.00
0.377000	126.00
0.377020	126.00
0.377040	126.00
0.377060	126.00
0.377080	126.00
0.377100	125.00
0.377120	124.00
0.377140	124.00
0.377160	124.00
0.377180	125.00
0.377200	125.00
0.377220	126.00
0.377240	126.00
0.377260	126.00
0.377280	126.00
0.377300	126.00
0.377320	126.00
0.377340	126.00
0.377360	126.00
0.377380	126.00
0.377400	126.00
0.377420	126.00
0.377440	126.00
0.377460	126.00
0.377480	126.00
0.377500	126.00
0.377520	126.00
0.377540	126.00
0.377560	126.00
0.377580	125.00
0.377600	124.00
0.377620	124.00
0.377640	124.00
0.377660	125.00
0.377680	125.00
0.377700	125.00
0.377720	125.00
0.377740	125.00
0.377760	126.00
0.377780	127.00
0.377800	127.00
0.377820	126.00
0.377840	126.00
0.377860	126.00
0.377880	127.00
0.377900	128.00
0.377920	128.00
0.377940	128.00
0.377960	127.00
0.377980	127.00
0.378000	126.00
0.378020	125.00
0.378040	124.00
0.378060	124.00
0.378080	125.00
0.378100	126.00
0.378120	126.00
0.378140	126.00
0.378160	126.00
0.378180	127.00
0.378200	128.00
0.378220	128.00
0.378240	127.00
0.378260	126.00
0.378280	125.00
0.378300	124.00
0.378320	124.00
0.378340	124.00
0.378360	123.00
0.378380	123.00
0.378400	124.00
0.378420	125.00
0.378440	125.00
0.378460	126.00
0.378480	126.00
0.378500	126.00
0.378520	126.00
0.378540	126.00
0.378560	125.00
0.378580	125.00
0.378600	125.00
0.378620	125.00
0.378640	126.00
0.378660	126.00
0.378680	125.00
0.378700	125.00
0.378720	126.00
0.378740	126.00
0.378760	126.00
0.378780	125.00
0.378800	125.00
0.378820	125.00
0.378840	125.00
0.378860	125.00
0.378880	126.00
0.378900	126.00
0.378920	126.00
0.378940	125.00
0.378960	124.00
0.378980	123.00
0.379000	122.00
0.379020	123.00
0.379040	125.00
0.379060	125.00
0.379080	125.00
0.379100	124.00
0.379120	124.00
0.379140	125.00
0.379160	125.00
0.379180	125.00
0.379200	125.00
0.379220	124.00
0.379240	125.00
0.379260	125.00
0.379280	126.00
0.379300	126.00
0.379320	126.00
0.379340	125.00
0.379360	125.00
0.379380	125.00
0.379400	125.00
0.379420	126.00
0.379440	126.00
0.379460	126.00
0.379480	125.00
0.379500	125.00
0.379520	125.00
0.379540	126.00
0.379560	126.00
0.379580	126.00
0.379600	125.00
0.379620	124.00
0.379640	124.00
0.379660	125.00
0.379680	126.00
0.379700	127.00
0.379720	127.00
0.379740	127.00
0.379760	127.00
0.379780	126.00
0.379800	125.00
0.379820	125.00
0.379840	125.00
0.379860	125.00
0.379880	125.00
0.379900	125.00
0.379920	125.00
0.379940	125.00
0.379960	126.00
0.379980	126.00
0.380000	126.00
0.380020	126.00
0.380040	126.00
0.380060	126.00
0.380080	125.00
0.380100	125.00
0.380120	125.00
0.380140	125.00
0.380160	124.00
0.380180	124.00
0.380200	124.00
0.380220	124.00
0.380240	125.00
0.380260	125.00
0.380280	125.00
0.380300	124.00
0.380320	124.00
0.380340	125.00
0.380360	126.00
0.380380	126.00
0.380400	126.00
0.380420	126.00
0.380440	125.00
0.380460	125.00
0.380480	124.00
0.380500	124.00
0.380520	124.00
0.380540	124.00
0.380560	125.00
0.380580	125.00
0.380600	126.00
0.380620	126.00
0.380640	127.00
0.380660	127.00
0.380680	127.00
0.380700	127.00
0.380720	127.00
0.380740	127.00
0.380760	126.00
0.380780	126.00
0.380800	126.00
0.380820	126.00
0.380840	127.00
0.380860	127.00
0.380880	127.00
0.380900	125.00
0.380920	124.00
0.380940	124.00
0.380960	125.00
0.380980	126.00
0.381000	126.00
0.381020	126.00
0.381040	126.00
0.381060	126.00
0.381080	126.00
0.381100	125.00
0.381120	125.00
0.381140	125.00
0.381160	125.00
0.381180	125.00
0.381200	125.00
0.381220	124.00
0.381240	124.00
0.381260	125.00
0.381280	125.00
0.381300	125.00
0.381320	125.00
0.381340	125.00
0.381360	125.00
0.381380	125.00
0.381400	125.00
0.381420	125.00
0.381440	125.00
0.381460	125.00
0.381480	126.00
0.381500	126.00
0.381520	126.00
0.381540	125.00
0.381560	125.00
0.381580	125.00
0.381600	125.00
0.381620	126.00
0.381640	126.00
0.381660	126.00
0.381680	126.00
0.381700	125.00
0.381720	126.00
0.381740	126.00
0.381760	126.00
0.381780	125.00
0.381800	125.00
0.381820	125.00
0.381840	125.00
0.381860	125.00
0.381880	125.00
0.381900	125.00
0.381920	124.00
0.381940	125.00
0.381960	125.00
0.381980	126.00
0.382000	126.00
0.382020	126.00
0.382040	126.00
0.382060	126.00
0.382080	126.00
0.382100	126.00
0.382120	126.00
0.382140	126.00
0.382160	125.00
0.382180	125.00
0.382200	125.00
0.382220	125.00
0.382240	125.00
0.382260	125.00
0.382280	125.00
0.382300	125.00
0.382320	125.00
0.382340	124.00
0.382360	124.00
0.382380	123.00
0.382400	123.00
0.382420	123.00
0.382440	123.00
0.382460	124.00
0.382480	124.00
0.382500	124.00
0.382520	125.00
0.382540	126.00
0.382560	127.00
0.382580	127.00
0.382600	126.00
0.382620	125.00
0.382640	125.00
0.382660	126.00
0.382680	127.00
0.382700	127.00
0.382720	127.00
0.382740	127.00
0.382760	127.00
0.382780	127.00
0.382800	127.00
0.382820	127.00
0.382840	126.00
0.382860	126.00
0.382880	125.00
0.382900	125.00
0.382920	124.00
0.382940	125.00
0.382960	125.00
0.382980	125.00
0.383000	125.00
0.383020	124.00
0.383040	124.00
0.383060	124.00
0.383080	125.00
0.383100	125.00
0.383120	125.00
0.383140	125.00
0.383160	125.00
0.383180	125.00
0.383200	126.00
0.383220	125.00
0.383240	124.00
0.383260	124.00
0.383280	123.00
0.383300	123.00
0.383320	124.00
0.383340	124.00
0.383360	124.00
0.383380	124.00
0.383400	123.00
0.383420	124.00
0.383440	124.00
0.383460	125.00
0.383480	125.00
0.383500	125.00
0.383520	125.00
0.383540	126.00
0.383560	126.00
0.383580	126.00
0.383600	125.00
0.383620	125.00
0.383640	125.00
0.383660	125.00
0.383680	126.00
0.383700	126.00
0.383720	126.00
0.383740	126.00
0.383760	127.00
0.383780	128.00
