0.303800	101.00
0.303820	50.00
0.303840	103.00
0.303860	143.00
0.303880	146.00
0.303900	126.00
0.303920	113.00
0.303940	118.00
0.303960	131.00
0.303980	134.00
0.304000	126.00
0.304020	119.00
0.304040	122.00
0.304060	129.00
0.304080	131.00
0.304100	125.00
0.304120	121.00
0.304140	123.00
0.304160	128.00
0.304180	129.00
0.304200	124.00
0.304220	120.00
0.304240	121.00
0.304260	126.00
0.304280	127.00
0.304300	124.00
0.304320	122.00
0.304340	124.00
0.304360	128.00
0.304380	130.00
0.304400	127.00
0.304420	124.00
0.304440	124.00
0.304460	126.00
0.304480	127.00
0.304500	124.00
0.304520	123.00
0.304540	125.00
0.304560	128.00
0.304580	129.00
0.304600	126.00
0.304620	124.00
0.304640	125.00
0.304660	127.00
0.304680	127.00
0.304700	125.00
0.304720	123.00
0.304740	124.00
0.304760	127.00
0.304780	127.00
0.304800	125.00
0.304820	123.00
0.304840	124.00
0.304860	126.00
0.304880	127.00
0.304900	126.00
0.304920	125.00
0.304940	126.00
0.304960	128.00
0.304980	128.00
0.305000	126.00
0.305020	124.00
0.305040	124.00
0.305060	125.00
0.305080	126.00
0.305100	125.00
0.305120	124.00
0.305140	124.00
0.305160	125.00
0.305180	126.00
0.305200	125.00
0.305220	124.00
0.305240	125.00
0.305260	126.00
0.305280	126.00
0.305300	125.00
0.305320	125.00
0.305340	125.00
0.305360	126.00
0.305380	127.00
0.305400	126.00
0.305420	125.00
0.305440	126.00
0.305460	126.00
0.305480	126.00
0.305500	125.00
0.305520	124.00
0.305540	124.00
0.305560	126.00
0.305580	127.00
0.305600	126.00
0.305620	125.00
0.305640	125.00
0.305660	126.00
0.305680	126.00
0.305700	126.00
0.305720	125.00
0.305740	125.00
0.305760	125.00
0.305780	126.00
0.305800	125.00
0.305820	125.00
0.305840	125.00
0.305860	126.00
0.305880	126.00
0.305900	126.00
0.305920	125.00
0.305940	125.00
0.305960	125.00
0.305980	125.00
0.306000	125.00
0.306020	125.00
0.306040	126.00
0.306060	127.00
0.306080	127.00
0.306100	125.00
0.306120	124.00
0.306140	124.00
0.306160	125.00
0.306180	125.00
0.306200	124.00
0.306220	124.00
0.306240	125.00
0.306260	126.00
0.306280	127.00
0.306300	127.00
0.306320	127.00
0.306340	127.00
0.306360	127.00
0.306380	126.00
0.306400	124.00
0.306420	123.00
0.306440	124.00
0.306460	124.00
0.306480	125.00
0.306500	125.00
0.306520	124.00
0.306540	125.00
0.306560	126.00
0.306580	126.00
0.306600	125.00
0.306620	125.00
0.306640	125.00
0.306660	126.00
0.306680	126.00
0.306700	126.00
0.306720	126.00
0.306740	125.00
0.306760	125.00
0.306780	125.00
0.306800	124.00
0.306820	124.00
0.306840	125.00
0.306860	126.00
0.306880	126.00
0.306900	126.00
0.306920	125.00
0.306940	125.00
0.306960	125.00
0.306980	125.00
0.307000	125.00
0.307020	125.00
0.307040	125.00
0.307060	126.00
0.307080	126.00
0.307100	126.00
0.307120	125.00
0.307140	125.00
0.307160	124.00
0.307180	124.00
0.307200	124.00
0.307220	123.00
0.307240	124.00
0.307260	125.00
0.307280	125.00
0.307300	125.00
0.307320	124.00
0.307340	125.00
0.307360	125.00
0.307380	126.00
0.307400	126.00
0.307420	126.00
0.307440	126.00
0.307460	126.00
0.307480	126.00
0.307500	126.00
0.307520	126.00
0.307540	126.00
0.307560	126.00
0.307580	126.00
0.307600	126.00
0.307620	126.00
0.307640	127.00
0.307660	127.00
0.307680	126.00
0.307700	125.00
0.307720	125.00
0.307740	127.00
0.307760	127.00
0.307780	126.00
0.307800	124.00
0.307820	123.00
0.307840	123.00
0.307860	124.00
0.307880	125.00
0.307900	125.00
0.307920	125.00
0.307940	125.00
0.307960	125.00
0.307980	125.00
0.308000	124.00
0.308020	124.00
0.308040	125.00
0.308060	126.00
0.308080	125.00
0.308100	124.00
0.308120	124.00
0.308140	125.00
0.308160	127.00
0.308180	127.00
0.308200	125.00
0.308220	124.00
0.308240	124.00
0.308260	126.00
0.308280	128.00
0.308300	128.00
0.308320	127.00
0.308340	126.00
0.308360	126.00
0.308380	126.00
0.308400	126.00
0.308420	126.00
0.308440	126.00
0.308460	126.00
0.308480	126.00
0.308500	125.00
0.308520	125.00
0.308540	125.00
0.308560	126.00
0.308580	125.00
0.308600	125.00
0.308620	125.00
0.308640	125.00
0.308660	126.00
0.308680	125.00
0.308700	125.00
0.308720	124.00
0.308740	125.00
0.308760	126.00
0.308780	126.00
0.308800	125.00
0.308820	125.00
0.308840	125.00
0.308860	125.00
0.308880	126.00
0.308900	124.00
0.308920	123.00
0.308940	123.00
0.308960	124.00
0.308980	124.00
0.309000	124.00
0.309020	124.00
0.309040	124.00
0.309060	124.00
0.309080	124.00
0.309100	124.00
0.309120	125.00
0.309140	125.00
0.309160	126.00
0.309180	125.00
0.309200	124.00
0.309220	123.00
0.309240	124.00
0.309260	125.00
0.309280	126.00
0.309300	126.00
0.309320	126.00
0.309340	126.00
0.309360	126.00
0.309380	126.00
0.309400	126.00
0.309420	126.00
0.309440	126.00
0.309460	126.00
0.309480	126.00
0.309500	126.00
0.309520	125.00
0.309540	126.00
0.309560	127.00
0.309580	127.00
0.309600	127.00
0.309620	126.00
0.309640	125.00
0.309660	126.00
0.309680	126.00
0.309700	125.00
0.309720	125.00
0.309740	125.00
0.309760	126.00
0.309780	125.00
0.309800	124.00
0.309820	124.00
0.309840	124.00
0.309860	126.00
0.309880	126.00
0.309900	125.00
0.309920	124.00
0.309940	123.00
0.309960	124.00
0.309980	125.00
0.310000	125.00
0.310020	124.00
0.310040	124.00
0.310060	125.00
0.310080	126.00
0.310100	127.00
0.310120	126.00
0.310140	126.00
0.310160	126.00
0.310180	126.00
0.310200	126.00
0.310220	126.00
0.310240	126.00
0.310260	127.00
0.310280	127.00
0.310300	126.00
0.310320	126.00
0.310340	126.00
0.310360	127.00
0.310380	127.00
0.310400	126.00
0.310420	125.00
0.310440	125.00
0.310460	125.00
0.310480	126.00
0.310500	127.00
0.310520	127.00
0.310540	127.00
0.310560	127.00
0.310580	127.00
0.310600	126.00
0.310620	126.00
0.310640	126.00
0.310660	126.00
0.310680	126.00
0.310700	126.00
0.310720	125.00
0.310740	124.00
0.310760	124.00
0.310780	124.00
0.310800	125.00
0.310820	125.00
0.310840	125.00
0.310860	125.00
0.310880	124.00
0.310900	124.00
0.310920	124.00
0.310940	124.00
0.310960	124.00
0.310980	124.00
0.311000	124.00
0.311020	124.00
0.311040	125.00
0.311060	126.00
0.311080	126.00
0.311100	126.00
0.311120	126.00
0.311140	126.00
0.311160	126.00
0.311180	127.00
0.311200	126.00
0.311220	126.00
0.311240	126.00
0.311260	126.00
0.311280	126.00
0.311300	125.00
0.311320	125.00
0.311340	125.00
0.311360	125.00
0.311380	126.00
0.311400	126.00
0.311420	126.00
0.311440	126.00
0.311460	127.00
0.311480	127.00
0.311500	127.00
0.311520	126.00
0.311540	126.00
0.311560	126.00
0.311580	126.00
0.311600	126.00
0.311620	125.00
0.311640	125.00
0.311660	125.00
0.311680	126.00
0.311700	126.00
0.311720	125.00
0.311740	125.00
0.311760	125.00
0.311780	125.00
0.311800	125.00
0.311820	125.00
0.311840	126.00
0.311860	126.00
0.311880	126.00
0.311900	125.00
0.311920	125.00
0.311940	124.00
0.311960	124.00
0.311980	125.00
0.312000	124.00
0.312020	124.00
0.312040	124.00
0.312060	124.00
0.312080	124.00
0.312100	124.00
0.312120	125.00
0.312140	124.00
0.312160	124.00
0.312180	124.00
0.312200	123.00
0.312220	124.00
0.312240	125.00
0.312260	126.00
0.312280	126.00
0.312300	126.00
0.312320	126.00
0.312340	125.00
0.312360	126.00
0.312380	126.00
0.312400	126.00
0.312420	126.00
0.312440	126.00
0.312460	126.00
0.312480	126.00
0.312500	125.00
0.312520	125.00
0.312540	125.00
0.312560	126.00
0.312580	126.00
0.312600	126.00
0.312620	125.00
0.312640	126.00
0.312660	126.00
0.312680	127.00
0.312700	128.00
0.312720	127.00
0.312740	126.00
0.312760	125.00
0.312780	124.00
0.312800	124.00
0.312820	123.00
0.312840	123.00
0.312860	124.00
0.312880	123.00
0.312900	123.00
0.312920	123.00
0.312940	123.00
0.312960	124.00
0.312980	124.00
0.313000	125.00
0.313020	125.00
0.313040	125.00
0.313060	126.00
0.313080	127.00
0.313100	127.00
0.313120	126.00
0.313140	127.00
0.313160	127.00
0.313180	127.00
0.313200	127.00
0.313220	127.00
0.313240	126.00
0.313260	126.00
0.313280	126.00
0.313300	126.00
0.313320	126.00
0.313340	126.00
0.313360	126.00
0.313380	126.00
0.313400	126.00
0.313420	126.00
0.313440	126.00
0.313460	126.00
0.313480	126.00
0.313500	126.00
0.313520	125.00
0.313540	124.00
0.313560	124.00
0.313580	125.00
0.313600	125.00
0.313620	126.00
0.313640	126.00
0.313660	126.00
0.313680	126.00
0.313700	126.00
0.313720	126.00
0.313740	126.00
0.313760	126.00
0.313780	126.00
0.313800	126.00
0.313820	126.00
0.313840	125.00
0.313860	125.00
0.313880	124.00
0.313900	124.00
0.313920	123.00
0.313940	123.00
0.313960	124.00
0.313980	125.00
0.314000	125.00
0.314020	126.00
0.314040	126.00
0.314060	126.00
0.314080	126.00
0.314100	126.00
0.314120	125.00
0.314140	125.00
0.314160	126.00
0.314180	126.00
0.314200	125.00
0.314220	125.00
0.314240	124.00
0.314260	125.00
0.314280	125.00
0.314300	126.00
0.314320	125.00
0.314340	125.00
0.314360	125.00
0.314380	126.00
0.314400	126.00
0.314420	127.00
0.314440	126.00
0.314460	125.00
0.314480	125.00
0.314500	125.00
0.314520	125.00
0.314540	125.00
0.314560	125.00
0.314580	125.00
0.314600	125.00
0.314620	126.00
0.314640	126.00
0.314660	125.00
0.314680	125.00
0.314700	124.00
0.314720	124.00
0.314740	124.00
0.314760	124.00
0.314780	124.00
0.314800	125.00
0.314820	125.00
0.314840	126.00
0.314860	126.00
0.314880	126.00
0.314900	127.00
0.314920	126.00
0.314940	126.00
0.314960	126.00
0.314980	126.00
0.315000	125.00
0.315020	125.00
0.315040	124.00
0.315060	124.00
0.315080	125.00
0.315100	126.00
0.315120	127.00
0.315140	128.00
0.315160	127.00
0.315180	126.00
0.315200	125.00
0.315220	124.00
0.315240	124.00
0.315260	124.00
0.315280	124.00
0.315300	124.00
0.315320	124.00
0.315340	125.00
0.315360	125.00
0.315380	125.00
0.315400	125.00
0.315420	125.00
0.315440	125.00
0.315460	125.00
0.315480	125.00
0.315500	124.00
0.315520	125.00
0.315540	126.00
0.315560	126.00
0.315580	126.00
0.315600	126.00
0.315620	125.00
0.315640	125.00
0.315660	125.00
0.315680	124.00
0.315700	124.00
0.315720	124.00
0.315740	124.00
0.315760	125.00
0.315780	125.00
0.315800	124.00
0.315820	124.00
0.315840	125.00
0.315860	126.00
0.315880	127.00
0.315900	126.00
0.315920	125.00
0.315940	124.00
0.315960	124.00
0.315980	125.00
0.316000	125.00
0.316020	125.00
0.316040	125.00
0.316060	125.00
0.316080	126.00
0.316100	127.00
0.316120	127.00
0.316140	127.00
0.316160	127.00
0.316180	126.00
0.316200	126.00
0.316220	126.00
0.316240	126.00
0.316260	127.00
0.316280	127.00
0.316300	126.00
0.316320	126.00
0.316340	126.00
0.316360	127.00
0.316380	127.00
0.316400	127.00
0.316420	125.00
0.316440	124.00
0.316460	124.00
0.316480	124.00
0.316500	125.00
0.316520	125.00
0.316540	124.00
0.316560	125.00
0.316580	125.00
0.316600	126.00
0.316620	126.00
0.316640	126.00
0.316660	124.00
0.316680	124.00
0.316700	124.00
0.316720	125.00
0.316740	125.00
0.316760	125.00
0.316780	125.00
0.316800	125.00
0.316820	125.00
0.316840	125.00
0.316860	125.00
0.316880	123.00
0.316900	123.00
0.316920	123.00
0.316940	125.00
0.316960	127.00
0.316980	128.00
0.317000	128.00
0.317020	128.00
0.317040	127.00
0.317060	125.00
0.317080	122.00
0.317100	120.00
0.317120	120.00
0.317140	122.00
0.317160	125.00
0.317180	128.00
0.317200	131.00
0.317220	132.00
0.317240	132.00
0.317260	129.00
0.317280	125.00
0.317300	120.00
0.317320	117.00
0.317340	116.00
0.317360	118.00
0.317380	123.00
0.317400	129.00
0.317420	134.00
0.317440	137.00
0.317460	137.00
0.317480	132.00
0.317500	125.00
0.317520	117.00
0.317540	111.00
0.317560	110.00
0.317580	113.00
0.317600	118.00
0.317620	126.00
0.317640	133.00
0.317660	138.00
0.317680	140.00
0.317700	137.00
0.317720	131.00
0.317740	124.00
0.317760	118.00
0.317780	114.00
0.317800	113.00
0.317820	115.00
0.317840	119.00
0.317860	124.00
0.317880	130.00
0.317900	135.00
0.317920	138.00
0.317940	138.00
0.317960	136.00
0.317980	131.00
0.318000	124.00
0.318020	117.00
0.318040	114.00
0.318060	114.00
0.318080	117.00
0.318100	122.00
0.318120	128.00
0.318140	133.00
0.318160	135.00
0.318180	136.00
0.318200	135.00
0.318220	132.00
0.318240	129.00
0.318260	125.00
0.318280	122.00
0.318300	119.00
0.318320	118.00
0.318340	118.00
0.318360	120.00
0.318380	123.00
0.318400	127.00
0.318420	132.00
0.318440	136.00
0.318460	139.00
0.318480	138.00
0.318500	133.00
0.318520	126.00
0.318540	120.00
0.318560	116.00
0.318580	114.00
0.318600	115.00
0.318620	119.00
0.318640	125.00
0.318660	130.00
0.318680	134.00
0.318700	134.00
0.318720	132.00
0.318740	129.00
0.318760	124.00
0.318780	120.00
0.318800	116.00
0.318820	114.00
0.318840	116.00
0.318860	122.00
0.318880	128.00
0.318900	134.00
0.318920	136.00
0.318940	135.00
0.318960	132.00
0.318980	127.00
0.319000	122.00
0.319020	117.00
0.319040	115.00
0.319060	116.00
0.319080	120.00
0.319100	125.00
0.319120	131.00
0.319140	134.00
0.319160	134.00
0.319180	132.00
0.319200	127.00
0.319220	122.00
0.319240	118.00
0.319260	116.00
0.319280	117.00
0.319300	120.00
0.319320	125.00
0.319340	130.00
0.319360	133.00
0.319380	133.00
0.319400	131.00
0.319420	128.00
0.319440	125.00
0.319460	122.00
0.319480	119.00
0.319500	119.00
0.319520	119.00
0.319540	122.00
0.319560	126.00
0.319580	130.00
0.319600	132.00
0.319620	132.00
0.319640	131.00
0.319660	129.00
0.319680	127.00
0.319700	124.00
0.319720	123.00
0.319740	123.00
0.319760	124.00
0.319780	125.00
0.319800	125.00
0.319820	126.00
0.319840	125.00
0.319860	125.00
0.319880	124.00
0.319900	124.00
0.319920	125.00
0.319940	127.00
0.319960	129.00
0.319980	130.00
0.320000	129.00
0.320020	126.00
0.320040	123.00
0.320060	120.00
0.320080	118.00
0.320100	117.00
0.320120	119.00
0.320140	122.00
0.320160	127.00
0.320180	131.00
0.320200	134.00
0.320220	135.00
0.320240	134.00
0.320260	131.00
0.320280	128.00
0.320300	123.00
0.320320	120.00
0.320340	118.00
0.320360	118.00
0.320380	121.00
0.320400	123.00
0.320420	126.00
0.320440	130.00
0.320460	133.00
0.320480	134.00
0.320500	133.00
0.320520	129.00
0.320540	125.00
0.320560	121.00
0.320580	119.00
0.320600	118.00
0.320620	119.00
0.320640	120.00
0.320660	123.00
0.320680	125.00
0.320700	127.00
0.320720	128.00
0.320740	128.00
0.320760	126.00
0.320780	124.00
0.320800	122.00
0.320820	122.00
0.320840	124.00
0.320860	126.00
0.320880	127.00
0.320900	128.00
0.320920	129.00
0.320940	128.00
0.320960	128.00
0.320980	126.00
0.321000	124.00
0.321020	122.00
0.321040	122.00
0.321060	123.00
0.321080	125.00
0.321100	126.00
0.321120	127.00
0.321140	127.00
0.321160	127.00
0.321180	126.00
0.321200	125.00
0.321220	124.00
0.321240	125.00
0.321260	126.00
0.321280	128.00
0.321300	128.00
0.321320	127.00
0.321340	125.00
0.321360	124.00
0.321380	123.00
0.321400	123.00
0.321420	124.00
0.321440	125.00
0.321460	125.00
0.321480	125.00
0.321500	125.00
0.321520	125.00
0.321540	125.00
0.321560	125.00
0.321580	126.00
0.321600	125.00
0.321620	123.00
0.321640	123.00
0.321660	124.00
0.321680	125.00
0.321700	126.00
0.321720	125.00
0.321740	125.00
0.321760	125.00
0.321780	125.00
0.321800	124.00
0.321820	124.00
0.321840	124.00
0.321860	125.00
0.321880	126.00
0.321900	127.00
0.321920	127.00
0.321940	127.00
0.321960	127.00
0.321980	127.00
0.322000	126.00
0.322020	125.00
0.322040	124.00
0.322060	124.00
0.322080	125.00
0.322100	126.00
0.322120	127.00
0.322140	127.00
0.322160	128.00
0.322180	128.00
0.322200	128.00
0.322220	126.00
0.322240	125.00
0.322260	125.00
0.322280	126.00
0.322300	127.00
0.322320	127.00
0.322340	126.00
0.322360	126.00
0.322380	125.00
0.322400	126.00
0.322420	126.00
0.322440	126.00
0.322460	125.00
0.322480	125.00
0.322500	124.00
0.322520	124.00
0.322540	124.00
0.322560	124.00
0.322580	125.00
0.322600	124.00
0.322620	124.00
0.322640	123.00
0.322660	123.00
0.322680	124.00
0.322700	125.00
0.322720	126.00
0.322740	127.00
0.322760	128.00
0.322780	128.00
0.322800	129.00
0.322820	128.00
0.322840	128.00
0.322860	127.00
0.322880	125.00
0.322900	125.00
0.322920	124.00
0.322940	124.00
0.322960	124.00
0.322980	124.00
0.323000	125.00
0.323020	125.00
0.323040	126.00
0.323060	127.00
0.323080	127.00
0.323100	127.00
0.323120	127.00
0.323140	126.00
0.323160	125.00
0.323180	124.00
0.323200	123.00
0.323220	122.00
0.323240	123.00
0.323260	123.00
0.323280	124.00
0.323300	125.00
0.323320	126.00
0.323340	127.00
0.323360	128.00
0.323380	127.00
0.323400	125.00
0.323420	123.00
0.323440	122.00
0.323460	121.00
0.323480	122.00
0.323500	122.00
0.323520	123.00
0.323540	125.00
0.323560	126.00
0.323580	127.00
0.323600	126.00
0.323620	126.00
0.323640	125.00
0.323660	126.00
0.323680	126.00
0.323700	125.00
0.323720	125.00
0.323740	125.00
0.323760	125.00
0.323780	125.00
0.323800	126.00
0.323820	126.00
0.323840	126.00
0.323860	126.00
0.323880	125.00
0.323900	125.00
0.323920	124.00
0.323940	125.00
0.323960	126.00
0.323980	128.00
0.324000	130.00
0.324020	130.00
0.324040	130.00
0.324060	129.00
0.324080	128.00
0.324100	127.00
0.324120	125.00
0.324140	124.00
0.324160	124.00
0.324180	125.00
0.324200	126.00
0.324220	126.00
0.324240	125.00
0.324260	125.00
0.324280	125.00
0.324300	126.00
0.324320	126.00
0.324340	126.00
0.324360	126.00
0.324380	125.00
0.324400	125.00
0.324420	124.00
0.324440	123.00
0.324460	123.00
0.324480	123.00
0.324500	124.00
0.324520	124.00
0.324540	125.00
0.324560	126.00
0.324580	127.00
0.324600	128.00
0.324620	128.00
0.324640	127.00
0.324660	127.00
0.324680	127.00
0.324700	126.00
0.324720	125.00
0.324740	125.00
0.324760	124.00
0.324780	124.00
0.324800	124.00
0.324820	125.00
0.324840	125.00
0.324860	126.00
0.324880	127.00
0.324900	126.00
0.324920	126.00
0.324940	126.00
0.324960	126.00
0.324980	126.00
0.325000	126.00
0.325020	126.00
0.325040	125.00
0.325060	125.00
0.325080	125.00
0.325100	124.00
0.325120	125.00
0.325140	126.00
0.325160	127.00
0.325180	128.00
0.325200	128.00
0.325220	128.00
0.325240	127.00
0.325260	127.00
0.325280	126.00
0.325300	126.00
0.325320	125.00
0.325340	125.00
0.325360	124.00
0.325380	124.00
0.325400	123.00
0.325420	123.00
0.325440	124.00
0.325460	125.00
0.325480	126.00
0.325500	126.00
0.325520	126.00
0.325540	125.00
0.325560	125.00
0.325580	125.00
0.325600	125.00
0.325620	124.00
0.325640	124.00
0.325660	125.00
0.325680	126.00
0.325700	127.00
0.325720	127.00
0.325740	125.00
0.325760	125.00
0.325780	125.00
0.325800	126.00
0.325820	126.00
0.325840	126.00
0.325860	126.00
0.325880	126.00
0.325900	126.00
0.325920	127.00
0.325940	128.00
0.325960	128.00
0.325980	127.00
0.326000	126.00
0.326020	125.00
0.326040	124.00
0.326060	124.00
0.326080	125.00
0.326100	125.00
0.326120	126.00
0.326140	126.00
0.326160	126.00
0.326180	125.00
0.326200	125.00
0.326220	124.00
0.326240	124.00
0.326260	125.00
0.326280	125.00
0.326300	125.00
0.326320	125.00
0.326340	125.00
0.326360	124.00
0.326380	124.00
0.326400	124.00
0.326420	124.00
0.326440	124.00
0.326460	125.00
0.326480	126.00
0.326500	126.00
0.326520	126.00
0.326540	125.00
0.326560	125.00
0.326580	126.00
0.326600	126.00
0.326620	126.00
0.326640	127.00
0.326660	127.00
0.326680	127.00
0.326700	126.00
0.326720	125.00
0.326740	125.00
0.326760	125.00
0.326780	125.00
0.326800	125.00
0.326820	125.00
0.326840	125.00
0.326860	125.00
0.326880	125.00
0.326900	125.00
0.326920	125.00
0.326940	125.00
0.326960	125.00
0.326980	124.00
0.327000	124.00
0.327020	124.00
0.327040	124.00
0.327060	124.00
0.327080	125.00
0.327100	125.00
0.327120	126.00
0.327140	126.00
0.327160	126.00
0.327180	126.00
0.327200	125.00
0.327220	125.00
0.327240	124.00
0.327260	124.00
0.327280	124.00
0.327300	124.00
0.327320	124.00
0.327340	124.00
0.327360	126.00
0.327380	126.00
0.327400	126.00
0.327420	125.00
0.327440	124.00
0.327460	123.00
0.327480	124.00
0.327500	125.00
0.327520	126.00
0.327540	126.00
0.327560	126.00
0.327580	126.00
0.327600	126.00
0.327620	126.00
0.327640	126.00
0.327660	126.00
0.327680	126.00
0.327700	125.00
0.327720	125.00
0.327740	126.00
0.327760	126.00
0.327780	126.00
0.327800	125.00
0.327820	125.00
0.327840	125.00
0.327860	125.00
0.327880	126.00
0.327900	125.00
0.327920	125.00
0.327940	125.00
0.327960	125.00
0.327980	126.00
0.328000	126.00
0.328020	124.00
0.328040	123.00
0.328060	123.00
0.328080	125.00
0.328100	126.00
0.328120	126.00
0.328140	125.00
0.328160	124.00
0.328180	124.00
0.328200	124.00
0.328220	125.00
0.328240	126.00
0.328260	126.00
0.328280	126.00
0.328300	125.00
0.328320	125.00
0.328340	125.00
0.328360	125.00
0.328380	126.00
0.328400	126.00
0.328420	126.00
0.328440	125.00
0.328460	125.00
0.328480	125.00
0.328500	126.00
0.328520	126.00
0.328540	125.00
0.328560	125.00
0.328580	124.00
0.328600	124.00
0.328620	125.00
0.328640	125.00
0.328660	126.00
0.328680	127.00
0.328700	127.00
0.328720	126.00
0.328740	125.00
0.328760	124.00
0.328780	124.00
0.328800	126.00
0.328820	127.00
0.328840	128.00
0.328860	128.00
0.328880	127.00
0.328900	127.00
0.328920	126.00
0.328940	126.00
0.328960	125.00
0.328980	125.00
0.329000	125.00
0.329020	125.00
0.329040	124.00
0.329060	124.00
0.329080	124.00
0.329100	125.00
0.329120	125.00
0.329140	125.00
0.329160	124.00
0.329180	124.00
0.329200	124.00
0.329220	124.00
0.329240	125.00
0.329260	126.00
0.329280	126.00
0.329300	127.00
0.329320	127.00
0.329340	127.00
0.329360	127.00
0.329380	126.00
0.329400	125.00
0.329420	124.00
0.329440	123.00
0.329460	123.00
0.329480	123.00
0.329500	124.00
0.329520	125.00
0.329540	125.00
0.329560	125.00
0.329580	125.00
0.329600	126.00
0.329620	126.00
0.329640	126.00
0.329660	126.00
0.329680	126.00
0.329700	126.00
0.329720	126.00
0.329740	126.00
0.329760	125.00
0.329780	125.00
0.329800	125.00
0.329820	126.00
0.329840	126.00
0.329860	125.00
0.329880	125.00
0.329900	125.00
0.329920	125.00
0.329940	126.00
0.329960	126.00
0.329980	126.00
0.330000	125.00
0.330020	125.00
0.330040	125.00
0.330060	125.00
0.330080	125.00
0.330100	124.00
0.330120	124.00
0.330140	123.00
0.330160	124.00
0.330180	124.00
0.330200	124.00
0.330220	123.00
0.330240	123.00
0.330260	123.00
0.330280	125.00
0.330300	126.00
0.330320	128.00
0.330340	128.00
0.330360	128.00
0.330380	127.00
0.330400	126.00
0.330420	126.00
0.330440	126.00
0.330460	126.00
0.330480	126.00
0.330500	126.00
0.330520	125.00
0.330540	124.00
0.330560	125.00
0.330580	126.00
0.330600	127.00
0.330620	128.00
0.330640	127.00
0.330660	126.00
0.330680	125.00
0.330700	125.00
0.330720	125.00
0.330740	125.00
0.330760	125.00
0.330780	126.00
0.330800	126.00
0.330820	126.00
0.330840	126.00
0.330860	125.00
0.330880	125.00
0.330900	124.00
0.330920	124.00
0.330940	124.00
0.330960	125.00
0.330980	125.00
0.331000	125.00
0.331020	125.00
0.331040	125.00
0.331060	126.00
0.331080	126.00
0.331100	126.00
0.331120	126.00
0.331140	126.00
0.331160	126.00
0.331180	126.00
0.331200	126.00
0.331220	126.00
0.331240	126.00
0.331260	126.00
0.331280	125.00
0.331300	125.00
0.331320	125.00
0.331340	125.00
0.331360	125.00
0.331380	125.00
0.331400	126.00
0.331420	126.00
0.331440	126.00
0.331460	126.00
0.331480	126.00
0.331500	126.00
0.331520	126.00
0.331540	126.00
0.331560	126.00
0.331580	125.00
0.331600	125.00
0.331620	124.00
0.331640	124.00
0.331660	125.00
0.331680	126.00
0.331700	126.00
0.331720	125.00
0.331740	125.00
0.331760	125.00
0.331780	126.00
0.331800	126.00
0.331820	126.00
0.331840	126.00
0.331860	125.00
0.331880	125.00
0.331900	125.00
0.331920	124.00
0.331940	125.00
0.331960	125.00
0.331980	125.00
0.332000	125.00
0.332020	125.00
0.332040	125.00
0.332060	125.00
0.332080	125.00
0.332100	125.00
0.332120	125.00
0.332140	125.00
0.332160	125.00
0.332180	125.00
0.332200	126.00
0.332220	126.00
0.332240	125.00
0.332260	124.00
0.332280	124.00
0.332300	124.00
0.332320	125.00
0.332340	126.00
0.332360	125.00
0.332380	125.00
0.332400	125.00
0.332420	126.00
0.332440	126.00
0.332460	126.00
0.332480	126.00
0.332500	125.00
0.332520	125.00
0.332540	125.00
0.332560	126.00
0.332580	127.00
0.332600	127.00
0.332620	127.00
0.332640	126.00
0.332660	126.00
0.332680	127.00
0.332700	127.00
0.332720	126.00
0.332740	125.00
0.332760	124.00
0.332780	123.00
0.332800	123.00
0.332820	124.00
0.332840	124.00
0.332860	125.00
0.332880	125.00
0.332900	125.00
0.332920	125.00
0.332940	125.00
0.332960	125.00
0.332980	125.00
0.333000	126.00
0.333020	126.00
0.333040	126.00
0.333060	125.00
0.333080	125.00
0.333100	124.00
0.333120	124.00
0.333140	124.00
0.333160	124.00
0.333180	124.00
0.333200	124.00
0.333220	124.00
0.333240	124.00
0.333260	124.00
0.333280	125.00
0.333300	126.00
0.333320	126.00
0.333340	126.00
0.333360	126.00
0.333380	125.00
0.333400	125.00
0.333420	125.00
0.333440	125.00
0.333460	126.00
0.333480	126.00
0.333500	127.00
0.333520	127.00
0.333540	127.00
0.333560	127.00
0.333580	127.00
0.333600	126.00
0.333620	125.00
0.333640	125.00
0.333660	125.00
0.333680	125.00
0.333700	126.00
0.333720	127.00
0.333740	127.00
0.333760	126.00
0.333780	125.00
0.333800	125.00
0.333820	124.00
0.333840	124.00
0.333860	125.00
0.333880	125.00
0.333900	125.00
0.333920	125.00
0.333940	125.00
0.333960	125.00
0.333980	124.00
0.334000	124.00
0.334020	124.00
0.334040	124.00
0.334060	125.00
0.334080	125.00
0.334100	125.00
0.334120	124.00
0.334140	124.00
0.334160	124.00
0.334180	125.00
0.334200	125.00
0.334220	125.00
0.334240	125.00
0.334260	125.00
0.334280	126.00
0.334300	126.00
0.334320	125.00
0.334340	125.00
0.334360	125.00
0.334380	126.00
0.334400	127.00
0.334420	128.00
0.334440	127.00
0.334460	126.00
0.334480	125.00
0.334500	125.00
0.334520	125.00
0.334540	126.00
0.334560	127.00
0.334580	127.00
0.334600	127.00
0.334620	127.00
0.334640	127.00
0.334660	127.00
0.334680	127.00
0.334700	127.00
0.334720	127.00
0.334740	126.00
0.334760	126.00
0.334780	126.00
0.334800	125.00
0.334820	126.00
0.334840	126.00
0.334860	126.00
0.334880	125.00
0.334900	124.00
0.334920	124.00
0.334940	123.00
0.334960	122.00
0.334980	121.00
0.335000	121.00
0.335020	122.00
0.335040	123.00
0.335060	124.00
0.335080	125.00
0.335100	126.00
0.335120	126.00
0.335140	126.00
0.335160	125.00
0.335180	125.00
0.335200	126.00
0.335220	127.00
0.335240	127.00
0.335260	126.00
0.335280	125.00
0.335300	125.00
0.335320	125.00
0.335340	126.00
0.335360	126.00
0.335380	126.00
0.335400	125.00
0.335420	124.00
0.335440	123.00
0.335460	123.00
0.335480	124.00
0.335500	125.00
0.335520	125.00
0.335540	125.00
0.335560	125.00
0.335580	125.00
0.335600	127.00
0.335620	128.00
0.335640	128.00
0.335660	127.00
0.335680	125.00
0.335700	124.00
0.335720	125.00
0.335740	126.00
0.335760	127.00
0.335780	126.00
0.335800	125.00
0.335820	124.00
0.335840	124.00
0.335860	125.00
0.335880	125.00
0.335900	124.00
0.335920	124.00
0.335940	125.00
0.335960	126.00
0.335980	126.00
0.336000	126.00
0.336020	124.00
0.336040	124.00
0.336060	124.00
0.336080	124.00
0.336100	124.00
0.336120	124.00
0.336140	124.00
0.336160	124.00
0.336180	126.00
0.336200	126.00
0.336220	127.00
0.336240	127.00
0.336260	127.00
0.336280	128.00
0.336300	128.00
0.336320	128.00
0.336340	128.00
0.336360	128.00
0.336380	128.00
0.336400	127.00
0.336420	126.00
0.336440	124.00
0.336460	124.00
0.336480	124.00
0.336500	124.00
0.336520	125.00
0.336540	124.00
0.336560	124.00
0.336580	125.00
0.336600	125.00
0.336620	125.00
0.336640	125.00
0.336660	125.00
0.336680	125.00
0.336700	125.00
0.336720	126.00
0.336740	126.00
0.336760	127.00
0.336780	127.00
0.336800	127.00
0.336820	127.00
0.336840	126.00
0.336860	126.00
0.336880	125.00
0.336900	125.00
0.336920	125.00
0.336940	125.00
0.336960	125.00
0.336980	124.00
0.337000	124.00
0.337020	124.00
0.337040	124.00
0.337060	124.00
0.337080	125.00
0.337100	126.00
0.337120	127.00
0.337140	127.00
0.337160	127.00
0.337180	126.00
0.337200	126.00
0.337220	125.00
0.337240	124.00
0.337260	124.00
0.337280	124.00
0.337300	125.00
0.337320	125.00
0.337340	125.00
0.337360	125.00
0.337380	125.00
0.337400	125.00
0.337420	126.00
0.337440	125.00
0.337460	125.00
0.337480	125.00
0.337500	125.00
0.337520	125.00
0.337540	125.00
0.337560	125.00
0.337580	125.00
0.337600	126.00
0.337620	127.00
0.337640	128.00
0.337660	127.00
0.337680	126.00
0.337700	125.00
0.337720	125.00
0.337740	125.00
0.337760	125.00
0.337780	125.00
0.337800	125.00
0.337820	125.00
0.337840	125.00
0.337860	124.00
0.337880	123.00
0.337900	123.00
0.337920	124.00
0.337940	125.00
0.337960	125.00
0.337980	125.00
0.338000	124.00
0.338020	125.00
0.338040	125.00
0.338060	125.00
0.338080	124.00
0.338100	124.00
0.338120	124.00
0.338140	125.00
0.338160	125.00
0.338180	125.00
0.338200	125.00
0.338220	125.00
0.338240	126.00
0.338260	127.00
0.338280	127.00
0.338300	126.00
0.338320	125.00
0.338340	125.00
0.338360	125.00
0.338380	126.00
0.338400	126.00
0.338420	127.00
0.338440	127.00
0.338460	127.00
0.338480	127.00
0.338500	127.00
0.338520	126.00
0.338540	126.00
0.338560	127.00
0.338580	127.00
0.338600	126.00
0.338620	126.00
0.338640	125.00
0.338660	124.00
0.338680	123.00
0.338700	123.00
0.338720	124.00
0.338740	124.00
0.338760	125.00
0.338780	125.00
0.338800	125.00
0.338820	125.00
0.338840	126.00
0.338860	127.00
0.338880	127.00
0.338900	126.00
0.338920	125.00
0.338940	124.00
0.338960	125.00
0.338980	126.00
0.339000	126.00
0.339020	126.00
0.339040	126.00
0.339060	126.00
0.339080	126.00
0.339100	127.00
0.339120	127.00
0.339140	126.00
0.339160	126.00
0.339180	126.00
0.339200	126.00
0.339220	125.00
0.339240	125.00
0.339260	125.00
0.339280	125.00
0.339300	126.00
0.339320	126.00
0.339340	126.00
0.339360	126.00
0.339380	126.00
0.339400	126.00
0.339420	126.00
0.339440	126.00
0.339460	126.00
0.339480	126.00
0.339500	126.00
0.339520	125.00
0.339540	126.00
0.339560	126.00
0.339580	127.00
0.339600	127.00
0.339620	127.00
0.339640	127.00
0.339660	126.00
0.339680	125.00
0.339700	124.00
0.339720	123.00
0.339740	123.00
0.339760	123.00
0.339780	123.00
0.339800	123.00
0.339820	123.00
0.339840	124.00
0.339860	126.00
0.339880	126.00
0.339900	126.00
0.339920	125.00
0.339940	124.00
0.339960	124.00
0.339980	124.00
0.340000	125.00
0.340020	125.00
0.340040	125.00
0.340060	126.00
0.340080	127.00
0.340100	127.00
0.340120	127.00
0.340140	127.00
0.340160	128.00
0.340180	129.00
0.340200	129.00
0.340220	129.00
0.340240	127.00
0.340260	126.00
0.340280	125.00
0.340300	124.00
0.340320	123.00
0.340340	122.00
0.340360	123.00
0.340380	124.00
0.340400	125.00
0.340420	126.00
0.340440	126.00
0.340460	126.00
0.340480	126.00
0.340500	126.00
0.340520	125.00
0.340540	124.00
0.340560	124.00
0.340580	125.00
0.340600	126.00
0.340620	126.00
0.340640	126.00
0.340660	125.00
0.340680	125.00
0.340700	125.00
0.340720	125.00
0.340740	125.00
0.340760	125.00
0.340780	125.00
0.340800	125.00
0.340820	124.00
0.340840	123.00
0.340860	124.00
0.340880	124.00
0.340900	126.00
0.340920	126.00
0.340940	125.00
0.340960	124.00
0.340980	124.00
0.341000	124.00
0.341020	125.00
0.341040	125.00
0.341060	125.00
0.341080	125.00
0.341100	125.00
0.341120	126.00
0.341140	126.00
0.341160	127.00
0.341180	127.00
0.341200	128.00
0.341220	127.00
0.341240	126.00
0.341260	125.00
0.341280	124.00
0.341300	124.00
0.341320	125.00
0.341340	126.00
0.341360	127.00
0.341380	128.00
0.341400	128.00
0.341420	127.00
0.341440	126.00
0.341460	125.00
0.341480	124.00
0.341500	124.00
0.341520	124.00
0.341540	125.00
0.341560	125.00
0.341580	126.00
0.341600	126.00
0.341620	125.00
0.341640	125.00
0.341660	125.00
0.341680	124.00
0.341700	124.00
0.341720	124.00
0.341740	124.00
0.341760	124.00
0.341780	124.00
0.341800	124.00
0.341820	124.00
0.341840	125.00
0.341860	125.00
0.341880	125.00
0.341900	125.00
0.341920	125.00
0.341940	125.00
0.341960	124.00
0.341980	124.00
0.342000	124.00
0.342020	124.00
0.342040	125.00
0.342060	126.00
0.342080	126.00
0.342100	127.00
0.342120	127.00
0.342140	127.00
0.342160	127.00
0.342180	126.00
0.342200	125.00
0.342220	124.00
0.342240	123.00
0.342260	124.00
0.342280	125.00
0.342300	127.00
0.342320	129.00
0.342340	130.00
0.342360	130.00
0.342380	128.00
0.342400	126.00
0.342420	125.00
0.342440	123.00
0.342460	123.00
0.342480	123.00
0.342500	123.00
0.342520	124.00
0.342540	124.00
0.342560	126.00
0.342580	129.00
0.342600	131.00
0.342620	131.00
0.342640	129.00
0.342660	126.00
0.342680	123.00
0.342700	121.00
0.342720	119.00
0.342740	118.00
0.342760	119.00
0.342780	122.00
0.342800	126.00
0.342820	130.00
0.342840	132.00
0.342860	132.00
0.342880	131.00
0.342900	128.00
0.342920	125.00
0.342940	121.00
0.342960	117.00
0.342980	116.00
0.343000	117.00
0.343020	121.00
0.343040	126.00
0.343060	130.00
0.343080	133.00
0.343100	134.00
0.343120	134.00
0.343140	132.00
0.343160	129.00
0.343180	126.00
0.343200	123.00
0.343220	121.00
0.343240	121.00
0.343260	121.00
0.343280	123.00
0.343300	126.00
0.343320	129.00
0.343340	131.00
0.343360	131.00
0.343380	129.00
0.343400	127.00
0.343420	126.00
0.343440	126.00
0.343460	125.00
0.343480	124.00
0.343500	124.00
0.343520	124.00
0.343540	124.00
0.343560	124.00
0.343580	123.00
0.343600	122.00
0.343620	123.00
0.343640	124.00
0.343660	126.00
0.343680	127.00
0.343700	127.00
0.343720	126.00
0.343740	125.00
0.343760	124.00
0.343780	122.00
0.343800	122.00
0.343820	122.00
0.343840	123.00
0.343860	125.00
0.343880	125.00
0.343900	126.00
0.343920	127.00
0.343940	127.00
0.343960	128.00
0.343980	127.00
0.344000	125.00
0.344020	124.00
0.344040	123.00
0.344060	122.00
0.344080	121.00
0.344100	121.00
0.344120	123.00
0.344140	125.00
0.344160	128.00
0.344180	130.00
0.344200	131.00
0.344220	130.00
0.344240	128.00
0.344260	125.00
0.344280	122.00
0.344300	120.00
0.344320	120.00
0.344340	121.00
0.344360	125.00
0.344380	128.00
0.344400	131.00
0.344420	132.00
0.344440	132.00
0.344460	130.00
0.344480	127.00
0.344500	123.00
0.344520	120.00
0.344540	119.00
0.344560	119.00
0.344580	121.00
0.344600	123.00
0.344620	125.00
0.344640	126.00
0.344660	127.00
0.344680	128.00
0.344700	127.00
0.344720	126.00
0.344740	124.00
0.344760	122.00
0.344780	121.00
0.344800	121.00
0.344820	121.00
0.344840	121.00
0.344860	123.00
0.344880	125.00
0.344900	127.00
0.344920	129.00
0.344940	130.00
0.344960	131.00
0.344980	130.00
0.345000	129.00
0.345020	127.00
0.345040	124.00
0.345060	120.00
0.345080	117.00
0.345100	117.00
0.345120	119.00
0.345140	123.00
0.345160	128.00
0.345180	131.00
0.345200	134.00
0.345220	134.00
0.345240	132.00
0.345260	128.00
0.345280	124.00
0.345300	120.00
0.345320	119.00
0.345340	119.00
0.345360	122.00
0.345380	125.00
0.345400	129.00
0.345420	131.00
0.345440	132.00
0.345460	132.00
0.345480	131.00
0.345500	129.00
0.345520	127.00
0.345540	125.00
0.345560	123.00
0.345580	121.00
0.345600	121.00
0.345620	121.00
0.345640	121.00
0.345660	122.00
0.345680	123.00
0.345700	125.00
0.345720	127.00
0.345740	129.00
0.345760	130.00
0.345780	129.00
0.345800	128.00
0.345820	126.00
0.345840	124.00
0.345860	123.00
0.345880	122.00
0.345900	122.00
0.345920	123.00
0.345940	124.00
0.345960	126.00
0.345980	127.00
0.346000	128.00
0.346020	128.00
0.346040	129.00
0.346060	130.00
0.346080	129.00
0.346100	127.00
0.346120	125.00
0.346140	124.00
0.346160	123.00
0.346180	124.00
0.346200	125.00
0.346220	125.00
0.346240	126.00
0.346260	127.00
0.346280	128.00
0.346300	128.00
0.346320	128.00
0.346340	127.00
0.346360	127.00
0.346380	126.00
0.346400	125.00
0.346420	123.00
0.346440	123.00
0.346460	123.00
0.346480	124.00
0.346500	125.00
0.346520	125.00
0.346540	126.00
0.346560	126.00
0.346580	127.00
0.346600	127.00
0.346620	126.00
0.346640	125.00
0.346660	123.00
0.346680	122.00
0.346700	121.00
0.346720	121.00
0.346740	122.00
0.346760	124.00
0.346780	125.00
0.346800	126.00
0.346820	127.00
0.346840	127.00
0.346860	128.00
0.346880	128.00
0.346900	128.00
0.346920	127.00
0.346940	126.00
0.346960	125.00
0.346980	124.00
0.347000	122.00
0.347020	122.00
0.347040	122.00
0.347060	124.00
0.347080	126.00
0.347100	128.00
0.347120	129.00
0.347140	128.00
0.347160	128.00
0.347180	127.00
0.347200	126.00
0.347220	125.00
0.347240	123.00
0.347260	123.00
0.347280	123.00
0.347300	124.00
0.347320	125.00
0.347340	126.00
0.347360	126.00
0.347380	125.00
0.347400	125.00
0.347420	125.00
0.347440	125.00
0.347460	125.00
0.347480	126.00
0.347500	126.00
0.347520	126.00
0.347540	125.00
0.347560	125.00
0.347580	124.00
0.347600	123.00
0.347620	124.00
0.347640	124.00
0.347660	125.00
0.347680	125.00
0.347700	125.00
0.347720	125.00
0.347740	125.00
0.347760	125.00
0.347780	126.00
0.347800	127.00
0.347820	127.00
0.347840	126.00
0.347860	126.00
0.347880	125.00
0.347900	126.00
0.347920	126.00
0.347940	126.00
0.347960	125.00
0.347980	125.00
0.348000	124.00
0.348020	124.00
0.348040	125.00
0.348060	125.00
0.348080	125.00
0.348100	125.00
0.348120	125.00
0.348140	125.00
0.348160	126.00
0.348180	126.00
0.348200	126.00
0.348220	126.00
0.348240	126.00
0.348260	125.00
0.348280	125.00
0.348300	125.00
0.348320	124.00
0.348340	124.00
0.348360	125.00
0.348380	125.00
0.348400	126.00
0.348420	126.00
0.348440	126.00
0.348460	125.00
0.348480	125.00
0.348500	125.00
0.348520	125.00
0.348540	125.00
0.348560	125.00
0.348580	125.00
0.348600	125.00
0.348620	125.00
0.348640	124.00
0.348660	124.00
0.348680	124.00
0.348700	124.00
0.348720	124.00
0.348740	125.00
0.348760	126.00
0.348780	128.00
0.348800	128.00
0.348820	128.00
0.348840	127.00
0.348860	125.00
0.348880	125.00
0.348900	125.00
0.348920	125.00
0.348940	125.00
0.348960	125.00
0.348980	126.00
0.349000	127.00
0.349020	127.00
0.349040	127.00
0.349060	127.00
0.349080	126.00
0.349100	126.00
0.349120	125.00
0.349140	125.00
0.349160	125.00
0.349180	126.00
0.349200	126.00
0.349220	126.00
0.349240	126.00
0.349260	126.00
0.349280	126.00
0.349300	126.00
0.349320	127.00
0.349340	127.00
0.349360	127.00
0.349380	127.00
0.349400	126.00
0.349420	125.00
0.349440	124.00
0.349460	123.00
0.349480	124.00
0.349500	125.00
0.349520	125.00
0.349540	126.00
0.349560	125.00
0.349580	125.00
0.349600	125.00
0.349620	126.00
0.349640	127.00
0.349660	126.00
0.349680	124.00
0.349700	122.00
0.349720	123.00
0.349740	124.00
0.349760	126.00
0.349780	127.00
0.349800	127.00
0.349820	127.00
0.349840	128.00
0.349860	128.00
0.349880	127.00
0.349900	126.00
0.349920	125.00
0.349940	124.00
0.349960	123.00
0.349980	123.00
0.350000	122.00
0.350020	123.00
0.350040	124.00
0.350060	126.00
0.350080	126.00
0.350100	126.00
0.350120	126.00
0.350140	126.00
0.350160	127.00
0.350180	126.00
0.350200	125.00
0.350220	124.00
0.350240	123.00
0.350260	124.00
0.350280	125.00
0.350300	125.00
0.350320	124.00
0.350340	123.00
0.350360	123.00
0.350380	125.00
0.350400	126.00
0.350420	126.00
0.350440	126.00
0.350460	125.00
0.350480	125.00
0.350500	125.00
0.350520	125.00
0.350540	125.00
0.350560	125.00
0.350580	126.00
0.350600	127.00
0.350620	127.00
0.350640	126.00
0.350660	125.00
0.350680	124.00
0.350700	124.00
0.350720	125.00
0.350740	125.00
0.350760	125.00
0.350780	125.00
0.350800	125.00
0.350820	126.00
0.350840	127.00
0.350860	127.00
0.350880	128.00
0.350900	127.00
0.350920	127.00
0.350940	126.00
0.350960	126.00
0.350980	125.00
0.351000	125.00
0.351020	125.00
0.351040	126.00
0.351060	126.00
0.351080	126.00
0.351100	125.00
0.351120	125.00
0.351140	125.00
0.351160	126.00
0.351180	126.00
0.351200	127.00
0.351220	127.00
0.351240	126.00
0.351260	125.00
0.351280	125.00
0.351300	124.00
0.351320	124.00
0.351340	124.00
0.351360	123.00
0.351380	123.00
0.351400	123.00
0.351420	124.00
0.351440	125.00
0.351460	125.00
0.351480	125.00
0.351500	124.00
0.351520	124.00
0.351540	124.00
0.351560	125.00
0.351580	126.00
0.351600	126.00
0.351620	126.00
0.351640	126.00
0.351660	126.00
0.351680	126.00
0.351700	126.00
0.351720	126.00
0.351740	126.00
0.351760	126.00
0.351780	126.00
0.351800	127.00
0.351820	127.00
0.351840	127.00
0.351860	126.00
0.351880	125.00
0.351900	124.00
0.351920	124.00
0.351940	125.00
0.351960	127.00
0.351980	128.00
0.352000	128.00
0.352020	128.00
0.352040	128.00
0.352060	127.00
0.352080	127.00
0.352100	126.00
0.352120	126.00
0.352140	125.00
0.352160	124.00
0.352180	124.00
0.352200	124.00
0.352220	124.00
0.352240	124.00
0.352260	124.00
0.352280	124.00
0.352300	124.00
0.352320	124.00
0.352340	125.00
0.352360	125.00
0.352380	125.00
0.352400	125.00
0.352420	124.00
0.352440	124.00
0.352460	124.00
0.352480	124.00
0.352500	125.00
0.352520	125.00
0.352540	125.00
0.352560	124.00
0.352580	124.00
0.352600	124.00
0.352620	124.00
0.352640	124.00
0.352660	125.00
0.352680	125.00
0.352700	126.00
0.352720	126.00
0.352740	126.00
0.352760	127.00
0.352780	128.00
0.352800	128.00
0.352820	128.00
0.352840	127.00
0.352860	126.00
0.352880	126.00
0.352900	125.00
0.352920	125.00
0.352940	124.00
0.352960	124.00
0.352980	125.00
0.353000	126.00
0.353020	127.00
0.353040	128.00
0.353060	127.00
0.353080	127.00
0.353100	127.00
0.353120	127.00
0.353140	127.00
0.353160	126.00
0.353180	125.00
0.353200	124.00
0.353220	125.00
0.353240	125.00
0.353260	125.00
0.353280	124.00
0.353300	124.00
0.353320	124.00
0.353340	125.00
0.353360	125.00
0.353380	126.00
0.353400	126.00
0.353420	126.00
0.353440	125.00
0.353460	124.00
0.353480	124.00
0.353500	124.00
0.353520	124.00
0.353540	125.00
0.353560	126.00
0.353580	126.00
0.353600	126.00
0.353620	125.00
0.353640	125.00
0.353660	124.00
0.353680	124.00
0.353700	124.00
0.353720	125.00
0.353740	125.00
0.353760	126.00
0.353780	126.00
0.353800	126.00
0.353820	126.00
0.353840	126.00
0.353860	126.00
0.353880	126.00
0.353900	126.00
0.353920	126.00
0.353940	126.00
0.353960	126.00
0.353980	126.00
0.354000	126.00
0.354020	126.00
0.354040	126.00
0.354060	125.00
0.354080	126.00
0.354100	126.00
0.354120	126.00
0.354140	126.00
0.354160	125.00
0.354180	125.00
0.354200	125.00
0.354220	124.00
0.354240	124.00
0.354260	124.00
0.354280	125.00
0.354300	126.00
0.354320	127.00
0.354340	127.00
0.354360	126.00
0.354380	126.00
0.354400	125.00
0.354420	125.00
0.354440	124.00
0.354460	122.00
0.354480	122.00
0.354500	124.00
0.354520	127.00
0.354540	128.00
0.354560	128.00
0.354580	126.00
0.354600	126.00
0.354620	126.00
0.354640	126.00
0.354660	126.00
0.354680	126.00
0.354700	126.00
0.354720	126.00
0.354740	126.00
0.354760	126.00
0.354780	125.00
0.354800	124.00
0.354820	124.00
0.354840	125.00
0.354860	125.00
0.354880	125.00
0.354900	125.00
0.354920	125.00
0.354940	126.00
0.354960	126.00
0.354980	126.00
0.355000	125.00
0.355020	125.00
0.355040	124.00
0.355060	125.00
0.355080	125.00
0.355100	125.00
0.355120	125.00
0.355140	125.00
0.355160	125.00
0.355180	125.00
0.355200	125.00
0.355220	125.00
0.355240	124.00
0.355260	123.00
0.355280	122.00
0.355300	123.00
0.355320	124.00
0.355340	125.00
0.355360	126.00
0.355380	126.00
0.355400	126.00
0.355420	125.00
0.355440	126.00
0.355460	126.00
0.355480	126.00
0.355500	126.00
0.355520	126.00
0.355540	125.00
0.355560	125.00
0.355580	124.00
0.355600	124.00
0.355620	124.00
0.355640	125.00
0.355660	125.00
0.355680	126.00
0.355700	126.00
0.355720	127.00
0.355740	127.00
0.355760	126.00
0.355780	124.00
0.355800	124.00
0.355820	124.00
0.355840	125.00
0.355860	126.00
0.355880	127.00
0.355900	126.00
0.355920	126.00
0.355940	126.00
0.355960	127.00
0.355980	128.00
0.356000	127.00
0.356020	127.00
0.356040	126.00
0.356060	125.00
0.356080	125.00
0.356100	125.00
0.356120	125.00
0.356140	125.00
0.356160	125.00
0.356180	125.00
0.356200	124.00
0.356220	124.00
0.356240	124.00
0.356260	125.00
0.356280	125.00
0.356300	125.00
0.356320	124.00
0.356340	124.00
0.356360	124.00
0.356380	124.00
0.356400	125.00
0.356420	125.00
0.356440	125.00
0.356460	125.00
0.356480	125.00
0.356500	126.00
0.356520	126.00
0.356540	126.00
0.356560	126.00
0.356580	126.00
0.356600	126.00
0.356620	127.00
0.356640	127.00
0.356660	127.00
0.356680	127.00
0.356700	125.00
0.356720	125.00
0.356740	125.00
0.356760	125.00
0.356780	125.00
0.356800	125.00
0.356820	124.00
0.356840	124.00
0.356860	125.00
0.356880	126.00
0.356900	126.00
0.356920	126.00
0.356940	125.00
0.356960	125.00
0.356980	124.00
0.357000	125.00
0.357020	125.00
0.357040	126.00
0.357060	126.00
0.357080	125.00
0.357100	125.00
0.357120	125.00
0.357140	125.00
0.357160	125.00
0.357180	125.00
0.357200	124.00
0.357220	124.00
0.357240	124.00
0.357260	124.00
0.357280	124.00
0.357300	124.00
0.357320	124.00
0.357340	125.00
0.357360	125.00
0.357380	125.00
0.357400	124.00
0.357420	124.00
0.357440	125.00
0.357460	125.00
0.357480	126.00
0.357500	126.00
0.357520	125.00
0.357540	125.00
0.357560	125.00
0.357580	125.00
0.357600	125.00
0.357620	125.00
0.357640	125.00
0.357660	125.00
0.357680	125.00
0.357700	126.00
0.357720	127.00
0.357740	127.00
0.357760	128.00
0.357780	128.00
0.357800	127.00
0.357820	126.00
0.357840	126.00
0.357860	126.00
0.357880	126.00
0.357900	126.00
0.357920	127.00
0.357940	127.00
0.357960	127.00
0.357980	126.00
0.358000	126.00
0.358020	126.00
0.358040	125.00
0.358060	125.00
0.358080	124.00
0.358100	124.00
0.358120	125.00
0.358140	125.00
0.358160	125.00
0.358180	124.00
0.358200	123.00
0.358220	123.00
0.358240	124.00
0.358260	125.00
0.358280	125.00
0.358300	125.00
0.358320	124.00
0.358340	124.00
0.358360	124.00
0.358380	125.00
0.358400	126.00
0.358420	126.00
0.358440	127.00
0.358460	127.00
0.358480	127.00
0.358500	127.00
0.358520	126.00
0.358540	125.00
0.358560	124.00
0.358580	124.00
0.358600	124.00
0.358620	124.00
0.358640	124.00
0.358660	125.00
0.358680	125.00
0.358700	126.00
0.358720	127.00
0.358740	128.00
0.358760	128.00
0.358780	127.00
0.358800	127.00
0.358820	128.00
0.358840	128.00
0.358860	128.00
0.358880	128.00
0.358900	127.00
0.358920	126.00
0.358940	125.00
0.358960	124.00
0.358980	123.00
0.359000	123.00
0.359020	123.00
0.359040	124.00
0.359060	125.00
0.359080	125.00
0.359100	125.00
0.359120	126.00
0.359140	126.00
0.359160	125.00
0.359180	125.00
0.359200	124.00
0.359220	124.00
0.359240	125.00
0.359260	126.00
0.359280	126.00
0.359300	125.00
0.359320	125.00
0.359340	125.00
0.359360	125.00
0.359380	125.00
0.359400	125.00
0.359420	125.00
0.359440	126.00
0.359460	126.00
0.359480	126.00
0.359500	125.00
0.359520	125.00
0.359540	125.00
0.359560	125.00
0.359580	126.00
0.359600	125.00
0.359620	125.00
0.359640	126.00
0.359660	126.00
0.359680	126.00
0.359700	126.00
0.359720	125.00
0.359740	125.00
0.359760	126.00
0.359780	126.00
0.359800	126.00
0.359820	126.00
0.359840	126.00
0.359860	127.00
0.359880	126.00
0.359900	126.00
0.359920	126.00
0.359940	126.00
0.359960	126.00
0.359980	127.00
0.360000	127.00
0.360020	126.00
0.360040	126.00
0.360060	126.00
0.360080	126.00
0.360100	126.00
0.360120	125.00
0.360140	125.00
0.360160	124.00
0.360180	124.00
0.360200	124.00
0.360220	124.00
0.360240	124.00
0.360260	124.00
0.360280	125.00
0.360300	125.00
0.360320	125.00
0.360340	125.00
0.360360	125.00
0.360380	125.00
0.360400	125.00
0.360420	125.00
0.360440	125.00
0.360460	125.00
0.360480	126.00
0.360500	126.00
0.360520	126.00
0.360540	125.00
0.360560	125.00
0.360580	124.00
0.360600	124.00
0.360620	125.00
0.360640	125.00
0.360660	126.00
0.360680	126.00
0.360700	126.00
0.360720	125.00
0.360740	125.00
0.360760	126.00
0.360780	126.00
0.360800	127.00
0.360820	126.00
0.360840	126.00
0.360860	126.00
0.360880	126.00
0.360900	126.00
0.360920	125.00
0.360940	125.00
0.360960	124.00
0.360980	124.00
0.361000	124.00
0.361020	125.00
0.361040	125.00
0.361060	125.00
0.361080	125.00
0.361100	124.00
0.361120	124.00
0.361140	124.00
0.361160	125.00
0.361180	125.00
0.361200	125.00
0.361220	125.00
0.361240	125.00
0.361260	126.00
0.361280	126.00
0.361300	127.00
0.361320	126.00
0.361340	126.00
0.361360	126.00
0.361380	126.00
0.361400	126.00
0.361420	126.00
0.361440	126.00
0.361460	127.00
0.361480	127.00
0.361500	128.00
0.361520	128.00
0.361540	127.00
0.361560	127.00
0.361580	127.00
0.361600	127.00
0.361620	126.00
0.361640	125.00
0.361660	124.00
0.361680	124.00
0.361700	124.00
0.361720	125.00
0.361740	125.00
0.361760	124.00
0.361780	124.00
0.361800	124.00
0.361820	124.00
0.361840	125.00
0.361860	125.00
0.361880	126.00
0.361900	126.00
0.361920	125.00
0.361940	125.00
0.361960	125.00
0.361980	125.00
0.362000	125.00
0.362020	124.00
0.362040	123.00
0.362060	123.00
0.362080	123.00
0.362100	123.00
0.362120	123.00
0.362140	123.00
0.362160	124.00
0.362180	125.00
0.362200	126.00
0.362220	126.00
0.362240	126.00
0.362260	126.00
0.362280	125.00
0.362300	125.00
0.362320	125.00
0.362340	124.00
0.362360	124.00
0.362380	124.00
0.362400	125.00
0.362420	125.00
0.362440	126.00
0.362460	126.00
0.362480	127.00
0.362500	128.00
0.362520	127.00
0.362540	127.00
0.362560	126.00
0.362580	125.00
0.362600	125.00
0.362620	126.00
0.362640	127.00
0.362660	127.00
0.362680	126.00
0.362700	126.00
0.362720	126.00
0.362740	126.00
0.362760	126.00
0.362780	126.00
0.362800	126.00
0.362820	126.00
0.362840	126.00
0.362860	126.00
0.362880	126.00
0.362900	125.00
0.362920	124.00
0.362940	123.00
0.362960	123.00
0.362980	123.00
0.363000	124.00
0.363020	125.00
0.363040	125.00
0.363060	125.00
0.363080	125.00
0.363100	126.00
0.363120	127.00
0.363140	127.00
0.363160	127.00
0.363180	126.00
0.363200	126.00
0.363220	126.00
0.363240	127.00
0.363260	127.00
0.363280	127.00
0.363300	125.00
0.363320	125.00
0.363340	125.00
0.363360	125.00
0.363380	125.00
0.363400	124.00
0.363420	124.00
0.363440	125.00
0.363460	126.00
0.363480	126.00
0.363500	126.00
0.363520	125.00
0.363540	125.00
0.363560	125.00
0.363580	125.00
0.363600	125.00
0.363620	126.00
0.363640	126.00
0.363660	126.00
0.363680	126.00
0.363700	125.00
0.363720	125.00
0.363740	125.00
0.363760	125.00
0.363780	125.00
0.363800	126.00
0.363820	126.00
0.363840	125.00
0.363860	125.00
0.363880	125.00
0.363900	125.00
0.363920	125.00
0.363940	125.00
0.363960	126.00
0.363980	126.00
0.364000	126.00
0.364020	126.00
0.364040	125.00
0.364060	125.00
0.364080	125.00
0.364100	125.00
0.364120	125.00
0.364140	125.00
0.364160	126.00
0.364180	126.00
0.364200	125.00
0.364220	125.00
0.364240	125.00
0.364260	125.00
0.364280	125.00
0.364300	125.00
0.364320	125.00
0.364340	125.00
0.364360	124.00
0.364380	124.00
0.364400	123.00
0.364420	123.00
0.364440	123.00
0.364460	124.00
0.364480	125.00
0.364500	126.00
0.364520	127.00
0.364540	127.00
0.364560	127.00
0.364580	127.00
0.364600	127.00
0.364620	127.00
0.364640	127.00
0.364660	127.00
0.364680	126.00
0.364700	125.00
0.364720	124.00
0.364740	123.00
0.364760	124.00
0.364780	125.00
0.364800	125.00
0.364820	125.00
0.364840	124.00
0.364860	124.00
0.364880	123.00
0.364900	124.00
0.364920	124.00
0.364940	124.00
0.364960	125.00
0.364980	125.00
0.365000	125.00
0.365020	125.00
0.365040	126.00
0.365060	125.00
0.365080	125.00
0.365100	125.00
0.365120	126.00
0.365140	127.00
0.365160	127.00
0.365180	127.00
0.365200	127.00
0.365220	127.00
0.365240	126.00
0.365260	126.00
0.365280	126.00
0.365300	126.00
0.365320	126.00
0.365340	126.00
0.365360	127.00
0.365380	127.00
0.365400	126.00
0.365420	126.00
0.365440	126.00
0.365460	127.00
0.365480	127.00
0.365500	126.00
0.365520	126.00
0.365540	126.00
0.365560	126.00
0.365580	127.00
0.365600	127.00
0.365620	126.00
0.365640	125.00
0.365660	124.00
0.365680	125.00
0.365700	125.00
0.365720	125.00
0.365740	125.00
0.365760	125.00
0.365780	125.00
0.365800	124.00
0.365820	124.00
0.365840	124.00
0.365860	125.00
0.365880	124.00
0.365900	124.00
0.365920	123.00
0.365940	123.00
0.365960	124.00
0.365980	126.00
0.366000	126.00
0.366020	125.00
0.366040	124.00
0.366060	124.00
0.366080	124.00
0.366100	125.00
0.366120	126.00
0.366140	125.00
0.366160	125.00
0.366180	125.00
0.366200	126.00
0.366220	126.00
0.366240	125.00
0.366260	125.00
0.366280	125.00
0.366300	125.00
0.366320	125.00
0.366340	125.00
0.366360	124.00
0.366380	124.00
0.366400	124.00
0.366420	125.00
0.366440	126.00
0.366460	126.00
0.366480	126.00
0.366500	126.00
0.366520	126.00
0.366540	126.00
0.366560	125.00
0.366580	125.00
0.366600	126.00
0.366620	127.00
0.366640	127.00
0.366660	127.00
0.366680	126.00
0.366700	126.00
0.366720	125.00
0.366740	126.00
0.366760	126.00
0.366780	126.00
0.366800	126.00
0.366820	126.00
0.366840	126.00
0.366860	126.00
0.366880	126.00
0.366900	125.00
0.366920	125.00
0.366940	125.00
0.366960	125.00
0.366980	125.00
0.367000	126.00
0.367020	126.00
0.367040	127.00
0.367060	127.00
0.367080	126.00
0.367100	126.00
0.367120	126.00
0.367140	126.00
0.367160	126.00
0.367180	125.00
0.367200	125.00
0.367220	124.00
0.367240	123.00
0.367260	123.00
0.367280	124.00
0.367300	124.00
0.367320	124.00
0.367340	124.00
0.367360	124.00
0.367380	125.00
0.367400	126.00
0.367420	126.00
0.367440	126.00
0.367460	126.00
0.367480	126.00
0.367500	127.00
0.367520	127.00
0.367540	127.00
0.367560	127.00
0.367580	126.00
0.367600	126.00
0.367620	125.00
0.367640	124.00
0.367660	123.00
0.367680	124.00
0.367700	124.00
0.367720	124.00
0.367740	124.00
0.367760	124.00
0.367780	125.00
0.367800	126.00
0.367820	127.00
0.367840	126.00
0.367860	125.00
0.367880	124.00
0.367900	124.00
0.367920	125.00
0.367940	125.00
0.367960	125.00
0.367980	125.00
0.368000	125.00
0.368020	126.00
0.368040	126.00
0.368060	127.00
0.368080	126.00
0.368100	126.00
0.368120	126.00
0.368140	126.00
0.368160	126.00
0.368180	126.00
0.368200	126.00
0.368220	126.00
0.368240	126.00
0.368260	126.00
0.368280	126.00
0.368300	126.00
0.368320	126.00
0.368340	126.00
0.368360	126.00
0.368380	127.00
0.368400	127.00
0.368420	127.00
0.368440	126.00
0.368460	125.00
0.368480	125.00
0.368500	125.00
0.368520	126.00
0.368540	127.00
0.368560	128.00
0.368580	127.00
0.368600	126.00
0.368620	125.00
0.368640	124.00
0.368660	124.00
0.368680	124.00
0.368700	124.00
0.368720	123.00
0.368740	123.00
0.368760	124.00
0.368780	125.00
0.368800	126.00
0.368820	126.00
0.368840	126.00
0.368860	126.00
0.368880	126.00
0.368900	126.00
0.368920	126.00
0.368940	125.00
0.368960	124.00
0.368980	125.00
0.369000	126.00
0.369020	126.00
0.369040	126.00
0.369060	125.00
0.369080	125.00
0.369100	125.00
0.369120	126.00
0.369140	126.00
0.369160	126.00
0.369180	125.00
0.369200	125.00
0.369220	126.00
0.369240	126.00
0.369260	126.00
0.369280	125.00
0.369300	125.00
0.369320	126.00
0.369340	126.00
0.369360	126.00
0.369380	126.00
0.369400	126.00
0.369420	127.00
0.369440	127.00
0.369460	127.00
0.369480	127.00
0.369500	126.00
0.369520	126.00
0.369540	126.00
0.369560	126.00
0.369580	126.00
0.369600	126.00
0.369620	125.00
0.369640	125.00
0.369660	125.00
0.369680	125.00
0.369700	126.00
0.369720	126.00
0.369740	125.00
0.369760	124.00
0.369780	124.00
0.369800	125.00
0.369820	125.00
0.369840	125.00
0.369860	125.00
0.369880	125.00
0.369900	125.00
0.369920	125.00
0.369940	125.00
0.369960	125.00
0.369980	125.00
0.370000	125.00
0.370020	126.00
0.370040	126.00
0.370060	126.00
0.370080	126.00
0.370100	126.00
0.370120	126.00
0.370140	125.00
0.370160	125.00
0.370180	124.00
0.370200	124.00
0.370220	125.00
0.370240	126.00
0.370260	126.00
0.370280	127.00
0.370300	126.00
0.370320	126.00
0.370340	125.00
0.370360	125.00
0.370380	125.00
0.370400	125.00
0.370420	125.00
0.370440	126.00
0.370460	125.00
0.370480	125.00
0.370500	126.00
0.370520	126.00
0.370540	126.00
0.370560	125.00
0.370580	123.00
0.370600	123.00
0.370620	123.00
0.370640	124.00
0.370660	124.00
0.370680	124.00
0.370700	124.00
0.370720	125.00
0.370740	125.00
0.370760	125.00
0.370780	124.00
0.370800	123.00
0.370820	123.00
0.370840	123.00
0.370860	123.00
0.370880	122.00
0.370900	123.00
0.370920	124.00
0.370940	125.00
0.370960	127.00
0.370980	128.00
0.371000	127.00
0.371020	127.00
0.371040	126.00
0.371060	126.00
0.371080	126.00
0.371100	125.00
0.371120	125.00
0.371140	125.00
0.371160	125.00
0.371180	125.00
0.371200	126.00
0.371220	126.00
0.371240	127.00
0.371260	127.00
0.371280	126.00
0.371300	125.00
0.371320	125.00
0.371340	125.00
0.371360	126.00
0.371380	126.00
0.371400	126.00
0.371420	125.00
0.371440	125.00
0.371460	125.00
0.371480	125.00
0.371500	125.00
0.371520	126.00
0.371540	126.00
0.371560	125.00
0.371580	124.00
0.371600	123.00
0.371620	124.00
0.371640	125.00
0.371660	125.00
0.371680	125.00
0.371700	124.00
0.371720	123.00
0.371740	122.00
0.371760	122.00
0.371780	122.00
0.371800	123.00
0.371820	125.00
0.371840	126.00
0.371860	126.00
0.371880	126.00
0.371900	125.00
0.371920	124.00
0.371940	124.00
0.371960	125.00
0.371980	126.00
0.372000	126.00
0.372020	126.00
0.372040	126.00
0.372060	126.00
0.372080	127.00
0.372100	128.00
0.372120	128.00
0.372140	128.00
0.372160	127.00
0.372180	126.00
0.372200	126.00
0.372220	126.00
0.372240	127.00
0.372260	128.00
0.372280	128.00
0.372300	127.00
0.372320	127.00
0.372340	126.00
0.372360	126.00
0.372380	125.00
0.372400	124.00
0.372420	123.00
0.372440	123.00
0.372460	124.00
0.372480	125.00
0.372500	125.00
0.372520	125.00
0.372540	125.00
0.372560	125.00
0.372580	125.00
0.372600	125.00
0.372620	125.00
0.372640	124.00
0.372660	125.00
0.372680	125.00
0.372700	125.00
0.372720	126.00
0.372740	125.00
0.372760	125.00
0.372780	125.00
0.372800	125.00
0.372820	126.00
0.372840	126.00
0.372860	126.00
0.372880	125.00
0.372900	125.00
0.372920	124.00
0.372940	125.00
0.372960	125.00
0.372980	126.00
0.373000	127.00
0.373020	128.00
0.373040	128.00
0.373060	127.00
0.373080	126.00
0.373100	126.00
0.373120	126.00
0.373140	126.00
0.373160	127.00
0.373180	126.00
0.373200	126.00
0.373220	126.00
0.373240	126.00
0.373260	126.00
0.373280	126.00
0.373300	125.00
0.373320	124.00
0.373340	124.00
0.373360	124.00
0.373380	125.00
0.373400	125.00
0.373420	125.00
0.373440	124.00
0.373460	123.00
0.373480	124.00
0.373500	125.00
0.373520	126.00
0.373540	126.00
0.373560	126.00
0.373580	125.00
0.373600	125.00
0.373620	125.00
0.373640	125.00
0.373660	125.00
0.373680	124.00
0.373700	124.00
0.373720	124.00
0.373740	124.00
0.373760	125.00
0.373780	126.00
0.373800	126.00
0.373820	126.00
0.373840	125.00
0.373860	124.00
0.373880	125.00
0.373900	125.00
0.373920	125.00
0.373940	125.00
0.373960	124.00
0.373980	125.00
0.374000	126.00
0.374020	126.00
0.374040	127.00
0.374060	127.00
0.374080	126.00
0.374100	126.00
0.374120	127.00
0.374140	127.00
0.374160	127.00
0.374180	127.00
0.374200	126.00
0.374220	126.00
0.374240	126.00
0.374260	126.00
0.374280	126.00
0.374300	126.00
0.374320	125.00
0.374340	125.00
0.374360	125.00
0.374380	126.00
0.374400	126.00
0.374420	126.00
0.374440	125.00
0.374460	125.00
0.374480	125.00
0.374500	125.00
0.374520	124.00
0.374540	123.00
0.374560	123.00
0.374580	124.00
0.374600	124.00
0.374620	125.00
0.374640	124.00
0.374660	123.00
0.374680	123.00
0.374700	124.00
0.374720	124.00
0.374740	124.00
0.374760	123.00
0.374780	124.00
0.374800	124.00
0.374820	125.00
0.374840	125.00
0.374860	124.00
0.374880	124.00
0.374900	125.00
0.374920	126.00
0.374940	126.00
0.374960	125.00
0.374980	125.00
0.375000	125.00
0.375020	127.00
0.375040	128.00
0.375060	127.00
0.375080	127.00
0.375100	126.00
0.375120	127.00
0.375140	127.00
0.375160	127.00
0.375180	126.00
0.375200	125.00
0.375220	125.00
0.375240	125.00
0.375260	126.00
0.375280	126.00
0.375300	126.00
0.375320	126.00
0.375340	125.00
0.375360	125.00
0.375380	125.00
0.375400	125.00
0.375420	125.00
0.375440	125.00
0.375460	125.00
0.375480	125.00
0.375500	125.00
0.375520	125.00
0.375540	126.00
0.375560	127.00
0.375580	126.00
0.375600	126.00
0.375620	125.00
0.375640	125.00
0.375660	126.00
0.375680	126.00
0.375700	125.00
0.375720	125.00
0.375740	125.00
0.375760	126.00
0.375780	126.00
0.375800	126.00
0.375820	125.00
0.375840	124.00
0.375860	123.00
0.375880	124.00
0.375900	125.00
0.375920	125.00
0.375940	126.00
0.375960	126.00
0.375980	126.00
0.376000	126.00
0.376020	126.00
0.376040	126.00
0.376060	125.00
0.376080	125.00
0.376100	125.00
0.376120	126.00
0.376140	126.00
0.376160	126.00
0.376180	126.00
0.376200	125.00
0.376220	126.00
0.376240	126.00
0.376260	126.00
0.376280	127.00
0.376300	127.00
0.376320	127.00
0.376340	128.00
0.376360	127.00
0.376380	126.00
0.376400	125.00
0.376420	125.00
0.376440	126.00
0.376460	126.00
0.376480	126.00
0.376500	125.00
0.376520	124.00
0.376540	124.00
0.376560	124.00
0.376580	125.00
0.376600	125.00
0.376620	126.00
0.376640	125.00
0.376660	125.00
0.376680	124.00
0.376700	124.00
0.376720	125.00
0.376740	125.00
0.376760	125.00
0.376780	124.00
0.376800	123.00
0.376820	124.00
0.376840	126.00
0.376860	126.00
0.376880	126.00
0.376900	125.00
0.376920	124.00
0.376940	124.00
0.376960	125.00
0.376980	126.00
0.377000	125.00
0.377020	125.00
0.377040	125.00
0.377060	125.00
0.377080	125.00
0.377100	125.00
0.377120	124.00
0.377140	124.00
0.377160	125.00
0.377180	125.00
0.377200	126.00
0.377220	126.00
0.377240	126.00
0.377260	125.00
0.377280	125.00
0.377300	126.00
0.377320	126.00
0.377340	126.00
0.377360	126.00
0.377380	125.00
0.377400	125.00
0.377420	124.00
0.377440	123.00
0.377460	123.00
0.377480	123.00
0.377500	124.00
0.377520	125.00
0.377540	126.00
0.377560	125.00
0.377580	125.00
0.377600	125.00
0.377620	125.00
0.377640	126.00
0.377660	127.00
0.377680	127.00
0.377700	127.00
0.377720	127.00
0.377740	127.00
0.377760	126.00
0.377780	125.00
0.377800	124.00
0.377820	124.00
0.377840	124.00
0.377860	125.00
0.377880	126.00
0.377900	125.00
0.377920	125.00
0.377940	125.00
0.377960	126.00
0.377980	127.00
0.378000	128.00
0.378020	127.00
0.378040	126.00
0.378060	125.00
0.378080	125.00
0.378100	125.00
0.378120	126.00
0.378140	126.00
0.378160	126.00
0.378180	126.00
0.378200	127.00
0.378220	127.00
0.378240	127.00
0.378260	125.00
0.378280	124.00
0.378300	123.00
0.378320	124.00
0.378340	125.00
0.378360	125.00
0.378380	124.00
0.378400	123.00
0.378420	123.00
0.378440	124.00
0.378460	125.00
0.378480	126.00
0.378500	126.00
0.378520	125.00
0.378540	125.00
0.378560	125.00
0.378580	125.00
0.378600	126.00
0.378620	126.00
0.378640	125.00
0.378660	125.00
0.378680	125.00
0.378700	125.00
0.378720	126.00
0.378740	126.00
0.378760	126.00
0.378780	125.00
0.378800	125.00
0.378820	125.00
0.378840	124.00
0.378860	124.00
0.378880	123.00
0.378900	124.00
0.378920	125.00
0.378940	126.00
0.378960	126.00
0.378980	127.00
0.379000	127.00
0.379020	128.00
0.379040	128.00
0.379060	128.00
0.379080	127.00
0.379100	126.00
0.379120	125.00
0.379140	125.00
0.379160	125.00
0.379180	125.00
0.379200	125.00
0.379220	124.00
0.379240	123.00
0.379260	123.00
0.379280	124.00
0.379300	124.00
0.379320	125.00
0.379340	125.00
0.379360	126.00
0.379380	126.00
0.379400	125.00
0.379420	125.00
0.379440	124.00
0.379460	124.00
0.379480	125.00
0.379500	125.00
0.379520	125.00
0.379540	124.00
0.379560	124.00
0.379580	125.00
0.379600	126.00
0.379620	127.00
0.379640	127.00
0.379660	127.00
0.379680	127.00
0.379700	127.00
0.379720	126.00
0.379740	126.00
0.379760	125.00
0.379780	125.00
0.379800	125.00
0.379820	125.00
0.379840	126.00
0.379860	126.00
0.379880	125.00
0.379900	125.00
0.379920	125.00
0.379940	126.00
0.379960	127.00
0.379980	126.00
0.380000	125.00
0.380020	124.00
0.380040	124.00
0.380060	125.00
0.380080	126.00
0.380100	126.00
0.380120	127.00
0.380140	126.00
0.380160	126.00
0.380180	126.00
0.380200	126.00
0.380220	126.00
0.380240	125.00
0.380260	125.00
0.380280	125.00
0.380300	125.00
0.380320	125.00
0.380340	125.00
0.380360	125.00
0.380380	125.00
0.380400	125.00
0.380420	124.00
0.380440	124.00
0.380460	124.00
0.380480	124.00
0.380500	125.00
0.380520	125.00
0.380540	125.00
0.380560	125.00
0.380580	125.00
0.380600	126.00
0.380620	126.00
0.380640	126.00
0.380660	126.00
0.380680	126.00
0.380700	125.00
0.380720	125.00
0.380740	125.00
0.380760	126.00
0.380780	126.00
0.380800	125.00
0.380820	125.00
0.380840	125.00
0.380860	126.00
0.380880	126.00
0.380900	126.00
0.380920	126.00
0.380940	125.00
0.380960	126.00
0.380980	126.00
0.381000	126.00
0.381020	125.00
0.381040	124.00
0.381060	125.00
0.381080	125.00
0.381100	126.00
0.381120	126.00
0.381140	125.00
0.381160	125.00
0.381180	125.00
0.381200	125.00
0.381220	125.00
0.381240	124.00
0.381260	123.00
0.381280	123.00
0.381300	123.00
0.381320	124.00
0.381340	124.00
0.381360	124.00
0.381380	125.00
0.381400	125.00
0.381420	126.00
0.381440	126.00
0.381460	126.00
0.381480	126.00
0.381500	127.00
0.381520	127.00
0.381540	127.00
0.381560	126.00
0.381580	126.00
0.381600	125.00
0.381620	125.00
0.381640	125.00
0.381660	124.00
0.381680	124.00
0.381700	125.00
0.381720	125.00
0.381740	125.00
0.381760	125.00
0.381780	126.00
0.381800	126.00
0.381820	127.00
0.381840	127.00
0.381860	126.00
0.381880	126.00
0.381900	126.00
0.381920	126.00
0.381940	126.00
0.381960	125.00
0.381980	124.00
0.382000	124.00
0.382020	124.00
0.382040	125.00
0.382060	125.00
0.382080	125.00
0.382100	125.00
0.382120	124.00
0.382140	124.00
0.382160	125.00
0.382180	126.00
0.382200	126.00
0.382220	125.00
0.382240	123.00
0.382260	123.00
0.382280	123.00
0.382300	124.00
0.382320	125.00
0.382340	125.00
0.382360	126.00
0.382380	126.00
0.382400	126.00
0.382420	126.00
0.382440	125.00
0.382460	125.00
0.382480	126.00
0.382500	126.00
0.382520	127.00
0.382540	127.00
0.382560	125.00
0.382580	124.00
0.382600	124.00
0.382620	124.00
0.382640	125.00
0.382660	126.00
0.382680	126.00
0.382700	126.00
0.382720	126.00
0.382740	126.00
0.382760	125.00
0.382780	125.00
0.382800	126.00
0.382820	126.00
0.382840	126.00
0.382860	126.00
0.382880	125.00
0.382900	125.00
0.382920	125.00
0.382940	125.00
0.382960	125.00
0.382980	125.00
0.383000	125.00
0.383020	125.00
0.383040	126.00
0.383060	126.00
0.383080	126.00
0.383100	125.00
0.383120	125.00
0.383140	124.00
0.383160	124.00
0.383180	125.00
0.383200	125.00
0.383220	125.00
0.383240	124.00
0.383260	124.00
0.383280	123.00
0.383300	123.00
0.383320	124.00
0.383340	125.00
0.383360	126.00
0.383380	126.00
0.383400	125.00
0.383420	125.00
0.383440	125.00
0.383460	125.00
0.383480	125.00
0.383500	125.00
0.383520	125.00
0.383540	126.00
0.383560	126.00
0.383580	126.00
0.383600	126.00
0.383620	126.00
0.383640	126.00
0.383660	126.00
0.383680	126.00
0.383700	127.00
0.383720	127.00
0.383740	128.00
0.383760	128.00
0.383780	127.00
