0.173000	101.00
0.173020	49.00
0.173040	102.00
0.173060	142.00
0.173080	146.00
0.173100	126.00
0.173120	113.00
0.173140	119.00
0.173160	132.00
0.173180	136.00
0.173200	127.00
0.173220	120.00
0.173240	122.00
0.173260	129.00
0.173280	132.00
0.173300	127.00
0.173320	123.00
0.173340	125.00
0.173360	130.00
0.173380	132.00
0.173400	127.00
0.173420	123.00
0.173440	124.00
0.173460	127.00
0.173480	129.00
0.173500	126.00
0.173520	124.00
0.173540	125.00
0.173560	129.00
0.173580	129.00
0.173600	126.00
0.173620	123.00
0.173640	123.00
0.173660	125.00
0.173680	125.00
0.173700	124.00
0.173720	122.00
0.173740	123.00
0.173760	125.00
0.173780	125.00
0.173800	123.00
0.173820	122.00
0.173840	123.00
0.173860	126.00
0.173880	126.00
0.173900	123.00
0.173920	121.00
0.173940	122.00
0.173960	125.00
0.173980	127.00
0.174000	126.00
0.174020	125.00
0.174040	125.00
0.174060	126.00
0.174080	126.00
0.174100	124.00
0.174120	123.00
0.174140	124.00
0.174160	126.00
0.174180	127.00
0.174200	125.00
0.174220	124.00
0.174240	124.00
0.174260	126.00
0.174280	126.00
0.174300	125.00
0.174320	124.00
0.174340	124.00
0.174360	126.00
0.174380	126.00
0.174400	125.00
0.174420	124.00
0.174440	125.00
0.174460	127.00
0.174480	127.00
0.174500	126.00
0.174520	125.00
0.174540	126.00
0.174560	128.00
0.174580	128.00
0.174600	126.00
0.174620	125.00
0.174640	125.00
0.174660	126.00
0.174680	126.00
0.174700	125.00
0.174720	123.00
0.174740	122.00
0.174760	124.00
0.174780	126.00
0.174800	127.00
0.174820	126.00
0.174840	126.00
0.174860	125.00
0.174880	125.00
0.174900	125.00
0.174920	124.00
0.174940	124.00
0.174960	124.00
0.174980	124.00
0.175000	124.00
0.175020	124.00
0.175040	125.00
0.175060	127.00
0.175080	127.00
0.175100	126.00
0.175120	126.00
0.175140	126.00
0.175160	127.00
0.175180	127.00
0.175200	126.00
0.175220	125.00
0.175240	126.00
0.175260	127.00
0.175280	127.00
0.175300	126.00
0.175320	125.00
0.175340	126.00
0.175360	126.00
0.175380	126.00
0.175400	125.00
0.175420	124.00
0.175440	124.00
0.175460	125.00
0.175480	126.00
0.175500	126.00
0.175520	125.00
0.175540	126.00
0.175560	126.00
0.175580	125.00
0.175600	124.00
0.175620	124.00
0.175640	125.00
0.175660	125.00
0.175680	126.00
0.175700	125.00
0.175720	125.00
0.175740	125.00
0.175760	125.00
0.175780	125.00
0.175800	124.00
0.175820	123.00
0.175840	123.00
0.175860	124.00
0.175880	123.00
0.175900	122.00
0.175920	122.00
0.175940	124.00
0.175960	126.00
0.175980	128.00
0.176000	127.00
0.176020	125.00
0.176040	125.00
0.176060	126.00
0.176080	126.00
0.176100	126.00
0.176120	125.00
0.176140	125.00
0.176160	126.00
0.176180	127.00
0.176200	127.00
0.176220	126.00
0.176240	126.00
0.176260	127.00
0.176280	127.00
0.176300	127.00
0.176320	126.00
0.176340	126.00
0.176360	127.00
0.176380	127.00
0.176400	126.00
0.176420	124.00
0.176440	123.00
0.176460	123.00
0.176480	124.00
0.176500	125.00
0.176520	125.00
0.176540	124.00
0.176560	123.00
0.176580	123.00
0.176600	124.00
0.176620	124.00
0.176640	125.00
0.176660	126.00
0.176680	126.00
0.176700	126.00
0.176720	126.00
0.176740	126.00
0.176760	126.00
0.176780	125.00
0.176800	124.00
0.176820	123.00
0.176840	123.00
0.176860	125.00
0.176880	126.00
0.176900	126.00
0.176920	125.00
0.176940	124.00
0.176960	123.00
0.176980	123.00
0.177000	124.00
0.177020	126.00
0.177040	126.00
0.177060	126.00
0.177080	126.00
0.177100	125.00
0.177120	125.00
0.177140	125.00
0.177160	126.00
0.177180	127.00
0.177200	127.00
0.177220	127.00
0.177240	127.00
0.177260	127.00
0.177280	127.00
0.177300	126.00
0.177320	125.00
0.177340	125.00
0.177360	126.00
0.177380	126.00
0.177400	126.00
0.177420	126.00
0.177440	126.00
0.177460	125.00
0.177480	125.00
0.177500	125.00
0.177520	125.00
0.177540	126.00
0.177560	126.00
0.177580	125.00
0.177600	124.00
0.177620	123.00
0.177640	123.00
0.177660	123.00
0.177680	123.00
0.177700	123.00
0.177720	124.00
0.177740	124.00
0.177760	125.00
0.177780	125.00
0.177800	124.00
0.177820	124.00
0.177840	125.00
0.177860	126.00
0.177880	126.00
0.177900	125.00
0.177920	124.00
0.177940	124.00
0.177960	125.00
0.177980	126.00
0.178000	126.00
0.178020	127.00
0.178040	127.00
0.178060	127.00
0.178080	127.00
0.178100	126.00
0.178120	126.00
0.178140	126.00
0.178160	127.00
0.178180	128.00
0.178200	128.00
0.178220	127.00
0.178240	127.00
0.178260	127.00
0.178280	127.00
0.178300	126.00
0.178320	126.00
0.178340	125.00
0.178360	126.00
0.178380	126.00
0.178400	125.00
0.178420	125.00
0.178440	125.00
0.178460	125.00
0.178480	126.00
0.178500	126.00
0.178520	126.00
0.178540	126.00
0.178560	125.00
0.178580	124.00
0.178600	124.00
0.178620	123.00
0.178640	123.00
0.178660	123.00
0.178680	123.00
0.178700	122.00
0.178720	122.00
0.178740	123.00
0.178760	124.00
0.178780	124.00
0.178800	123.00
0.178820	123.00
0.178840	123.00
0.178860	125.00
0.178880	126.00
0.178900	127.00
0.178920	127.00
0.178940	126.00
0.178960	126.00
0.178980	126.00
0.179000	126.00
0.179020	126.00
0.179040	126.00
0.179060	126.00
0.179080	127.00
0.179100	127.00
0.179120	127.00
0.179140	127.00
0.179160	127.00
0.179180	126.00
0.179200	125.00
0.179220	124.00
0.179240	124.00
0.179260	125.00
0.179280	126.00
0.179300	125.00
0.179320	124.00
0.179340	124.00
0.179360	125.00
0.179380	126.00
0.179400	125.00
0.179420	124.00
0.179440	124.00
0.179460	125.00
0.179480	125.00
0.179500	125.00
0.179520	125.00
0.179540	125.00
0.179560	125.00
0.179580	125.00
0.179600	125.00
0.179620	125.00
0.179640	125.00
0.179660	126.00
0.179680	126.00
0.179700	126.00
0.179720	126.00
0.179740	125.00
0.179760	125.00
0.179780	126.00
0.179800	126.00
0.179820	126.00
0.179840	127.00
0.179860	127.00
0.179880	127.00
0.179900	126.00
0.179920	125.00
0.179940	125.00
0.179960	125.00
0.179980	126.00
0.180000	126.00
0.180020	125.00
0.180040	125.00
0.180060	125.00
0.180080	125.00
0.180100	126.00
0.180120	126.00
0.180140	126.00
0.180160	126.00
0.180180	125.00
0.180200	125.00
0.180220	125.00
0.180240	125.00
0.180260	126.00
0.180280	126.00
0.180300	125.00
0.180320	125.00
0.180340	125.00
0.180360	125.00
0.180380	126.00
0.180400	126.00
0.180420	125.00
0.180440	124.00
0.180460	123.00
0.180480	123.00
0.180500	123.00
0.180520	124.00
0.180540	124.00
0.180560	124.00
0.180580	123.00
0.180600	123.00
0.180620	123.00
0.180640	123.00
0.180660	124.00
0.180680	124.00
0.180700	125.00
0.180720	125.00
0.180740	126.00
0.180760	127.00
0.180780	127.00
0.180800	127.00
0.180820	127.00
0.180840	127.00
0.180860	127.00
0.180880	127.00
0.180900	127.00
0.180920	126.00
0.180940	126.00
0.180960	126.00
0.180980	125.00
0.181000	126.00
0.181020	126.00
0.181040	127.00
0.181060	128.00
0.181080	128.00
0.181100	128.00
0.181120	128.00
0.181140	128.00
0.181160	127.00
0.181180	126.00
0.181200	125.00
0.181220	125.00
0.181240	125.00
0.181260	126.00
0.181280	126.00
0.181300	125.00
0.181320	125.00
0.181340	125.00
0.181360	126.00
0.181380	126.00
0.181400	126.00
0.181420	126.00
0.181440	126.00
0.181460	127.00
0.181480	126.00
0.181500	125.00
0.181520	124.00
0.181540	123.00
0.181560	124.00
0.181580	125.00
0.181600	125.00
0.181620	125.00
0.181640	125.00
0.181660	125.00
0.181680	125.00
0.181700	125.00
0.181720	125.00
0.181740	125.00
0.181760	126.00
0.181780	127.00
0.181800	127.00
0.181820	126.00
0.181840	125.00
0.181860	126.00
0.181880	126.00
0.181900	127.00
0.181920	127.00
0.181940	127.00
0.181960	126.00
0.181980	126.00
0.182000	126.00
0.182020	126.00
0.182040	125.00
0.182060	125.00
0.182080	125.00
0.182100	126.00
0.182120	127.00
0.182140	128.00
0.182160	128.00
0.182180	127.00
0.182200	125.00
0.182220	124.00
0.182240	124.00
0.182260	125.00
0.182280	125.00
0.182300	125.00
0.182320	125.00
0.182340	125.00
0.182360	125.00
0.182380	126.00
0.182400	127.00
0.182420	128.00
0.182440	127.00
0.182460	126.00
0.182480	125.00
0.182500	125.00
0.182520	125.00
0.182540	126.00
0.182560	127.00
0.182580	127.00
0.182600	126.00
0.182620	126.00
0.182640	126.00
0.182660	126.00
0.182680	127.00
0.182700	126.00
0.182720	125.00
0.182740	125.00
0.182760	125.00
0.182780	125.00
0.182800	125.00
0.182820	125.00
0.182840	125.00
0.182860	126.00
0.182880	126.00
0.182900	126.00
0.182920	126.00
0.182940	126.00
0.182960	126.00
0.182980	126.00
0.183000	125.00
0.183020	125.00
0.183040	125.00
0.183060	125.00
0.183080	125.00
0.183100	125.00
0.183120	125.00
0.183140	125.00
0.183160	125.00
0.183180	125.00
0.183200	125.00
0.183220	124.00
0.183240	124.00
0.183260	125.00
0.183280	125.00
0.183300	125.00
0.183320	125.00
0.183340	125.00
0.183360	125.00
0.183380	125.00
0.183400	124.00
0.183420	123.00
0.183440	122.00
0.183460	122.00
0.183480	123.00
0.183500	124.00
0.183520	124.00
0.183540	124.00
0.183560	124.00
0.183580	124.00
0.183600	124.00
0.183620	125.00
0.183640	125.00
0.183660	126.00
0.183680	126.00
0.183700	126.00
0.183720	126.00
0.183740	126.00
0.183760	126.00
0.183780	127.00
0.183800	127.00
0.183820	127.00
0.183840	127.00
0.183860	126.00
0.183880	126.00
0.183900	126.00
0.183920	126.00
0.183940	126.00
0.183960	126.00
0.183980	125.00
0.184000	125.00
0.184020	125.00
0.184040	125.00
0.184060	126.00
0.184080	126.00
0.184100	125.00
0.184120	124.00
0.184140	124.00
0.184160	123.00
0.184180	123.00
0.184200	123.00
0.184220	124.00
0.184240	125.00
0.184260	125.00
0.184280	126.00
0.184300	126.00
0.184320	126.00
0.184340	125.00
0.184360	125.00
0.184380	124.00
0.184400	125.00
0.184420	126.00
0.184440	127.00
0.184460	127.00
0.184480	127.00
0.184500	125.00
0.184520	124.00
0.184540	123.00
0.184560	123.00
0.184580	124.00
0.184600	124.00
0.184620	125.00
0.184640	125.00
0.184660	126.00
0.184680	126.00
0.184700	126.00
0.184720	126.00
0.184740	126.00
0.184760	126.00
0.184780	125.00
0.184800	125.00
0.184820	126.00
0.184840	127.00
0.184860	127.00
0.184880	126.00
0.184900	126.00
0.184920	126.00
0.184940	126.00
0.184960	128.00
0.184980	128.00
0.185000	127.00
0.185020	126.00
0.185040	126.00
0.185060	126.00
0.185080	127.00
0.185100	127.00
0.185120	126.00
0.185140	124.00
0.185160	124.00
0.185180	124.00
0.185200	124.00
0.185220	124.00
0.185240	125.00
0.185260	125.00
0.185280	125.00
0.185300	126.00
0.185320	126.00
0.185340	126.00
0.185360	126.00
0.185380	125.00
0.185400	124.00
0.185420	124.00
0.185440	123.00
0.185460	123.00
0.185480	122.00
0.185500	122.00
0.185520	122.00
0.185540	123.00
0.185560	124.00
0.185580	125.00
0.185600	127.00
0.185620	128.00
0.185640	129.00
0.185660	128.00
0.185680	127.00
0.185700	126.00
0.185720	126.00
0.185740	127.00
0.185760	127.00
0.185780	127.00
0.185800	126.00
0.185820	125.00
0.185840	125.00
0.185860	126.00
0.185880	126.00
0.185900	126.00
0.185920	126.00
0.185940	126.00
0.185960	126.00
0.185980	126.00
0.186000	126.00
0.186020	126.00
0.186040	125.00
0.186060	125.00
0.186080	124.00
0.186100	124.00
0.186120	125.00
0.186140	126.00
0.186160	128.00
0.186180	128.00
0.186200	128.00
0.186220	126.00
0.186240	125.00
0.186260	124.00
0.186280	124.00
0.186300	124.00
0.186320	125.00
0.186340	125.00
0.186360	125.00
0.186380	125.00
0.186400	126.00
0.186420	126.00
0.186440	125.00
0.186460	125.00
0.186480	125.00
0.186500	124.00
0.186520	125.00
0.186540	125.00
0.186560	125.00
0.186580	125.00
0.186600	125.00
0.186620	125.00
0.186640	126.00
0.186660	126.00
0.186680	126.00
0.186700	126.00
0.186720	126.00
0.186740	126.00
0.186760	126.00
0.186780	126.00
0.186800	126.00
0.186820	126.00
0.186840	127.00
0.186860	127.00
0.186880	126.00
0.186900	125.00
0.186920	125.00
0.186940	126.00
0.186960	127.00
0.186980	126.00
0.187000	126.00
0.187020	125.00
0.187040	125.00
0.187060	125.00
0.187080	125.00
0.187100	125.00
0.187120	125.00
0.187140	125.00
0.187160	126.00
0.187180	125.00
0.187200	125.00
0.187220	124.00
0.187240	125.00
0.187260	125.00
0.187280	124.00
0.187300	124.00
0.187320	124.00
0.187340	124.00
0.187360	125.00
0.187380	125.00
0.187400	124.00
0.187420	123.00
0.187440	124.00
0.187460	125.00
0.187480	126.00
0.187500	125.00
0.187520	125.00
0.187540	124.00
0.187560	125.00
0.187580	127.00
0.187600	128.00
0.187620	128.00
0.187640	127.00
0.187660	125.00
0.187680	123.00
0.187700	123.00
0.187720	124.00
0.187740	125.00
0.187760	126.00
0.187780	126.00
0.187800	126.00
0.187820	126.00
0.187840	127.00
0.187860	127.00
0.187880	127.00
0.187900	127.00
0.187920	127.00
0.187940	127.00
0.187960	127.00
0.187980	126.00
0.188000	125.00
0.188020	124.00
0.188040	124.00
0.188060	125.00
0.188080	125.00
0.188100	125.00
0.188120	125.00
0.188140	126.00
0.188160	126.00
0.188180	126.00
0.188200	125.00
0.188220	124.00
0.188240	124.00
0.188260	124.00
0.188280	124.00
0.188300	124.00
0.188320	124.00
0.188340	124.00
0.188360	124.00
0.188380	125.00
0.188400	126.00
0.188420	126.00
0.188440	126.00
0.188460	126.00
0.188480	125.00
0.188500	124.00
0.188520	124.00
0.188540	124.00
0.188560	124.00
0.188580	124.00
0.188600	124.00
0.188620	124.00
0.188640	124.00
0.188660	125.00
0.188680	125.00
0.188700	126.00
0.188720	126.00
0.188740	126.00
0.188760	126.00
0.188780	126.00
0.188800	126.00
0.188820	126.00
0.188840	126.00
0.188860	126.00
0.188880	125.00
0.188900	125.00
0.188920	126.00
0.188940	127.00
0.188960	128.00
0.188980	128.00
0.189000	126.00
0.189020	125.00
0.189040	125.00
0.189060	125.00
0.189080	126.00
0.189100	126.00
0.189120	126.00
0.189140	126.00
0.189160	126.00
0.189180	126.00
0.189200	125.00
0.189220	125.00
0.189240	125.00
0.189260	125.00
0.189280	125.00
0.189300	125.00
0.189320	125.00
0.189340	125.00
0.189360	125.00
0.189380	125.00
0.189400	124.00
0.189420	123.00
0.189440	124.00
0.189460	125.00
0.189480	126.00
0.189500	126.00
0.189520	126.00
0.189540	126.00
0.189560	127.00
0.189580	127.00
0.189600	126.00
0.189620	126.00
0.189640	126.00
0.189660	126.00
0.189680	126.00
0.189700	125.00
0.189720	124.00
0.189740	124.00
0.189760	125.00
0.189780	125.00
0.189800	126.00
0.189820	126.00
0.189840	127.00
0.189860	127.00
0.189880	127.00
0.189900	127.00
0.189920	125.00
0.189940	125.00
0.189960	125.00
0.189980	125.00
0.190000	126.00
0.190020	126.00
0.190040	125.00
0.190060	125.00
0.190080	125.00
0.190100	125.00
0.190120	125.00
0.190140	125.00
0.190160	125.00
0.190180	125.00
0.190200	125.00
0.190220	124.00
0.190240	124.00
0.190260	123.00
0.190280	122.00
0.190300	122.00
0.190320	123.00
0.190340	124.00
0.190360	125.00
0.190380	125.00
0.190400	124.00
0.190420	123.00
0.190440	123.00
0.190460	123.00
0.190480	124.00
0.190500	125.00
0.190520	125.00
0.190540	126.00
0.190560	127.00
0.190580	128.00
0.190600	127.00
0.190620	127.00
0.190640	127.00
0.190660	128.00
0.190680	128.00
0.190700	127.00
0.190720	126.00
0.190740	125.00
0.190760	125.00
0.190780	126.00
0.190800	126.00
0.190820	126.00
0.190840	125.00
0.190860	124.00
0.190880	125.00
0.190900	126.00
0.190920	126.00
0.190940	126.00
0.190960	126.00
0.190980	126.00
0.191000	126.00
0.191020	126.00
0.191040	126.00
0.191060	125.00
0.191080	125.00
0.191100	124.00
0.191120	124.00
0.191140	123.00
0.191160	123.00
0.191180	124.00
0.191200	124.00
0.191220	125.00
0.191240	125.00
0.191260	125.00
0.191280	124.00
0.191300	124.00
0.191320	125.00
0.191340	125.00
0.191360	126.00
0.191380	126.00
0.191400	126.00
0.191420	126.00
0.191440	126.00
0.191460	125.00
0.191480	125.00
0.191500	124.00
0.191520	124.00
0.191540	124.00
0.191560	125.00
0.191580	126.00
0.191600	126.00
0.191620	127.00
0.191640	128.00
0.191660	129.00
0.191680	128.00
0.191700	127.00
0.191720	126.00
0.191740	126.00
0.191760	127.00
0.191780	127.00
0.191800	126.00
0.191820	126.00
0.191840	125.00
0.191860	125.00
0.191880	125.00
0.191900	126.00
0.191920	127.00
0.191940	127.00
0.191960	127.00
0.191980	127.00
0.192000	126.00
0.192020	125.00
0.192040	124.00
0.192060	124.00
0.192080	124.00
0.192100	125.00
0.192120	124.00
0.192140	124.00
0.192160	124.00
0.192180	123.00
0.192200	124.00
0.192220	124.00
0.192240	125.00
0.192260	126.00
0.192280	126.00
0.192300	126.00
0.192320	126.00
0.192340	126.00
0.192360	126.00
0.192380	126.00
0.192400	127.00
0.192420	126.00
0.192440	126.00
0.192460	125.00
0.192480	125.00
0.192500	125.00
0.192520	125.00
0.192540	126.00
0.192560	126.00
0.192580	126.00
0.192600	126.00
0.192620	125.00
0.192640	125.00
0.192660	125.00
0.192680	124.00
0.192700	124.00
0.192720	125.00
0.192740	126.00
0.192760	127.00
0.192780	127.00
0.192800	126.00
0.192820	126.00
0.192840	126.00
0.192860	126.00
0.192880	127.00
0.192900	127.00
0.192920	126.00
0.192940	126.00
0.192960	126.00
0.192980	125.00
0.193000	124.00
0.193020	124.00
0.193040	123.00
0.193060	123.00
0.193080	123.00
0.193100	123.00
0.193120	123.00
0.193140	124.00
0.193160	125.00
0.193180	126.00
0.193200	126.00
0.193220	126.00
0.193240	126.00
0.193260	126.00
0.193280	127.00
0.193300	127.00
0.193320	127.00
0.193340	127.00
0.193360	127.00
0.193380	127.00
0.193400	126.00
0.193420	125.00
0.193440	125.00
0.193460	126.00
0.193480	126.00
0.193500	126.00
0.193520	125.00
0.193540	126.00
0.193560	127.00
0.193580	127.00
0.193600	127.00
0.193620	126.00
0.193640	126.00
0.193660	126.00
0.193680	126.00
0.193700	126.00
0.193720	125.00
0.193740	124.00
0.193760	125.00
0.193780	125.00
0.193800	125.00
0.193820	124.00
0.193840	124.00
0.193860	124.00
0.193880	124.00
0.193900	124.00
0.193920	124.00
0.193940	124.00
0.193960	124.00
0.193980	125.00
0.194000	126.00
0.194020	126.00
0.194040	126.00
0.194060	125.00
0.194080	125.00
0.194100	124.00
0.194120	124.00
0.194140	124.00
0.194160	123.00
0.194180	123.00
0.194200	124.00
0.194220	124.00
0.194240	123.00
0.194260	123.00
0.194280	123.00
0.194300	124.00
0.194320	125.00
0.194340	126.00
0.194360	127.00
0.194380	127.00
0.194400	127.00
0.194420	126.00
0.194440	126.00
0.194460	126.00
0.194480	125.00
0.194500	125.00
0.194520	125.00
0.194540	125.00
0.194560	126.00
0.194580	126.00
0.194600	126.00
0.194620	126.00
0.194640	126.00
0.194660	125.00
0.194680	125.00
0.194700	125.00
0.194720	126.00
0.194740	126.00
0.194760	127.00
0.194780	127.00
0.194800	126.00
0.194820	125.00
0.194840	126.00
0.194860	126.00
0.194880	126.00
0.194900	126.00
0.194920	126.00
0.194940	125.00
0.194960	125.00
0.194980	125.00
0.195000	125.00
0.195020	125.00
0.195040	125.00
0.195060	125.00
0.195080	124.00
0.195100	124.00
0.195120	123.00
0.195140	124.00
0.195160	124.00
0.195180	125.00
0.195200	125.00
0.195220	125.00
0.195240	125.00
0.195260	126.00
0.195280	126.00
0.195300	127.00
0.195320	126.00
0.195340	126.00
0.195360	126.00
0.195380	126.00
0.195400	127.00
0.195420	127.00
0.195440	127.00
0.195460	126.00
0.195480	125.00
0.195500	124.00
0.195520	124.00
0.195540	125.00
0.195560	125.00
0.195580	126.00
0.195600	126.00
0.195620	126.00
0.195640	126.00
0.195660	126.00
0.195680	125.00
0.195700	124.00
0.195720	124.00
0.195740	123.00
0.195760	124.00
0.195780	124.00
0.195800	125.00
0.195820	125.00
0.195840	126.00
0.195860	126.00
0.195880	126.00
0.195900	126.00
0.195920	125.00
0.195940	125.00
0.195960	124.00
0.195980	123.00
0.196000	123.00
0.196020	123.00
0.196040	123.00
0.196060	124.00
0.196080	124.00
0.196100	124.00
0.196120	125.00
0.196140	126.00
0.196160	127.00
0.196180	127.00
0.196200	127.00
0.196220	127.00
0.196240	127.00
0.196260	127.00
0.196280	127.00
0.196300	126.00
0.196320	125.00
0.196340	125.00
0.196360	125.00
0.196380	125.00
0.196400	124.00
0.196420	123.00
0.196440	123.00
0.196460	123.00
0.196480	125.00
0.196500	126.00
0.196520	126.00
0.196540	126.00
0.196560	126.00
0.196580	127.00
0.196600	128.00
0.196620	127.00
0.196640	126.00
0.196660	125.00
0.196680	125.00
0.196700	126.00
0.196720	127.00
0.196740	127.00
0.196760	126.00
0.196780	125.00
0.196800	124.00
0.196820	124.00
0.196840	124.00
0.196860	124.00
0.196880	125.00
0.196900	126.00
0.196920	127.00
0.196940	127.00
0.196960	126.00
0.196980	124.00
0.197000	122.00
0.197020	121.00
0.197040	121.00
0.197060	122.00
0.197080	122.00
0.197100	123.00
0.197120	124.00
0.197140	126.00
0.197160	127.00
0.197180	128.00
0.197200	128.00
0.197220	127.00
0.197240	126.00
0.197260	125.00
0.197280	124.00
0.197300	123.00
0.197320	123.00
0.197340	124.00
0.197360	125.00
0.197380	126.00
0.197400	127.00
0.197420	127.00
0.197440	128.00
0.197460	128.00
0.197480	128.00
0.197500	127.00
0.197520	127.00
0.197540	127.00
0.197560	126.00
0.197580	125.00
0.197600	124.00
0.197620	123.00
0.197640	124.00
0.197660	124.00
0.197680	125.00
0.197700	125.00
0.197720	125.00
0.197740	126.00
0.197760	127.00
0.197780	127.00
0.197800	127.00
0.197820	125.00
0.197840	123.00
0.197860	121.00
0.197880	121.00
0.197900	122.00
0.197920	123.00
0.197940	124.00
0.197960	125.00
0.197980	126.00
0.198000	127.00
0.198020	127.00
0.198040	126.00
0.198060	125.00
0.198080	125.00
0.198100	125.00
0.198120	125.00
0.198140	125.00
0.198160	126.00
0.198180	126.00
0.198200	126.00
0.198220	126.00
0.198240	127.00
0.198260	128.00
0.198280	128.00
0.198300	128.00
0.198320	127.00
0.198340	125.00
0.198360	124.00
0.198380	124.00
0.198400	125.00
0.198420	125.00
0.198440	125.00
0.198460	124.00
0.198480	124.00
0.198500	125.00
0.198520	126.00
0.198540	126.00
0.198560	127.00
0.198580	126.00
0.198600	126.00
0.198620	126.00
0.198640	126.00
0.198660	127.00
0.198680	127.00
0.198700	126.00
0.198720	125.00
0.198740	124.00
0.198760	123.00
0.198780	123.00
0.198800	124.00
0.198820	126.00
0.198840	127.00
0.198860	128.00
0.198880	128.00
0.198900	127.00
0.198920	126.00
0.198940	124.00
0.198960	123.00
0.198980	122.00
0.199000	123.00
0.199020	125.00
0.199040	127.00
0.199060	128.00
0.199080	128.00
0.199100	127.00
0.199120	126.00
0.199140	126.00
0.199160	127.00
0.199180	128.00
0.199200	129.00
0.199220	129.00
0.199240	128.00
0.199260	127.00
0.199280	126.00
0.199300	124.00
0.199320	123.00
0.199340	121.00
0.199360	121.00
0.199380	122.00
0.199400	124.00
0.199420	128.00
0.199440	130.00
0.199460	131.00
0.199480	129.00
0.199500	127.00
0.199520	126.00
0.199540	125.00
0.199560	124.00
0.199580	124.00
0.199600	124.00
0.199620	125.00
0.199640	126.00
0.199660	126.00
0.199680	125.00
0.199700	124.00
0.199720	123.00
0.199740	123.00
0.199760	124.00
0.199780	125.00
0.199800	126.00
0.199820	127.00
0.199840	127.00
0.199860	126.00
0.199880	124.00
0.199900	121.00
0.199920	120.00
0.199940	122.00
0.199960	124.00
0.199980	126.00
0.200000	127.00
0.200020	127.00
0.200040	127.00
0.200060	127.00
0.200080	126.00
0.200100	125.00
0.200120	124.00
0.200140	123.00
0.200160	123.00
0.200180	124.00
0.200200	125.00
0.200220	126.00
0.200240	126.00
0.200260	126.00
0.200280	126.00
0.200300	125.00
0.200320	126.00
0.200340	126.00
0.200360	126.00
0.200380	126.00
0.200400	125.00
0.200420	124.00
0.200440	125.00
0.200460	125.00
0.200480	126.00
0.200500	126.00
0.200520	125.00
0.200540	125.00
0.200560	126.00
0.200580	126.00
0.200600	126.00
0.200620	125.00
0.200640	125.00
0.200660	125.00
0.200680	126.00
0.200700	126.00
0.200720	127.00
0.200740	127.00
0.200760	127.00
0.200780	126.00
0.200800	125.00
0.200820	125.00
0.200840	125.00
0.200860	125.00
0.200880	124.00
0.200900	124.00
0.200920	124.00
0.200940	125.00
0.200960	125.00
0.200980	126.00
0.201000	126.00
0.201020	126.00
0.201040	127.00
0.201060	127.00
0.201080	126.00
0.201100	124.00
0.201120	123.00
0.201140	122.00
0.201160	121.00
0.201180	121.00
0.201200	122.00
0.201220	124.00
0.201240	127.00
0.201260	129.00
0.201280	130.00
0.201300	129.00
0.201320	127.00
0.201340	126.00
0.201360	125.00
0.201380	123.00
0.201400	122.00
0.201420	123.00
0.201440	125.00
0.201460	128.00
0.201480	130.00
0.201500	131.00
0.201520	129.00
0.201540	127.00
0.201560	125.00
0.201580	123.00
0.201600	120.00
0.201620	118.00
0.201640	118.00
0.201660	120.00
0.201680	124.00
0.201700	127.00
0.201720	130.00
0.201740	131.00
0.201760	131.00
0.201780	129.00
0.201800	127.00
0.201820	125.00
0.201840	122.00
0.201860	120.00
0.201880	119.00
0.201900	119.00
0.201920	121.00
0.201940	124.00
0.201960	127.00
0.201980	128.00
0.202000	129.00
0.202020	129.00
0.202040	130.00
0.202060	131.00
0.202080	130.00
0.202100	128.00
0.202120	125.00
0.202140	122.00
0.202160	121.00
0.202180	121.00
0.202200	122.00
0.202220	123.00
0.202240	125.00
0.202260	128.00
0.202280	131.00
0.202300	132.00
0.202320	131.00
0.202340	129.00
0.202360	128.00
0.202380	127.00
0.202400	126.00
0.202420	125.00
0.202440	124.00
0.202460	124.00
0.202480	124.00
0.202500	125.00
0.202520	126.00
0.202540	126.00
0.202560	126.00
0.202580	126.00
0.202600	126.00
0.202620	125.00
0.202640	123.00
0.202660	121.00
0.202680	119.00
0.202700	120.00
0.202720	122.00
0.202740	124.00
0.202760	126.00
0.202780	126.00
0.202800	125.00
0.202820	124.00
0.202840	124.00
0.202860	125.00
0.202880	127.00
0.202900	128.00
0.202920	128.00
0.202940	127.00
0.202960	125.00
0.202980	124.00
0.203000	123.00
0.203020	122.00
0.203040	123.00
0.203060	124.00
0.203080	126.00
0.203100	128.00
0.203120	128.00
0.203140	128.00
0.203160	128.00
0.203180	127.00
0.203200	126.00
0.203220	125.00
0.203240	123.00
0.203260	123.00
0.203280	123.00
0.203300	124.00
0.203320	125.00
0.203340	126.00
0.203360	127.00
0.203380	128.00
0.203400	129.00
0.203420	130.00
0.203440	130.00
0.203460	128.00
0.203480	126.00
0.203500	123.00
0.203520	121.00
0.203540	120.00
0.203560	119.00
0.203580	120.00
0.203600	122.00
0.203620	125.00
0.203640	129.00
0.203660	130.00
0.203680	130.00
0.203700	127.00
0.203720	123.00
0.203740	120.00
0.203760	120.00
0.203780	122.00
0.203800	126.00
0.203820	130.00
0.203840	133.00
0.203860	134.00
0.203880	132.00
0.203900	127.00
0.203920	119.00
0.203940	113.00
0.203960	110.00
0.203980	110.00
0.204000	115.00
0.204020	122.00
0.204040	131.00
0.204060	139.00
0.204080	143.00
0.204100	142.00
0.204120	136.00
0.204140	128.00
0.204160	121.00
0.204180	116.00
0.204200	113.00
0.204220	113.00
0.204240	115.00
0.204260	119.00
0.204280	126.00
0.204300	132.00
0.204320	136.00
0.204340	137.00
0.204360	134.00
0.204380	129.00
0.204400	122.00
0.204420	117.00
0.204440	115.00
0.204460	117.00
0.204480	123.00
0.204500	129.00
0.204520	134.00
0.204540	136.00
0.204560	134.00
0.204580	128.00
0.204600	119.00
0.204620	112.00
0.204640	109.00
0.204660	113.00
0.204680	122.00
0.204700	134.00
0.204720	143.00
0.204740	147.00
0.204760	143.00
0.204780	132.00
0.204800	116.00
0.204820	101.00
0.204840	92.00
0.204860	94.00
0.204880	106.00
0.204900	126.00
0.204920	145.00
0.204940	157.00
0.204960	159.00
0.204980	149.00
0.205000	133.00
0.205020	115.00
0.205040	102.00
0.205060	97.00
0.205080	100.00
0.205100	110.00
0.205120	124.00
0.205140	138.00
0.205160	146.00
0.205180	148.00
0.205200	141.00
0.205220	130.00
0.205240	119.00
0.205260	110.00
0.205280	107.00
0.205300	109.00
0.205320	117.00
0.205340	127.00
0.205360	137.00
0.205380	142.00
0.205400	141.00
0.205420	136.00
0.205440	129.00
0.205460	123.00
0.205480	118.00
0.205500	114.00
0.205520	111.00
0.205540	113.00
0.205560	118.00
0.205580	127.00
0.205600	137.00
0.205620	144.00
0.205640	145.00
0.205660	141.00
0.205680	130.00
0.205700	116.00
0.205720	104.00
0.205740	99.00
0.205760	103.00
0.205780	114.00
0.205800	128.00
0.205820	141.00
0.205840	148.00
0.205860	148.00
0.205880	140.00
0.205900	128.00
0.205920	114.00
0.205940	103.00
0.205960	101.00
0.205980	108.00
0.206000	121.00
0.206020	136.00
0.206040	148.00
0.206060	152.00
0.206080	147.00
0.206100	135.00
0.206120	119.00
0.206140	105.00
0.206160	98.00
0.206180	100.00
0.206200	110.00
0.206220	124.00
0.206240	137.00
0.206260	146.00
0.206280	149.00
0.206300	146.00
0.206320	139.00
0.206340	130.00
0.206360	121.00
0.206380	114.00
0.206400	110.00
0.206420	108.00
0.206440	110.00
0.206460	115.00
0.206480	122.00
0.206500	130.00
0.206520	137.00
0.206540	141.00
0.206560	142.00
0.206580	139.00
0.206600	133.00
0.206620	124.00
0.206640	115.00
0.206660	107.00
0.206680	103.00
0.206700	104.00
0.206720	109.00
0.206740	120.00
0.206760	133.00
0.206780	145.00
0.206800	152.00
0.206820	151.00
0.206840	142.00
0.206860	128.00
0.206880	113.00
0.206900	102.00
0.206920	97.00
0.206940	100.00
0.206960	111.00
0.206980	126.00
0.207000	141.00
0.207020	151.00
0.207040	153.00
0.207060	145.00
0.207080	131.00
0.207100	114.00
0.207120	100.00
0.207140	94.00
0.207160	98.00
0.207180	112.00
0.207200	131.00
0.207220	149.00
0.207240	160.00
0.207260	161.00
0.207280	150.00
0.207300	132.00
0.207320	112.00
0.207340	94.00
0.207360	85.00
0.207380	87.00
0.207400	99.00
0.207420	118.00
0.207440	140.00
0.207460	158.00
0.207480	166.00
0.207500	162.00
0.207520	148.00
0.207540	127.00
0.207560	107.00
0.207580	92.00
0.207600	87.00
0.207620	93.00
0.207640	108.00
0.207660	128.00
0.207680	146.00
0.207700	157.00
0.207720	158.00
0.207740	149.00
0.207760	134.00
0.207780	119.00
0.207800	106.00
0.207820	100.00
0.207840	102.00
0.207860	111.00
0.207880	123.00
0.207900	135.00
0.207920	141.00
0.207940	141.00
0.207960	135.00
0.207980	128.00
0.208000	123.00
0.208020	123.00
0.208040	126.00
0.208060	130.00
0.208080	134.00
0.208100	135.00
0.208120	131.00
0.208140	124.00
0.208160	113.00
0.208180	103.00
0.208200	98.00
0.208220	100.00
0.208240	111.00
0.208260	129.00
0.208280	147.00
0.208300	161.00
0.208320	166.00
0.208340	162.00
0.208360	150.00
0.208380	132.00
0.208400	110.00
0.208420	91.00
0.208440	80.00
0.208460	79.00
0.208480	89.00
0.208500	107.00
0.208520	128.00
0.208540	149.00
0.208560	165.00
0.208580	171.00
0.208600	167.00
0.208620	153.00
0.208640	132.00
0.208660	111.00
0.208680	93.00
0.208700	85.00
0.208720	87.00
0.208740	99.00
0.208760	117.00
0.208780	136.00
0.208800	150.00
0.208820	156.00
0.208840	153.00
0.208860	142.00
0.208880	128.00
0.208900	113.00
0.208920	103.00
0.208940	101.00
0.208960	108.00
0.208980	121.00
0.209000	136.00
0.209020	147.00
0.209040	148.00
0.209060	141.00
0.209080	128.00
0.209100	112.00
0.209120	100.00
0.209140	96.00
0.209160	101.00
0.209180	114.00
0.209200	131.00
0.209220	147.00
0.209240	156.00
0.209260	158.00
0.209280	150.00
0.209300	135.00
0.209320	117.00
0.209340	101.00
0.209360	91.00
0.209380	90.00
0.209400	98.00
0.209420	112.00
0.209440	128.00
0.209460	144.00
0.209480	154.00
0.209500	157.00
0.209520	153.00
0.209540	142.00
0.209560	128.00
0.209580	113.00
0.209600	99.00
0.209620	90.00
0.209640	88.00
0.209660	93.00
0.209680	107.00
0.209700	125.00
0.209720	144.00
0.209740	160.00
0.209760	169.00
0.209780	168.00
0.209800	157.00
0.209820	138.00
0.209840	114.00
0.209860	92.00
0.209880	77.00
0.209900	74.00
0.209920	83.00
0.209940	102.00
0.209960	127.00
0.209980	153.00
0.210000	173.00
0.210020	180.00
0.210040	174.00
0.210060	157.00
0.210080	134.00
0.210100	109.00
0.210120	87.00
0.210140	75.00
0.210160	76.00
0.210180	90.00
0.210200	112.00
0.210220	138.00
0.210240	158.00
0.210260	169.00
0.210280	169.00
0.210300	157.00
0.210320	138.00
0.210340	118.00
0.210360	102.00
0.210380	95.00
0.210400	96.00
0.210420	104.00
0.210440	114.00
0.210460	123.00
0.210480	132.00
0.210500	137.00
0.210520	139.00
0.210540	137.00
0.210560	134.00
0.210580	130.00
0.210600	127.00
0.210620	123.00
0.210640	118.00
0.210660	113.00
0.210680	110.00
0.210700	111.00
0.210720	116.00
0.210740	125.00
0.210760	135.00
0.210780	143.00
0.210800	147.00
0.210820	144.00
0.210840	134.00
0.210860	120.00
0.210880	106.00
0.210900	98.00
0.210920	99.00
0.210940	110.00
0.210960	127.00
0.210980	144.00
0.211000	154.00
0.211020	155.00
0.211040	147.00
0.211060	132.00
0.211080	115.00
0.211100	101.00
0.211120	94.00
0.211140	96.00
0.211160	107.00
0.211180	125.00
0.211200	143.00
0.211220	155.00
0.211240	158.00
0.211260	152.00
0.211280	139.00
0.211300	123.00
0.211320	108.00
0.211340	97.00
0.211360	95.00
0.211380	100.00
0.211400	113.00
0.211420	128.00
0.211440	142.00
0.211460	150.00
0.211480	151.00
0.211500	146.00
0.211520	135.00
0.211540	122.00
0.211560	111.00
0.211580	103.00
0.211600	102.00
0.211620	106.00
0.211640	115.00
0.211660	126.00
0.211680	137.00
0.211700	145.00
0.211720	146.00
0.211740	142.00
0.211760	134.00
0.211780	124.00
0.211800	115.00
0.211820	108.00
0.211840	106.00
0.211860	108.00
0.211880	116.00
0.211900	127.00
0.211920	138.00
0.211940	145.00
0.211960	146.00
0.211980	142.00
0.212000	134.00
0.212020	125.00
0.212040	116.00
0.212060	110.00
0.212080	108.00
0.212100	111.00
0.212120	118.00
0.212140	127.00
0.212160	135.00
0.212180	140.00
0.212200	141.00
0.212220	137.00
0.212240	130.00
0.212260	122.00
0.212280	115.00
0.212300	111.00
0.212320	111.00
0.212340	115.00
0.212360	121.00
0.212380	129.00
0.212400	135.00
0.212420	137.00
0.212440	136.00
0.212460	130.00
0.212480	123.00
0.212500	116.00
0.212520	111.00
0.212540	110.00
0.212560	114.00
0.212580	120.00
0.212600	128.00
0.212620	135.00
0.212640	139.00
0.212660	140.00
0.212680	137.00
0.212700	131.00
0.212720	122.00
0.212740	114.00
0.212760	110.00
0.212780	110.00
0.212800	116.00
0.212820	125.00
0.212840	133.00
0.212860	139.00
0.212880	140.00
0.212900	138.00
0.212920	133.00
0.212940	128.00
0.212960	122.00
0.212980	117.00
0.213000	115.00
0.213020	114.00
0.213040	116.00
0.213060	120.00
0.213080	125.00
0.213100	129.00
0.213120	131.00
0.213140	132.00
0.213160	133.00
0.213180	133.00
0.213200	132.00
0.213220	131.00
0.213240	128.00
0.213260	124.00
0.213280	119.00
0.213300	116.00
0.213320	114.00
0.213340	114.00
0.213360	118.00
0.213380	124.00
0.213400	131.00
0.213420	136.00
0.213440	138.00
0.213460	136.00
0.213480	131.00
0.213500	124.00
0.213520	118.00
0.213540	113.00
0.213560	110.00
0.213580	111.00
0.213600	115.00
0.213620	121.00
0.213640	128.00
0.213660	133.00
0.213680	136.00
0.213700	137.00
0.213720	136.00
0.213740	132.00
0.213760	128.00
0.213780	123.00
0.213800	119.00
0.213820	118.00
0.213840	117.00
0.213860	117.00
0.213880	118.00
0.213900	120.00
0.213920	125.00
0.213940	129.00
0.213960	133.00
0.213980	135.00
0.214000	135.00
0.214020	134.00
0.214040	132.00
0.214060	128.00
0.214080	124.00
0.214100	119.00
0.214120	116.00
0.214140	114.00
0.214160	116.00
0.214180	119.00
0.214200	125.00
0.214220	130.00
0.214240	134.00
0.214260	136.00
0.214280	135.00
0.214300	133.00
0.214320	130.00
0.214340	125.00
0.214360	119.00
0.214380	115.00
0.214400	113.00
0.214420	114.00
0.214440	118.00
0.214460	123.00
0.214480	128.00
0.214500	132.00
0.214520	135.00
0.214540	135.00
0.214560	133.00
0.214580	129.00
0.214600	125.00
0.214620	121.00
0.214640	120.00
0.214660	120.00
0.214680	120.00
0.214700	122.00
0.214720	124.00
0.214740	126.00
0.214760	128.00
0.214780	129.00
0.214800	129.00
0.214820	128.00
0.214840	127.00
0.214860	125.00
0.214880	124.00
0.214900	123.00
0.214920	123.00
0.214940	122.00
0.214960	123.00
0.214980	125.00
0.215000	126.00
0.215020	126.00
0.215040	125.00
0.215060	125.00
0.215080	124.00
0.215100	125.00
0.215120	126.00
0.215140	125.00
0.215160	125.00
0.215180	124.00
0.215200	124.00
0.215220	124.00
0.215240	124.00
0.215260	122.00
0.215280	121.00
0.215300	120.00
0.215320	122.00
0.215340	123.00
0.215360	125.00
0.215380	125.00
0.215400	126.00
0.215420	127.00
0.215440	128.00
0.215460	129.00
0.215480	128.00
0.215500	126.00
0.215520	125.00
0.215540	124.00
0.215560	123.00
0.215580	124.00
0.215600	125.00
0.215620	127.00
0.215640	128.00
0.215660	129.00
0.215680	129.00
0.215700	129.00
0.215720	127.00
0.215740	126.00
0.215760	124.00
0.215780	123.00
0.215800	122.00
0.215820	122.00
0.215840	123.00
0.215860	124.00
0.215880	125.00
0.215900	126.00
0.215920	126.00
0.215940	126.00
0.215960	127.00
0.215980	127.00
0.216000	127.00
0.216020	126.00
0.216040	125.00
0.216060	123.00
0.216080	122.00
0.216100	122.00
0.216120	123.00
0.216140	125.00
0.216160	126.00
0.216180	127.00
0.216200	127.00
0.216220	126.00
0.216240	125.00
0.216260	125.00
0.216280	124.00
0.216300	124.00
0.216320	124.00
0.216340	124.00
0.216360	124.00
0.216380	123.00
0.216400	124.00
0.216420	124.00
0.216440	126.00
0.216460	127.00
0.216480	128.00
0.216500	129.00
0.216520	128.00
0.216540	127.00
0.216560	125.00
0.216580	123.00
0.216600	122.00
0.216620	122.00
0.216640	123.00
0.216660	124.00
0.216680	125.00
0.216700	126.00
0.216720	128.00
0.216740	128.00
0.216760	128.00
0.216780	128.00
0.216800	127.00
0.216820	127.00
0.216840	126.00
0.216860	125.00
0.216880	124.00
0.216900	123.00
0.216920	123.00
0.216940	124.00
0.216960	125.00
0.216980	125.00
0.217000	125.00
0.217020	125.00
0.217040	126.00
0.217060	126.00
0.217080	126.00
0.217100	126.00
0.217120	125.00
0.217140	124.00
0.217160	124.00
0.217180	123.00
0.217200	122.00
0.217220	122.00
0.217240	123.00
0.217260	125.00
0.217280	126.00
0.217300	126.00
0.217320	127.00
0.217340	127.00
0.217360	126.00
0.217380	124.00
0.217400	123.00
0.217420	122.00
0.217440	123.00
0.217460	124.00
0.217480	125.00
0.217500	125.00
0.217520	125.00
0.217540	126.00
0.217560	126.00
0.217580	127.00
0.217600	126.00
0.217620	126.00
0.217640	126.00
0.217660	126.00
0.217680	126.00
0.217700	125.00
0.217720	124.00
0.217740	123.00
0.217760	123.00
0.217780	125.00
0.217800	126.00
0.217820	126.00
0.217840	125.00
0.217860	124.00
0.217880	124.00
0.217900	124.00
0.217920	124.00
0.217940	125.00
0.217960	125.00
0.217980	126.00
0.218000	126.00
0.218020	127.00
0.218040	127.00
0.218060	127.00
0.218080	127.00
0.218100	126.00
0.218120	126.00
0.218140	125.00
0.218160	124.00
0.218180	123.00
0.218200	123.00
0.218220	124.00
0.218240	125.00
0.218260	125.00
0.218280	125.00
0.218300	125.00
0.218320	125.00
0.218340	126.00
0.218360	126.00
0.218380	126.00
0.218400	124.00
0.218420	123.00
0.218440	123.00
0.218460	125.00
0.218480	126.00
0.218500	126.00
0.218520	126.00
0.218540	125.00
0.218560	126.00
0.218580	126.00
0.218600	126.00
0.218620	125.00
0.218640	124.00
0.218660	123.00
0.218680	123.00
0.218700	124.00
0.218720	124.00
0.218740	125.00
0.218760	126.00
0.218780	127.00
0.218800	127.00
0.218820	125.00
0.218840	124.00
0.218860	124.00
0.218880	124.00
0.218900	125.00
0.218920	126.00
0.218940	126.00
0.218960	125.00
0.218980	125.00
0.219000	124.00
0.219020	124.00
0.219040	124.00
0.219060	124.00
0.219080	124.00
0.219100	123.00
0.219120	123.00
0.219140	124.00
0.219160	125.00
0.219180	125.00
0.219200	125.00
0.219220	125.00
0.219240	125.00
0.219260	125.00
0.219280	126.00
0.219300	127.00
0.219320	127.00
0.219340	127.00
0.219360	126.00
0.219380	125.00
0.219400	124.00
0.219420	124.00
0.219440	124.00
0.219460	125.00
0.219480	125.00
0.219500	125.00
0.219520	125.00
0.219540	125.00
0.219560	125.00
0.219580	125.00
0.219600	126.00
0.219620	126.00
0.219640	126.00
0.219660	126.00
0.219680	126.00
0.219700	126.00
0.219720	126.00
0.219740	126.00
0.219760	126.00
0.219780	125.00
0.219800	125.00
0.219820	125.00
0.219840	125.00
0.219860	126.00
0.219880	126.00
0.219900	125.00
0.219920	125.00
0.219940	125.00
0.219960	125.00
0.219980	125.00
0.220000	125.00
0.220020	125.00
0.220040	125.00
0.220060	124.00
0.220080	123.00
0.220100	124.00
0.220120	124.00
0.220140	125.00
0.220160	126.00
0.220180	125.00
0.220200	124.00
0.220220	123.00
0.220240	123.00
0.220260	124.00
0.220280	124.00
0.220300	124.00
0.220320	124.00
0.220340	124.00
0.220360	124.00
0.220380	123.00
0.220400	123.00
0.220420	123.00
0.220440	124.00
0.220460	125.00
0.220480	125.00
0.220500	125.00
0.220520	124.00
0.220540	124.00
0.220560	124.00
0.220580	125.00
0.220600	125.00
0.220620	125.00
0.220640	125.00
0.220660	125.00
0.220680	125.00
0.220700	125.00
0.220720	126.00
0.220740	126.00
0.220760	127.00
0.220780	126.00
0.220800	125.00
0.220820	125.00
0.220840	125.00
0.220860	126.00
0.220880	127.00
0.220900	127.00
0.220920	128.00
0.220940	127.00
0.220960	127.00
0.220980	126.00
0.221000	125.00
0.221020	125.00
0.221040	124.00
0.221060	124.00
0.221080	124.00
0.221100	123.00
0.221120	122.00
0.221140	122.00
0.221160	123.00
0.221180	124.00
0.221200	125.00
0.221220	125.00
0.221240	125.00
0.221260	126.00
0.221280	127.00
0.221300	126.00
0.221320	125.00
0.221340	124.00
0.221360	124.00
0.221380	123.00
0.221400	124.00
0.221420	124.00
0.221440	124.00
0.221460	125.00
0.221480	126.00
0.221500	126.00
0.221520	125.00
0.221540	125.00
0.221560	125.00
0.221580	125.00
0.221600	125.00
0.221620	125.00
0.221640	124.00
0.221660	124.00
0.221680	124.00
0.221700	125.00
0.221720	127.00
0.221740	127.00
0.221760	127.00
0.221780	127.00
0.221800	126.00
0.221820	125.00
0.221840	125.00
0.221860	126.00
0.221880	126.00
0.221900	126.00
0.221920	125.00
0.221940	125.00
0.221960	125.00
0.221980	126.00
0.222000	125.00
0.222020	124.00
0.222040	122.00
0.222060	122.00
0.222080	123.00
0.222100	124.00
0.222120	124.00
0.222140	124.00
0.222160	124.00
0.222180	124.00
0.222200	124.00
0.222220	124.00
0.222240	124.00
0.222260	124.00
0.222280	125.00
0.222300	126.00
0.222320	126.00
0.222340	126.00
0.222360	126.00
0.222380	126.00
0.222400	126.00
0.222420	126.00
0.222440	125.00
0.222460	124.00
0.222480	124.00
0.222500	125.00
0.222520	126.00
0.222540	126.00
0.222560	127.00
0.222580	127.00
0.222600	128.00
0.222620	128.00
0.222640	128.00
0.222660	128.00
0.222680	127.00
0.222700	126.00
0.222720	126.00
0.222740	125.00
0.222760	125.00
0.222780	125.00
0.222800	125.00
0.222820	125.00
0.222840	125.00
0.222860	124.00
0.222880	123.00
0.222900	123.00
0.222920	123.00
0.222940	124.00
0.222960	124.00
0.222980	124.00
0.223000	124.00
0.223020	125.00
0.223040	126.00
0.223060	126.00
0.223080	126.00
0.223100	125.00
0.223120	124.00
0.223140	123.00
0.223160	123.00
0.223180	123.00
0.223200	124.00
0.223220	124.00
0.223240	125.00
0.223260	126.00
0.223280	126.00
0.223300	126.00
0.223320	125.00
0.223340	125.00
0.223360	125.00
0.223380	126.00
0.223400	126.00
0.223420	126.00
0.223440	126.00
0.223460	127.00
0.223480	127.00
0.223500	127.00
0.223520	127.00
0.223540	127.00
0.223560	127.00
0.223580	127.00
0.223600	127.00
0.223620	128.00
0.223640	128.00
0.223660	127.00
0.223680	126.00
0.223700	124.00
0.223720	123.00
0.223740	122.00
0.223760	123.00
0.223780	123.00
0.223800	123.00
0.223820	123.00
0.223840	123.00
0.223860	124.00
0.223880	126.00
0.223900	127.00
0.223920	126.00
0.223940	125.00
0.223960	124.00
0.223980	124.00
0.224000	124.00
0.224020	124.00
0.224040	124.00
0.224060	124.00
0.224080	125.00
0.224100	125.00
0.224120	125.00
0.224140	125.00
0.224160	125.00
0.224180	126.00
0.224200	126.00
0.224220	126.00
0.224240	126.00
0.224260	126.00
0.224280	126.00
0.224300	126.00
0.224320	127.00
0.224340	127.00
0.224360	126.00
0.224380	126.00
0.224400	125.00
0.224420	125.00
0.224440	125.00
0.224460	125.00
0.224480	125.00
0.224500	126.00
0.224520	126.00
0.224540	126.00
0.224560	126.00
0.224580	126.00
0.224600	126.00
0.224620	125.00
0.224640	124.00
0.224660	124.00
0.224680	125.00
0.224700	126.00
0.224720	126.00
0.224740	125.00
0.224760	125.00
0.224780	125.00
0.224800	126.00
0.224820	127.00
0.224840	127.00
0.224860	126.00
0.224880	125.00
0.224900	125.00
0.224920	126.00
0.224940	126.00
0.224960	126.00
0.224980	125.00
0.225000	124.00
0.225020	124.00
0.225040	125.00
0.225060	125.00
0.225080	125.00
0.225100	125.00
0.225120	124.00
0.225140	124.00
0.225160	126.00
0.225180	127.00
0.225200	127.00
0.225220	127.00
0.225240	127.00
0.225260	126.00
0.225280	126.00
0.225300	126.00
0.225320	125.00
0.225340	125.00
0.225360	125.00
0.225380	126.00
0.225400	126.00
0.225420	125.00
0.225440	125.00
0.225460	125.00
0.225480	126.00
0.225500	126.00
0.225520	127.00
0.225540	126.00
0.225560	126.00
0.225580	126.00
0.225600	127.00
0.225620	128.00
0.225640	127.00
0.225660	126.00
0.225680	125.00
0.225700	124.00
0.225720	125.00
0.225740	125.00
0.225760	125.00
0.225780	124.00
0.225800	124.00
0.225820	125.00
0.225840	125.00
0.225860	125.00
0.225880	124.00
0.225900	123.00
0.225920	123.00
0.225940	124.00
0.225960	124.00
0.225980	125.00
0.226000	125.00
0.226020	125.00
0.226040	126.00
0.226060	126.00
0.226080	126.00
0.226100	126.00
0.226120	126.00
0.226140	126.00
0.226160	126.00
0.226180	125.00
0.226200	124.00
0.226220	123.00
0.226240	123.00
0.226260	123.00
0.226280	123.00
0.226300	123.00
0.226320	123.00
0.226340	123.00
0.226360	124.00
0.226380	124.00
0.226400	124.00
0.226420	124.00
0.226440	124.00
0.226460	125.00
0.226480	125.00
0.226500	125.00
0.226520	125.00
0.226540	125.00
0.226560	125.00
0.226580	126.00
0.226600	126.00
0.226620	126.00
0.226640	126.00
0.226660	125.00
0.226680	125.00
0.226700	125.00
0.226720	125.00
0.226740	126.00
0.226760	127.00
0.226780	127.00
0.226800	127.00
0.226820	126.00
0.226840	125.00
0.226860	125.00
0.226880	125.00
0.226900	125.00
0.226920	124.00
0.226940	123.00
0.226960	123.00
0.226980	124.00
0.227000	125.00
0.227020	126.00
0.227040	125.00
0.227060	124.00
0.227080	123.00
0.227100	124.00
0.227120	125.00
0.227140	126.00
0.227160	126.00
0.227180	126.00
0.227200	126.00
0.227220	125.00
0.227240	125.00
0.227260	124.00
0.227280	124.00
0.227300	124.00
0.227320	125.00
0.227340	126.00
0.227360	126.00
0.227380	126.00
0.227400	127.00
0.227420	127.00
0.227440	128.00
0.227460	128.00
0.227480	127.00
0.227500	126.00
0.227520	126.00
0.227540	126.00
0.227560	126.00
0.227580	125.00
0.227600	125.00
0.227620	125.00
0.227640	124.00
0.227660	124.00
0.227680	123.00
0.227700	122.00
0.227720	122.00
0.227740	123.00
0.227760	125.00
0.227780	127.00
0.227800	127.00
0.227820	125.00
0.227840	124.00
0.227860	123.00
0.227880	124.00
0.227900	125.00
0.227920	126.00
0.227940	126.00
0.227960	125.00
0.227980	124.00
0.228000	124.00
0.228020	124.00
0.228040	125.00
0.228060	125.00
0.228080	125.00
0.228100	125.00
0.228120	125.00
0.228140	125.00
0.228160	125.00
0.228180	125.00
0.228200	125.00
0.228220	125.00
0.228240	125.00
0.228260	125.00
0.228280	125.00
0.228300	126.00
0.228320	126.00
0.228340	125.00
0.228360	125.00
0.228380	125.00
0.228400	126.00
0.228420	126.00
0.228440	126.00
0.228460	125.00
0.228480	124.00
0.228500	124.00
0.228520	125.00
0.228540	125.00
0.228560	125.00
0.228580	125.00
0.228600	125.00
0.228620	126.00
0.228640	126.00
0.228660	126.00
0.228680	126.00
0.228700	125.00
0.228720	124.00
0.228740	124.00
0.228760	125.00
0.228780	126.00
0.228800	126.00
0.228820	126.00
0.228840	125.00
0.228860	125.00
0.228880	124.00
0.228900	124.00
0.228920	124.00
0.228940	123.00
0.228960	124.00
0.228980	125.00
