0.173000	101.00
0.173020	48.00
0.173040	100.00
0.173060	140.00
0.173080	143.00
0.173100	125.00
0.173120	112.00
0.173140	118.00
0.173160	131.00
0.173180	135.00
0.173200	127.00
0.173220	120.00
0.173240	122.00
0.173260	129.00
0.173280	131.00
0.173300	127.00
0.173320	123.00
0.173340	125.00
0.173360	129.00
0.173380	130.00
0.173400	126.00
0.173420	122.00
0.173440	123.00
0.173460	126.00
0.173480	127.00
0.173500	124.00
0.173520	121.00
0.173540	122.00
0.173560	126.00
0.173580	128.00
0.173600	127.00
0.173620	126.00
0.173640	127.00
0.173660	128.00
0.173680	127.00
0.173700	124.00
0.173720	122.00
0.173740	123.00
0.173760	125.00
0.173780	125.00
0.173800	123.00
0.173820	121.00
0.173840	123.00
0.173860	126.00
0.173880	127.00
0.173900	126.00
0.173920	124.00
0.173940	125.00
0.173960	127.00
0.173980	128.00
0.174000	127.00
0.174020	125.00
0.174040	126.00
0.174060	127.00
0.174080	127.00
0.174100	125.00
0.174120	123.00
0.174140	124.00
0.174160	126.00
0.174180	127.00
0.174200	126.00
0.174220	126.00
0.174240	126.00
0.174260	127.00
0.174280	127.00
0.174300	126.00
0.174320	126.00
0.174340	127.00
0.174360	128.00
0.174380	127.00
0.174400	125.00
0.174420	124.00
0.174440	125.00
0.174460	126.00
0.174480	126.00
0.174500	124.00
0.174520	122.00
0.174540	123.00
0.174560	124.00
0.174580	124.00
0.174600	123.00
0.174620	122.00
0.174640	123.00
0.174660	124.00
0.174680	124.00
0.174700	123.00
0.174720	122.00
0.174740	123.00
0.174760	125.00
0.174780	127.00
0.174800	126.00
0.174820	124.00
0.174840	124.00
0.174860	124.00
0.174880	125.00
0.174900	125.00
0.174920	125.00
0.174940	125.00
0.174960	126.00
0.174980	127.00
0.175000	127.00
0.175020	127.00
0.175040	127.00
0.175060	127.00
0.175080	126.00
0.175100	126.00
0.175120	125.00
0.175140	126.00
0.175160	127.00
0.175180	127.00
0.175200	126.00
0.175220	126.00
0.175240	126.00
0.175260	127.00
0.175280	126.00
0.175300	125.00
0.175320	124.00
0.175340	125.00
0.175360	126.00
0.175380	126.00
0.175400	124.00
0.175420	123.00
0.175440	123.00
0.175460	124.00
0.175480	125.00
0.175500	125.00
0.175520	125.00
0.175540	125.00
0.175560	125.00
0.175580	125.00
0.175600	124.00
0.175620	123.00
0.175640	124.00
0.175660	124.00
0.175680	124.00
0.175700	123.00
0.175720	122.00
0.175740	123.00
0.175760	123.00
0.175780	124.00
0.175800	125.00
0.175820	125.00
0.175840	126.00
0.175860	127.00
0.175880	127.00
0.175900	128.00
0.175920	128.00
0.175940	128.00
0.175960	128.00
0.175980	127.00
0.176000	126.00
0.176020	126.00
0.176040	127.00
0.176060	127.00
0.176080	127.00
0.176100	125.00
0.176120	124.00
0.176140	124.00
0.176160	125.00
0.176180	126.00
0.176200	126.00
0.176220	126.00
0.176240	126.00
0.176260	127.00
0.176280	127.00
0.176300	125.00
0.176320	124.00
0.176340	125.00
0.176360	126.00
0.176380	126.00
0.176400	126.00
0.176420	125.00
0.176440	124.00
0.176460	124.00
0.176480	124.00
0.176500	124.00
0.176520	124.00
0.176540	125.00
0.176560	125.00
0.176580	126.00
0.176600	125.00
0.176620	125.00
0.176640	126.00
0.176660	126.00
0.176680	127.00
0.176700	126.00
0.176720	125.00
0.176740	125.00
0.176760	125.00
0.176780	126.00
0.176800	126.00
0.176820	127.00
0.176840	127.00
0.176860	128.00
0.176880	127.00
0.176900	126.00
0.176920	125.00
0.176940	125.00
0.176960	126.00
0.176980	126.00
0.177000	125.00
0.177020	125.00
0.177040	125.00
0.177060	126.00
0.177080	126.00
0.177100	126.00
0.177120	126.00
0.177140	127.00
0.177160	127.00
0.177180	128.00
0.177200	127.00
0.177220	127.00
0.177240	127.00
0.177260	127.00
0.177280	126.00
0.177300	125.00
0.177320	125.00
0.177340	125.00
0.177360	125.00
0.177380	125.00
0.177400	124.00
0.177420	124.00
0.177440	124.00
0.177460	124.00
0.177480	124.00
0.177500	124.00
0.177520	125.00
0.177540	125.00
0.177560	126.00
0.177580	125.00
0.177600	124.00
0.177620	123.00
0.177640	123.00
0.177660	123.00
0.177680	124.00
0.177700	123.00
0.177720	123.00
0.177740	124.00
0.177760	125.00
0.177780	126.00
0.177800	126.00
0.177820	126.00
0.177840	126.00
0.177860	126.00
0.177880	126.00
0.177900	126.00
0.177920	126.00
0.177940	126.00
0.177960	127.00
0.177980	127.00
0.178000	126.00
0.178020	126.00
0.178040	128.00
0.178060	129.00
0.178080	129.00
0.178100	128.00
0.178120	127.00
0.178140	126.00
0.178160	126.00
0.178180	126.00
0.178200	125.00
0.178220	124.00
0.178240	125.00
0.178260	126.00
0.178280	127.00
0.178300	127.00
0.178320	126.00
0.178340	126.00
0.178360	127.00
0.178380	128.00
0.178400	128.00
0.178420	128.00
0.178440	128.00
0.178460	128.00
0.178480	127.00
0.178500	125.00
0.178520	124.00
0.178540	123.00
0.178560	123.00
0.178580	124.00
0.178600	124.00
0.178620	124.00
0.178640	124.00
0.178660	125.00
0.178680	125.00
0.178700	126.00
0.178720	126.00
0.178740	126.00
0.178760	127.00
0.178780	127.00
0.178800	126.00
0.178820	124.00
0.178840	123.00
0.178860	124.00
0.178880	125.00
0.178900	125.00
0.178920	126.00
0.178940	126.00
0.178960	126.00
0.178980	126.00
0.179000	126.00
0.179020	125.00
0.179040	125.00
0.179060	125.00
0.179080	125.00
0.179100	125.00
0.179120	125.00
0.179140	125.00
0.179160	125.00
0.179180	125.00
0.179200	125.00
0.179220	124.00
0.179240	125.00
0.179260	125.00
0.179280	126.00
0.179300	125.00
0.179320	124.00
0.179340	124.00
0.179360	126.00
0.179380	126.00
0.179400	126.00
0.179420	124.00
0.179440	123.00
0.179460	123.00
0.179480	124.00
0.179500	124.00
0.179520	124.00
0.179540	123.00
0.179560	124.00
0.179580	124.00
0.179600	124.00
0.179620	124.00
0.179640	124.00
0.179660	125.00
0.179680	126.00
0.179700	127.00
0.179720	127.00
0.179740	126.00
0.179760	125.00
0.179780	124.00
0.179800	123.00
0.179820	123.00
0.179840	123.00
0.179860	124.00
0.179880	125.00
0.179900	125.00
0.179920	125.00
0.179940	125.00
0.179960	126.00
0.179980	126.00
0.180000	126.00
0.180020	125.00
0.180040	125.00
0.180060	126.00
0.180080	127.00
0.180100	127.00
0.180120	126.00
0.180140	125.00
0.180160	124.00
0.180180	125.00
0.180200	125.00
0.180220	125.00
0.180240	125.00
0.180260	125.00
0.180280	125.00
0.180300	125.00
0.180320	125.00
0.180340	125.00
0.180360	125.00
0.180380	126.00
0.180400	126.00
0.180420	125.00
0.180440	124.00
0.180460	124.00
0.180480	124.00
0.180500	124.00
0.180520	124.00
0.180540	124.00
0.180560	124.00
0.180580	125.00
0.180600	125.00
0.180620	125.00
0.180640	125.00
0.180660	126.00
0.180680	127.00
0.180700	128.00
0.180720	128.00
0.180740	127.00
0.180760	125.00
0.180780	124.00
0.180800	124.00
0.180820	124.00
0.180840	125.00
0.180860	125.00
0.180880	125.00
0.180900	125.00
0.180920	125.00
0.180940	125.00
0.180960	126.00
0.180980	126.00
0.181000	127.00
0.181020	127.00
0.181040	127.00
0.181060	126.00
0.181080	126.00
0.181100	127.00
0.181120	128.00
0.181140	128.00
0.181160	128.00
0.181180	127.00
0.181200	126.00
0.181220	125.00
0.181240	125.00
0.181260	125.00
0.181280	125.00
0.181300	125.00
0.181320	126.00
0.181340	126.00
0.181360	126.00
0.181380	126.00
0.181400	126.00
0.181420	126.00
0.181440	126.00
0.181460	126.00
0.181480	125.00
0.181500	125.00
0.181520	125.00
0.181540	125.00
0.181560	125.00
0.181580	125.00
0.181600	124.00
0.181620	124.00
0.181640	124.00
0.181660	124.00
0.181680	125.00
0.181700	125.00
0.181720	125.00
0.181740	125.00
0.181760	126.00
0.181780	125.00
0.181800	125.00
0.181820	124.00
0.181840	125.00
0.181860	125.00
0.181880	125.00
0.181900	126.00
0.181920	126.00
0.181940	126.00
0.181960	126.00
0.181980	125.00
0.182000	126.00
0.182020	126.00
0.182040	127.00
0.182060	128.00
0.182080	128.00
0.182100	127.00
0.182120	127.00
0.182140	127.00
0.182160	126.00
0.182180	126.00
0.182200	125.00
0.182220	125.00
0.182240	125.00
0.182260	126.00
0.182280	126.00
0.182300	125.00
0.182320	125.00
0.182340	124.00
0.182360	124.00
0.182380	124.00
0.182400	125.00
0.182420	125.00
0.182440	125.00
0.182460	124.00
0.182480	124.00
0.182500	123.00
0.182520	124.00
0.182540	125.00
0.182560	127.00
0.182580	127.00
0.182600	126.00
0.182620	124.00
0.182640	124.00
0.182660	124.00
0.182680	125.00
0.182700	126.00
0.182720	126.00
0.182740	125.00
0.182760	125.00
0.182780	125.00
0.182800	125.00
0.182820	125.00
0.182840	125.00
0.182860	125.00
0.182880	125.00
0.182900	125.00
0.182920	125.00
0.182940	124.00
0.182960	124.00
0.182980	124.00
0.183000	124.00
0.183020	124.00
0.183040	125.00
0.183060	125.00
0.183080	126.00
0.183100	125.00
0.183120	125.00
0.183140	124.00
0.183160	123.00
0.183180	124.00
0.183200	124.00
0.183220	126.00
0.183240	127.00
0.183260	127.00
0.183280	126.00
0.183300	125.00
0.183320	124.00
0.183340	124.00
0.183360	125.00
0.183380	126.00
0.183400	126.00
0.183420	126.00
0.183440	125.00
0.183460	125.00
0.183480	125.00
0.183500	126.00
0.183520	127.00
0.183540	127.00
0.183560	127.00
0.183580	126.00
0.183600	126.00
0.183620	125.00
0.183640	126.00
0.183660	126.00
0.183680	126.00
0.183700	125.00
0.183720	125.00
0.183740	125.00
0.183760	125.00
0.183780	125.00
0.183800	125.00
0.183820	126.00
0.183840	126.00
0.183860	126.00
0.183880	126.00
0.183900	126.00
0.183920	126.00
0.183940	126.00
0.183960	127.00
0.183980	127.00
0.184000	126.00
0.184020	125.00
0.184040	125.00
0.184060	125.00
0.184080	126.00
0.184100	127.00
0.184120	127.00
0.184140	127.00
0.184160	127.00
0.184180	126.00
0.184200	125.00
0.184220	124.00
0.184240	123.00
0.184260	124.00
0.184280	124.00
0.184300	125.00
0.184320	125.00
0.184340	125.00
0.184360	125.00
0.184380	125.00
0.184400	124.00
0.184420	124.00
0.184440	124.00
0.184460	124.00
0.184480	125.00
0.184500	125.00
0.184520	125.00
0.184540	125.00
0.184560	125.00
0.184580	126.00
0.184600	126.00
0.184620	126.00
0.184640	125.00
0.184660	125.00
0.184680	125.00
0.184700	125.00
0.184720	125.00
0.184740	126.00
0.184760	126.00
0.184780	126.00
0.184800	126.00
0.184820	125.00
0.184840	125.00
0.184860	126.00
0.184880	127.00
0.184900	127.00
0.184920	127.00
0.184940	126.00
0.184960	126.00
0.184980	126.00
0.185000	126.00
0.185020	125.00
0.185040	125.00
0.185060	125.00
0.185080	125.00
0.185100	125.00
0.185120	125.00
0.185140	125.00
0.185160	126.00
0.185180	126.00
0.185200	125.00
0.185220	124.00
0.185240	124.00
0.185260	124.00
0.185280	124.00
0.185300	124.00
0.185320	123.00
0.185340	123.00
0.185360	123.00
0.185380	124.00
0.185400	125.00
0.185420	125.00
0.185440	125.00
0.185460	125.00
0.185480	126.00
0.185500	127.00
0.185520	127.00
0.185540	127.00
0.185560	126.00
0.185580	126.00
0.185600	126.00
0.185620	126.00
0.185640	126.00
0.185660	125.00
0.185680	125.00
0.185700	125.00
0.185720	125.00
0.185740	125.00
0.185760	126.00
0.185780	125.00
0.185800	125.00
0.185820	125.00
0.185840	125.00
0.185860	126.00
0.185880	126.00
0.185900	126.00
0.185920	125.00
0.185940	125.00
0.185960	125.00
0.185980	125.00
0.186000	125.00
0.186020	125.00
0.186040	125.00
0.186060	125.00
0.186080	125.00
0.186100	125.00
0.186120	125.00
0.186140	125.00
0.186160	124.00
0.186180	124.00
0.186200	123.00
0.186220	123.00
0.186240	123.00
0.186260	124.00
0.186280	124.00
0.186300	123.00
0.186320	123.00
0.186340	123.00
0.186360	124.00
0.186380	124.00
0.186400	124.00
0.186420	123.00
0.186440	123.00
0.186460	124.00
0.186480	125.00
0.186500	126.00
0.186520	126.00
0.186540	126.00
0.186560	126.00
0.186580	126.00
0.186600	126.00
0.186620	126.00
0.186640	126.00
0.186660	126.00
0.186680	126.00
0.186700	125.00
0.186720	125.00
0.186740	125.00
0.186760	125.00
0.186780	126.00
0.186800	126.00
0.186820	126.00
0.186840	127.00
0.186860	127.00
0.186880	128.00
0.186900	128.00
0.186920	127.00
0.186940	126.00
0.186960	125.00
0.186980	124.00
0.187000	124.00
0.187020	124.00
0.187040	124.00
0.187060	124.00
0.187080	124.00
0.187100	124.00
0.187120	124.00
0.187140	125.00
0.187160	126.00
0.187180	127.00
0.187200	127.00
0.187220	126.00
0.187240	125.00
0.187260	124.00
0.187280	124.00
0.187300	124.00
0.187320	125.00
0.187340	125.00
0.187360	125.00
0.187380	125.00
0.187400	125.00
0.187420	125.00
0.187440	126.00
0.187460	125.00
0.187480	125.00
0.187500	125.00
0.187520	126.00
0.187540	126.00
0.187560	126.00
0.187580	127.00
0.187600	127.00
0.187620	127.00
0.187640	127.00
0.187660	126.00
0.187680	125.00
0.187700	125.00
0.187720	125.00
0.187740	125.00
0.187760	125.00
0.187780	125.00
0.187800	125.00
0.187820	125.00
0.187840	125.00
0.187860	125.00
0.187880	125.00
0.187900	125.00
0.187920	126.00
0.187940	126.00
0.187960	126.00
0.187980	126.00
0.188000	126.00
0.188020	126.00
0.188040	126.00
0.188060	125.00
0.188080	125.00
0.188100	125.00
0.188120	126.00
0.188140	126.00
0.188160	125.00
0.188180	125.00
0.188200	125.00
0.188220	126.00
0.188240	127.00
0.188260	127.00
0.188280	127.00
0.188300	126.00
0.188320	126.00
0.188340	126.00
0.188360	126.00
0.188380	125.00
0.188400	125.00
0.188420	125.00
0.188440	126.00
0.188460	126.00
0.188480	126.00
0.188500	126.00
0.188520	126.00
0.188540	126.00
0.188560	126.00
0.188580	126.00
0.188600	125.00
0.188620	125.00
0.188640	125.00
0.188660	125.00
0.188680	126.00
0.188700	127.00
0.188720	128.00
0.188740	128.00
0.188760	127.00
0.188780	126.00
0.188800	125.00
0.188820	125.00
0.188840	125.00
0.188860	125.00
0.188880	124.00
0.188900	124.00
0.188920	124.00
0.188940	125.00
0.188960	126.00
0.188980	126.00
0.189000	126.00
0.189020	126.00
0.189040	125.00
0.189060	123.00
0.189080	123.00
0.189100	123.00
0.189120	124.00
0.189140	125.00
0.189160	126.00
0.189180	126.00
0.189200	125.00
0.189220	124.00
0.189240	124.00
0.189260	125.00
0.189280	125.00
0.189300	124.00
0.189320	124.00
0.189340	124.00
0.189360	124.00
0.189380	125.00
0.189400	125.00
0.189420	125.00
0.189440	126.00
0.189460	126.00
0.189480	125.00
0.189500	124.00
0.189520	123.00
0.189540	123.00
0.189560	124.00
0.189580	125.00
0.189600	125.00
0.189620	125.00
0.189640	125.00
0.189660	126.00
0.189680	127.00
0.189700	127.00
0.189720	127.00
0.189740	126.00
0.189760	126.00
0.189780	126.00
0.189800	126.00
0.189820	125.00
0.189840	125.00
0.189860	125.00
0.189880	125.00
0.189900	125.00
0.189920	125.00
0.189940	125.00
0.189960	125.00
0.189980	126.00
0.190000	126.00
0.190020	126.00
0.190040	125.00
0.190060	125.00
0.190080	124.00
0.190100	124.00
0.190120	125.00
0.190140	125.00
0.190160	125.00
0.190180	124.00
0.190200	124.00
0.190220	124.00
0.190240	124.00
0.190260	124.00
0.190280	124.00
0.190300	125.00
0.190320	126.00
0.190340	127.00
0.190360	127.00
0.190380	127.00
0.190400	126.00
0.190420	126.00
0.190440	126.00
0.190460	126.00
0.190480	126.00
0.190500	126.00
0.190520	125.00
0.190540	125.00
0.190560	125.00
0.190580	126.00
0.190600	127.00
0.190620	127.00
0.190640	128.00
0.190660	128.00
0.190680	128.00
0.190700	127.00
0.190720	126.00
0.190740	126.00
0.190760	125.00
0.190780	125.00
0.190800	125.00
0.190820	126.00
0.190840	126.00
0.190860	126.00
0.190880	127.00
0.190900	127.00
0.190920	127.00
0.190940	127.00
0.190960	126.00
0.190980	125.00
0.191000	125.00
0.191020	125.00
0.191040	125.00
0.191060	125.00
0.191080	125.00
0.191100	124.00
0.191120	124.00
0.191140	124.00
0.191160	125.00
0.191180	125.00
0.191200	125.00
0.191220	125.00
0.191240	124.00
0.191260	124.00
0.191280	125.00
0.191300	125.00
0.191320	125.00
0.191340	124.00
0.191360	125.00
0.191380	125.00
0.191400	126.00
0.191420	126.00
0.191440	126.00
0.191460	126.00
0.191480	126.00
0.191500	126.00
0.191520	126.00
0.191540	126.00
0.191560	126.00
0.191580	126.00
0.191600	126.00
0.191620	127.00
0.191640	127.00
0.191660	126.00
0.191680	126.00
0.191700	126.00
0.191720	126.00
0.191740	126.00
0.191760	127.00
0.191780	126.00
0.191800	126.00
0.191820	126.00
0.191840	126.00
0.191860	126.00
0.191880	127.00
0.191900	127.00
0.191920	126.00
0.191940	126.00
0.191960	125.00
0.191980	123.00
0.192000	122.00
0.192020	122.00
0.192040	122.00
0.192060	123.00
0.192080	124.00
0.192100	125.00
0.192120	125.00
0.192140	125.00
0.192160	126.00
0.192180	126.00
0.192200	126.00
0.192220	125.00
0.192240	124.00
0.192260	124.00
0.192280	125.00
0.192300	126.00
0.192320	127.00
0.192340	127.00
0.192360	126.00
0.192380	125.00
0.192400	124.00
0.192420	124.00
0.192440	125.00
0.192460	125.00
0.192480	125.00
0.192500	126.00
0.192520	126.00
0.192540	127.00
0.192560	127.00
0.192580	126.00
0.192600	126.00
0.192620	127.00
0.192640	127.00
0.192660	127.00
0.192680	126.00
0.192700	125.00
0.192720	125.00
0.192740	125.00
0.192760	125.00
0.192780	125.00
0.192800	125.00
0.192820	125.00
0.192840	125.00
0.192860	126.00
0.192880	125.00
0.192900	125.00
0.192920	124.00
0.192940	124.00
0.192960	125.00
0.192980	125.00
0.193000	125.00
0.193020	124.00
0.193040	123.00
0.193060	123.00
0.193080	123.00
0.193100	124.00
0.193120	125.00
0.193140	126.00
0.193160	126.00
0.193180	126.00
0.193200	126.00
0.193220	125.00
0.193240	126.00
0.193260	126.00
0.193280	125.00
0.193300	125.00
0.193320	125.00
0.193340	125.00
0.193360	125.00
0.193380	125.00
0.193400	125.00
0.193420	126.00
0.193440	126.00
0.193460	126.00
0.193480	125.00
0.193500	124.00
0.193520	125.00
0.193540	126.00
0.193560	127.00
0.193580	127.00
0.193600	127.00
0.193620	126.00
0.193640	126.00
0.193660	127.00
0.193680	127.00
0.193700	127.00
0.193720	126.00
0.193740	126.00
0.193760	127.00
0.193780	127.00
0.193800	126.00
0.193820	125.00
0.193840	124.00
0.193860	124.00
0.193880	123.00
0.193900	123.00
0.193920	124.00
0.193940	125.00
0.193960	126.00
0.193980	126.00
0.194000	125.00
0.194020	125.00
0.194040	125.00
0.194060	125.00
0.194080	125.00
0.194100	125.00
0.194120	124.00
0.194140	123.00
0.194160	123.00
0.194180	125.00
0.194200	126.00
0.194220	126.00
0.194240	126.00
0.194260	125.00
0.194280	125.00
0.194300	125.00
0.194320	125.00
0.194340	125.00
0.194360	126.00
0.194380	125.00
0.194400	125.00
0.194420	124.00
0.194440	124.00
0.194460	125.00
0.194480	126.00
0.194500	126.00
0.194520	126.00
0.194540	126.00
0.194560	125.00
0.194580	126.00
0.194600	126.00
0.194620	127.00
0.194640	127.00
0.194660	127.00
0.194680	127.00
0.194700	127.00
0.194720	126.00
0.194740	126.00
0.194760	126.00
0.194780	126.00
0.194800	126.00
0.194820	126.00
0.194840	126.00
0.194860	126.00
0.194880	126.00
0.194900	126.00
0.194920	126.00
0.194940	125.00
0.194960	125.00
0.194980	125.00
0.195000	124.00
0.195020	123.00
0.195040	123.00
0.195060	123.00
0.195080	124.00
0.195100	125.00
0.195120	126.00
0.195140	126.00
0.195160	127.00
0.195180	127.00
0.195200	127.00
0.195220	127.00
0.195240	127.00
0.195260	126.00
0.195280	125.00
0.195300	123.00
0.195320	122.00
0.195340	122.00
0.195360	123.00
0.195380	124.00
0.195400	125.00
0.195420	125.00
0.195440	126.00
0.195460	126.00
0.195480	126.00
0.195500	126.00
0.195520	126.00
0.195540	125.00
0.195560	125.00
0.195580	125.00
0.195600	125.00
0.195620	124.00
0.195640	124.00
0.195660	125.00
0.195680	125.00
0.195700	126.00
0.195720	125.00
0.195740	124.00
0.195760	123.00
0.195780	123.00
0.195800	124.00
0.195820	124.00
0.195840	124.00
0.195860	124.00
0.195880	125.00
0.195900	126.00
0.195920	127.00
0.195940	126.00
0.195960	125.00
0.195980	124.00
0.196000	123.00
0.196020	123.00
0.196040	124.00
0.196060	125.00
0.196080	125.00
0.196100	125.00
0.196120	126.00
0.196140	126.00
0.196160	126.00
0.196180	126.00
0.196200	127.00
0.196220	127.00
0.196240	127.00
0.196260	126.00
0.196280	125.00
0.196300	125.00
0.196320	125.00
0.196340	125.00
0.196360	126.00
0.196380	126.00
0.196400	126.00
0.196420	125.00
0.196440	125.00
0.196460	124.00
0.196480	124.00
0.196500	125.00
0.196520	127.00
0.196540	127.00
0.196560	128.00
0.196580	127.00
0.196600	126.00
0.196620	125.00
0.196640	124.00
0.196660	124.00
0.196680	124.00
0.196700	125.00
0.196720	125.00
0.196740	125.00
0.196760	124.00
0.196780	124.00
0.196800	123.00
0.196820	123.00
0.196840	123.00
0.196860	122.00
0.196880	123.00
0.196900	125.00
0.196920	127.00
0.196940	128.00
0.196960	128.00
0.196980	126.00
0.197000	125.00
0.197020	124.00
0.197040	123.00
0.197060	123.00
0.197080	123.00
0.197100	123.00
0.197120	124.00
0.197140	126.00
0.197160	128.00
0.197180	129.00
0.197200	129.00
0.197220	129.00
0.197240	128.00
0.197260	126.00
0.197280	123.00
0.197300	121.00
0.197320	120.00
0.197340	121.00
0.197360	122.00
0.197380	124.00
0.197400	125.00
0.197420	126.00
0.197440	127.00
0.197460	128.00
0.197480	128.00
0.197500	127.00
0.197520	126.00
0.197540	125.00
0.197560	124.00
0.197580	124.00
0.197600	124.00
0.197620	125.00
0.197640	126.00
0.197660	127.00
0.197680	127.00
0.197700	126.00
0.197720	126.00
0.197740	127.00
0.197760	128.00
0.197780	128.00
0.197800	126.00
0.197820	124.00
0.197840	123.00
0.197860	122.00
0.197880	122.00
0.197900	122.00
0.197920	123.00
0.197940	124.00
0.197960	126.00
0.197980	127.00
0.198000	128.00
0.198020	129.00
0.198040	128.00
0.198060	127.00
0.198080	126.00
0.198100	124.00
0.198120	123.00
0.198140	122.00
0.198160	122.00
0.198180	123.00
0.198200	125.00
0.198220	126.00
0.198240	128.00
0.198260	128.00
0.198280	128.00
0.198300	127.00
0.198320	126.00
0.198340	125.00
0.198360	124.00
0.198380	124.00
0.198400	124.00
0.198420	124.00
0.198440	125.00
0.198460	125.00
0.198480	125.00
0.198500	126.00
0.198520	127.00
0.198540	127.00
0.198560	126.00
0.198580	125.00
0.198600	124.00
0.198620	125.00
0.198640	126.00
0.198660	128.00
0.198680	129.00
0.198700	128.00
0.198720	127.00
0.198740	125.00
0.198760	124.00
0.198780	123.00
0.198800	123.00
0.198820	123.00
0.198840	125.00
0.198860	126.00
0.198880	126.00
0.198900	125.00
0.198920	125.00
0.198940	124.00
0.198960	123.00
0.198980	123.00
0.199000	123.00
0.199020	124.00
0.199040	126.00
0.199060	129.00
0.199080	131.00
0.199100	130.00
0.199120	127.00
0.199140	123.00
0.199160	120.00
0.199180	120.00
0.199200	122.00
0.199220	126.00
0.199240	129.00
0.199260	131.00
0.199280	130.00
0.199300	127.00
0.199320	124.00
0.199340	122.00
0.199360	121.00
0.199380	121.00
0.199400	123.00
0.199420	125.00
0.199440	127.00
0.199460	129.00
0.199480	130.00
0.199500	128.00
0.199520	126.00
0.199540	124.00
0.199560	123.00
0.199580	123.00
0.199600	124.00
0.199620	125.00
0.199640	126.00
0.199660	127.00
0.199680	126.00
0.199700	124.00
0.199720	122.00
0.199740	121.00
0.199760	122.00
0.199780	125.00
0.199800	128.00
0.199820	130.00
0.199840	131.00
0.199860	129.00
0.199880	126.00
0.199900	122.00
0.199920	120.00
0.199940	120.00
0.199960	123.00
0.199980	126.00
0.200000	128.00
0.200020	129.00
0.200040	128.00
0.200060	128.00
0.200080	127.00
0.200100	126.00
0.200120	125.00
0.200140	124.00
0.200160	123.00
0.200180	123.00
0.200200	123.00
0.200220	123.00
0.200240	123.00
0.200260	124.00
0.200280	126.00
0.200300	127.00
0.200320	128.00
0.200340	129.00
0.200360	128.00
0.200380	128.00
0.200400	128.00
0.200420	127.00
0.200440	126.00
0.200460	123.00
0.200480	122.00
0.200500	122.00
0.200520	123.00
0.200540	125.00
0.200560	126.00
0.200580	127.00
0.200600	127.00
0.200620	127.00
0.200640	127.00
0.200660	126.00
0.200680	125.00
0.200700	124.00
0.200720	124.00
0.200740	124.00
0.200760	125.00
0.200780	125.00
0.200800	125.00
0.200820	125.00
0.200840	125.00
0.200860	125.00
0.200880	125.00
0.200900	124.00
0.200920	123.00
0.200940	123.00
0.200960	123.00
0.200980	124.00
0.201000	125.00
0.201020	126.00
0.201040	127.00
0.201060	128.00
0.201080	128.00
0.201100	128.00
0.201120	126.00
0.201140	124.00
0.201160	122.00
0.201180	121.00
0.201200	121.00
0.201220	123.00
0.201240	125.00
0.201260	127.00
0.201280	129.00
0.201300	131.00
0.201320	131.00
0.201340	130.00
0.201360	127.00
0.201380	123.00
0.201400	121.00
0.201420	120.00
0.201440	122.00
0.201460	125.00
0.201480	128.00
0.201500	131.00
0.201520	133.00
0.201540	133.00
0.201560	131.00
0.201580	127.00
0.201600	120.00
0.201620	114.00
0.201640	111.00
0.201660	111.00
0.201680	114.00
0.201700	121.00
0.201720	129.00
0.201740	136.00
0.201760	140.00
0.201780	140.00
0.201800	135.00
0.201820	127.00
0.201840	118.00
0.201860	112.00
0.201880	108.00
0.201900	109.00
0.201920	114.00
0.201940	121.00
0.201960	128.00
0.201980	134.00
0.202000	137.00
0.202020	136.00
0.202040	132.00
0.202060	128.00
0.202080	125.00
0.202100	122.00
0.202120	121.00
0.202140	121.00
0.202160	122.00
0.202180	123.00
0.202200	124.00
0.202220	124.00
0.202240	126.00
0.202260	128.00
0.202280	130.00
0.202300	132.00
0.202320	132.00
0.202340	132.00
0.202360	129.00
0.202380	126.00
0.202400	122.00
0.202420	119.00
0.202440	117.00
0.202460	118.00
0.202480	121.00
0.202500	125.00
0.202520	129.00
0.202540	131.00
0.202560	132.00
0.202580	132.00
0.202600	130.00
0.202620	127.00
0.202640	123.00
0.202660	119.00
0.202680	116.00
0.202700	116.00
0.202720	119.00
0.202740	122.00
0.202760	126.00
0.202780	128.00
0.202800	130.00
0.202820	130.00
0.202840	130.00
0.202860	130.00
0.202880	131.00
0.202900	130.00
0.202920	129.00
0.202940	125.00
0.202960	121.00
0.202980	118.00
0.203000	117.00
0.203020	119.00
0.203040	123.00
0.203060	127.00
0.203080	130.00
0.203100	132.00
0.203120	133.00
0.203140	132.00
0.203160	130.00
0.203180	127.00
0.203200	123.00
0.203220	120.00
0.203240	120.00
0.203260	122.00
0.203280	124.00
0.203300	126.00
0.203320	127.00
0.203340	128.00
0.203360	128.00
0.203380	128.00
0.203400	127.00
0.203420	128.00
0.203440	128.00
0.203460	128.00
0.203480	127.00
0.203500	125.00
0.203520	122.00
0.203540	119.00
0.203560	117.00
0.203580	117.00
0.203600	119.00
0.203620	123.00
0.203640	127.00
0.203660	130.00
0.203680	131.00
0.203700	128.00
0.203720	123.00
0.203740	119.00
0.203760	116.00
0.203780	117.00
0.203800	121.00
0.203820	128.00
0.203840	134.00
0.203860	138.00
0.203880	138.00
0.203900	133.00
0.203920	124.00
0.203940	115.00
0.203960	108.00
0.203980	106.00
0.204000	109.00
0.204020	117.00
0.204040	127.00
0.204060	138.00
0.204080	145.00
0.204100	147.00
0.204120	143.00
0.204140	135.00
0.204160	125.00
0.204180	115.00
0.204200	109.00
0.204220	107.00
0.204240	110.00
0.204260	117.00
0.204280	126.00
0.204300	135.00
0.204320	141.00
0.204340	143.00
0.204360	140.00
0.204380	132.00
0.204400	123.00
0.204420	115.00
0.204440	111.00
0.204460	112.00
0.204480	118.00
0.204500	127.00
0.204520	136.00
0.204540	141.00
0.204560	140.00
0.204580	133.00
0.204600	120.00
0.204620	109.00
0.204640	102.00
0.204660	105.00
0.204680	115.00
0.204700	131.00
0.204720	146.00
0.204740	156.00
0.204760	155.00
0.204780	143.00
0.204800	121.00
0.204820	99.00
0.204840	84.00
0.204860	83.00
0.204880	98.00
0.204900	122.00
0.204920	148.00
0.204940	167.00
0.204960	172.00
0.204980	163.00
0.205000	142.00
0.205020	117.00
0.205040	96.00
0.205060	86.00
0.205080	89.00
0.205100	103.00
0.205120	123.00
0.205140	141.00
0.205160	153.00
0.205180	155.00
0.205200	148.00
0.205220	135.00
0.205240	120.00
0.205260	108.00
0.205280	104.00
0.205300	107.00
0.205320	116.00
0.205340	126.00
0.205360	134.00
0.205380	138.00
0.205400	138.00
0.205420	135.00
0.205440	131.00
0.205460	126.00
0.205480	120.00
0.205500	113.00
0.205520	109.00
0.205540	109.00
0.205560	114.00
0.205580	125.00
0.205600	136.00
0.205620	144.00
0.205640	147.00
0.205660	143.00
0.205680	134.00
0.205700	121.00
0.205720	110.00
0.205740	103.00
0.205760	103.00
0.205780	111.00
0.205800	125.00
0.205820	138.00
0.205840	147.00
0.205860	149.00
0.205880	141.00
0.205900	128.00
0.205920	113.00
0.205940	102.00
0.205960	99.00
0.205980	106.00
0.206000	120.00
0.206020	138.00
0.206040	152.00
0.206060	159.00
0.206080	155.00
0.206100	141.00
0.206120	122.00
0.206140	103.00
0.206160	91.00
0.206180	90.00
0.206200	100.00
0.206220	117.00
0.206240	134.00
0.206260	146.00
0.206280	151.00
0.206300	149.00
0.206320	142.00
0.206340	132.00
0.206360	122.00
0.206380	112.00
0.206400	106.00
0.206420	104.00
0.206440	106.00
0.206460	112.00
0.206480	121.00
0.206500	131.00
0.206520	139.00
0.206540	143.00
0.206560	143.00
0.206580	139.00
0.206600	133.00
0.206620	125.00
0.206640	115.00
0.206660	107.00
0.206680	101.00
0.206700	101.00
0.206720	107.00
0.206740	118.00
0.206760	133.00
0.206780	146.00
0.206800	154.00
0.206820	155.00
0.206840	148.00
0.206860	134.00
0.206880	116.00
0.206900	100.00
0.206920	91.00
0.206940	94.00
0.206960	106.00
0.206980	125.00
0.207000	143.00
0.207020	156.00
0.207040	158.00
0.207060	149.00
0.207080	131.00
0.207100	111.00
0.207120	95.00
0.207140	90.00
0.207160	97.00
0.207180	114.00
0.207200	136.00
0.207220	155.00
0.207240	166.00
0.207260	164.00
0.207280	150.00
0.207300	128.00
0.207320	105.00
0.207340	87.00
0.207360	81.00
0.207380	87.00
0.207400	105.00
0.207420	128.00
0.207440	150.00
0.207460	164.00
0.207480	167.00
0.207500	158.00
0.207520	141.00
0.207540	120.00
0.207560	101.00
0.207580	89.00
0.207600	87.00
0.207620	96.00
0.207640	112.00
0.207660	132.00
0.207680	149.00
0.207700	158.00
0.207720	157.00
0.207740	147.00
0.207760	132.00
0.207780	116.00
0.207800	104.00
0.207820	99.00
0.207840	102.00
0.207860	111.00
0.207880	123.00
0.207900	132.00
0.207920	137.00
0.207940	138.00
0.207960	135.00
0.207980	131.00
0.208000	128.00
0.208020	128.00
0.208040	131.00
0.208060	134.00
0.208080	135.00
0.208100	133.00
0.208120	126.00
0.208140	117.00
0.208160	107.00
0.208180	100.00
0.208200	98.00
0.208220	104.00
0.208240	118.00
0.208260	135.00
0.208280	152.00
0.208300	164.00
0.208320	167.00
0.208340	160.00
0.208360	144.00
0.208380	123.00
0.208400	102.00
0.208420	85.00
0.208440	78.00
0.208460	81.00
0.208480	94.00
0.208500	113.00
0.208520	134.00
0.208540	153.00
0.208560	166.00
0.208580	169.00
0.208600	163.00
0.208620	146.00
0.208640	125.00
0.208660	106.00
0.208680	93.00
0.208700	90.00
0.208720	96.00
0.208740	108.00
0.208760	123.00
0.208780	137.00
0.208800	148.00
0.208820	152.00
0.208840	147.00
0.208860	137.00
0.208880	124.00
0.208900	113.00
0.208920	108.00
0.208940	109.00
0.208960	117.00
0.208980	128.00
0.209000	139.00
0.209020	144.00
0.209040	143.00
0.209060	134.00
0.209080	120.00
0.209100	108.00
0.209120	101.00
0.209140	102.00
0.209160	111.00
0.209180	125.00
0.209200	139.00
0.209220	150.00
0.209240	155.00
0.209260	152.00
0.209280	141.00
0.209300	124.00
0.209320	108.00
0.209340	95.00
0.209360	90.00
0.209380	94.00
0.209400	105.00
0.209420	120.00
0.209440	137.00
0.209460	150.00
0.209480	157.00
0.209500	156.00
0.209520	148.00
0.209540	135.00
0.209560	120.00
0.209580	107.00
0.209600	97.00
0.209620	93.00
0.209640	96.00
0.209660	105.00
0.209680	119.00
0.209700	135.00
0.209720	149.00
0.209740	159.00
0.209760	163.00
0.209780	159.00
0.209800	146.00
0.209820	128.00
0.209840	107.00
0.209860	90.00
0.209880	81.00
0.209900	82.00
0.209920	94.00
0.209940	114.00
0.209960	136.00
0.209980	157.00
0.210000	170.00
0.210020	171.00
0.210040	161.00
0.210060	143.00
0.210080	120.00
0.210100	99.00
0.210120	85.00
0.210140	80.00
0.210160	86.00
0.210180	102.00
0.210200	123.00
0.210220	143.00
0.210240	157.00
0.210260	162.00
0.210280	156.00
0.210300	144.00
0.210320	130.00
0.210340	117.00
0.210360	108.00
0.210380	104.00
0.210400	106.00
0.210420	111.00
0.210440	118.00
0.210460	124.00
0.210480	129.00
0.210500	132.00
0.210520	134.00
0.210540	135.00
0.210560	135.00
0.210580	133.00
0.210600	130.00
0.210620	126.00
0.210640	121.00
0.210660	116.00
0.210680	114.00
0.210700	116.00
0.210720	122.00
0.210740	130.00
0.210760	137.00
0.210780	140.00
0.210800	138.00
0.210820	132.00
0.210840	124.00
0.210860	116.00
0.210880	111.00
0.210900	111.00
0.210920	116.00
0.210940	125.00
0.210960	136.00
0.210980	143.00
0.211000	146.00
0.211020	142.00
0.211040	133.00
0.211060	121.00
0.211080	109.00
0.211100	102.00
0.211120	103.00
0.211140	110.00
0.211160	122.00
0.211180	134.00
0.211200	143.00
0.211220	147.00
0.211240	144.00
0.211260	136.00
0.211280	124.00
0.211300	114.00
0.211320	106.00
0.211340	104.00
0.211360	107.00
0.211380	114.00
0.211400	123.00
0.211420	133.00
0.211440	141.00
0.211460	143.00
0.211480	140.00
0.211500	134.00
0.211520	125.00
0.211540	118.00
0.211560	113.00
0.211580	112.00
0.211600	114.00
0.211620	119.00
0.211640	126.00
0.211660	132.00
0.211680	137.00
0.211700	138.00
0.211720	137.00
0.211740	133.00
0.211760	126.00
0.211780	118.00
0.211800	110.00
0.211820	108.00
0.211840	111.00
0.211860	119.00
0.211880	127.00
0.211900	134.00
0.211920	138.00
0.211940	138.00
0.211960	136.00
0.211980	132.00
0.212000	126.00
0.212020	120.00
0.212040	116.00
0.212060	114.00
0.212080	116.00
0.212100	119.00
0.212120	123.00
0.212140	127.00
0.212160	130.00
0.212180	132.00
0.212200	132.00
0.212220	130.00
0.212240	126.00
0.212260	122.00
0.212280	119.00
0.212300	117.00
0.212320	119.00
0.212340	122.00
0.212360	125.00
0.212380	128.00
0.212400	130.00
0.212420	130.00
0.212440	129.00
0.212460	127.00
0.212480	125.00
0.212500	122.00
0.212520	121.00
0.212540	121.00
0.212560	124.00
0.212580	128.00
0.212600	132.00
0.212620	133.00
0.212640	131.00
0.212660	128.00
0.212680	124.00
0.212700	119.00
0.212720	116.00
0.212740	116.00
0.212760	118.00
0.212780	122.00
0.212800	127.00
0.212820	132.00
0.212840	136.00
0.212860	136.00
0.212880	135.00
0.212900	131.00
0.212920	126.00
0.212940	122.00
0.212960	120.00
0.212980	119.00
0.213000	120.00
0.213020	121.00
0.213040	123.00
0.213060	126.00
0.213080	128.00
0.213100	129.00
0.213120	130.00
0.213140	130.00
0.213160	130.00
0.213180	130.00
0.213200	128.00
0.213220	125.00
0.213240	122.00
0.213260	118.00
0.213280	117.00
0.213300	116.00
0.213320	118.00
0.213340	121.00
0.213360	125.00
0.213380	129.00
0.213400	133.00
0.213420	134.00
0.213440	134.00
0.213460	131.00
0.213480	128.00
0.213500	123.00
0.213520	119.00
0.213540	117.00
0.213560	117.00
0.213580	119.00
0.213600	123.00
0.213620	127.00
0.213640	130.00
0.213660	132.00
0.213680	133.00
0.213700	133.00
0.213720	132.00
0.213740	129.00
0.213760	126.00
0.213780	123.00
0.213800	121.00
0.213820	119.00
0.213840	119.00
0.213860	120.00
0.213880	121.00
0.213900	123.00
0.213920	125.00
0.213940	127.00
0.213960	129.00
0.213980	130.00
0.214000	130.00
0.214020	129.00
0.214040	126.00
0.214060	124.00
0.214080	121.00
0.214100	120.00
0.214120	119.00
0.214140	120.00
0.214160	122.00
0.214180	123.00
0.214200	126.00
0.214220	129.00
0.214240	131.00
0.214260	131.00
0.214280	129.00
0.214300	125.00
0.214320	122.00
0.214340	120.00
0.214360	120.00
0.214380	120.00
0.214400	121.00
0.214420	123.00
0.214440	127.00
0.214460	130.00
0.214480	132.00
0.214500	132.00
0.214520	131.00
0.214540	128.00
0.214560	126.00
0.214580	124.00
0.214600	122.00
0.214620	122.00
0.214640	122.00
0.214660	123.00
0.214680	125.00
0.214700	126.00
0.214720	127.00
0.214740	128.00
0.214760	128.00
0.214780	128.00
0.214800	127.00
0.214820	126.00
0.214840	126.00
0.214860	125.00
0.214880	125.00
0.214900	125.00
0.214920	125.00
0.214940	125.00
0.214960	125.00
0.214980	126.00
0.215000	127.00
0.215020	127.00
0.215040	127.00
0.215060	127.00
0.215080	126.00
0.215100	126.00
0.215120	127.00
0.215140	127.00
0.215160	126.00
0.215180	125.00
0.215200	123.00
0.215220	123.00
0.215240	123.00
0.215260	123.00
0.215280	123.00
0.215300	124.00
0.215320	125.00
0.215340	127.00
0.215360	128.00
0.215380	128.00
0.215400	127.00
0.215420	127.00
0.215440	126.00
0.215460	125.00
0.215480	124.00
0.215500	124.00
0.215520	124.00
0.215540	125.00
0.215560	126.00
0.215580	126.00
0.215600	126.00
0.215620	126.00
0.215640	126.00
0.215660	126.00
0.215680	126.00
0.215700	125.00
0.215720	124.00
0.215740	123.00
0.215760	123.00
0.215780	124.00
0.215800	124.00
0.215820	124.00
0.215840	124.00
0.215860	125.00
0.215880	126.00
0.215900	127.00
0.215920	127.00
0.215940	127.00
0.215960	127.00
0.215980	125.00
0.216000	123.00
0.216020	121.00
0.216040	120.00
0.216060	122.00
0.216080	123.00
0.216100	124.00
0.216120	125.00
0.216140	125.00
0.216160	126.00
0.216180	127.00
0.216200	128.00
0.216220	128.00
0.216240	127.00
0.216260	126.00
0.216280	124.00
0.216300	123.00
0.216320	121.00
0.216340	121.00
0.216360	122.00
0.216380	124.00
0.216400	126.00
0.216420	127.00
0.216440	127.00
0.216460	127.00
0.216480	126.00
0.216500	126.00
0.216520	126.00
0.216540	125.00
0.216560	124.00
0.216580	124.00
0.216600	124.00
0.216620	125.00
0.216640	126.00
0.216660	126.00
0.216680	125.00
0.216700	125.00
0.216720	126.00
0.216740	127.00
0.216760	128.00
0.216780	129.00
0.216800	128.00
0.216820	126.00
0.216840	125.00
0.216860	124.00
0.216880	123.00
0.216900	123.00
0.216920	123.00
0.216940	123.00
0.216960	124.00
0.216980	125.00
0.217000	125.00
0.217020	126.00
0.217040	126.00
0.217060	126.00
0.217080	125.00
0.217100	125.00
0.217120	124.00
0.217140	124.00
0.217160	125.00
0.217180	125.00
0.217200	126.00
0.217220	125.00
0.217240	125.00
0.217260	124.00
0.217280	123.00
0.217300	123.00
0.217320	124.00
0.217340	125.00
0.217360	126.00
0.217380	126.00
0.217400	126.00
0.217420	125.00
0.217440	125.00
0.217460	125.00
0.217480	126.00
0.217500	126.00
0.217520	126.00
0.217540	126.00
0.217560	127.00
0.217580	127.00
0.217600	127.00
0.217620	127.00
0.217640	125.00
0.217660	124.00
0.217680	123.00
0.217700	123.00
0.217720	124.00
0.217740	125.00
0.217760	126.00
0.217780	126.00
0.217800	125.00
0.217820	124.00
0.217840	124.00
0.217860	124.00
0.217880	125.00
0.217900	125.00
0.217920	126.00
0.217940	126.00
0.217960	126.00
0.217980	126.00
0.218000	126.00
0.218020	126.00
0.218040	127.00
0.218060	126.00
0.218080	126.00
0.218100	124.00
0.218120	124.00
0.218140	124.00
0.218160	125.00
0.218180	125.00
0.218200	124.00
0.218220	123.00
0.218240	123.00
0.218260	125.00
0.218280	126.00
0.218300	127.00
0.218320	126.00
0.218340	125.00
0.218360	124.00
0.218380	124.00
0.218400	124.00
0.218420	124.00
0.218440	124.00
0.218460	125.00
0.218480	126.00
0.218500	127.00
0.218520	127.00
0.218540	127.00
0.218560	127.00
0.218580	127.00
0.218600	126.00
0.218620	126.00
0.218640	126.00
0.218660	126.00
0.218680	125.00
0.218700	124.00
0.218720	124.00
0.218740	124.00
0.218760	126.00
0.218780	127.00
0.218800	127.00
0.218820	126.00
0.218840	125.00
0.218860	124.00
0.218880	124.00
0.218900	125.00
0.218920	124.00
0.218940	124.00
0.218960	124.00
0.218980	124.00
0.219000	124.00
0.219020	124.00
0.219040	125.00
0.219060	126.00
0.219080	126.00
0.219100	126.00
0.219120	125.00
0.219140	125.00
0.219160	125.00
0.219180	125.00
0.219200	124.00
0.219220	124.00
0.219240	123.00
0.219260	124.00
0.219280	126.00
0.219300	127.00
0.219320	126.00
0.219340	124.00
0.219360	123.00
0.219380	124.00
0.219400	125.00
0.219420	126.00
0.219440	126.00
0.219460	126.00
0.219480	126.00
0.219500	127.00
0.219520	127.00
0.219540	127.00
0.219560	126.00
0.219580	125.00
0.219600	125.00
0.219620	125.00
0.219640	125.00
0.219660	125.00
0.219680	125.00
0.219700	126.00
0.219720	126.00
0.219740	126.00
0.219760	125.00
0.219780	125.00
0.219800	125.00
0.219820	124.00
0.219840	123.00
0.219860	122.00
0.219880	121.00
0.219900	121.00
0.219920	122.00
0.219940	123.00
0.219960	124.00
0.219980	125.00
0.220000	125.00
0.220020	126.00
0.220040	126.00
0.220060	126.00
0.220080	125.00
0.220100	124.00
0.220120	124.00
0.220140	124.00
0.220160	125.00
0.220180	125.00
0.220200	124.00
0.220220	124.00
0.220240	125.00
0.220260	127.00
0.220280	127.00
0.220300	127.00
0.220320	126.00
0.220340	126.00
0.220360	126.00
0.220380	126.00
0.220400	125.00
0.220420	124.00
0.220440	124.00
0.220460	124.00
0.220480	125.00
0.220500	126.00
0.220520	125.00
0.220540	125.00
0.220560	126.00
0.220580	127.00
0.220600	128.00
0.220620	128.00
0.220640	126.00
0.220660	125.00
0.220680	124.00
0.220700	124.00
0.220720	124.00
0.220740	124.00
0.220760	125.00
0.220780	125.00
0.220800	126.00
0.220820	125.00
0.220840	125.00
0.220860	125.00
0.220880	125.00
0.220900	125.00
0.220920	125.00
0.220940	125.00
0.220960	125.00
0.220980	124.00
0.221000	124.00
0.221020	123.00
0.221040	122.00
0.221060	122.00
0.221080	123.00
0.221100	125.00
0.221120	126.00
0.221140	127.00
0.221160	127.00
0.221180	127.00
0.221200	127.00
0.221220	128.00
0.221240	127.00
0.221260	127.00
0.221280	126.00
0.221300	125.00
0.221320	125.00
0.221340	125.00
0.221360	124.00
0.221380	123.00
0.221400	124.00
0.221420	125.00
0.221440	126.00
0.221460	127.00
0.221480	126.00
0.221500	126.00
0.221520	126.00
0.221540	126.00
0.221560	126.00
0.221580	126.00
0.221600	125.00
0.221620	125.00
0.221640	125.00
0.221660	126.00
0.221680	127.00
0.221700	127.00
0.221720	126.00
0.221740	126.00
0.221760	124.00
0.221780	123.00
0.221800	123.00
0.221820	124.00
0.221840	125.00
0.221860	125.00
0.221880	125.00
0.221900	124.00
0.221920	123.00
0.221940	124.00
0.221960	124.00
0.221980	124.00
0.222000	124.00
0.222020	123.00
0.222040	123.00
0.222060	124.00
0.222080	124.00
0.222100	124.00
0.222120	124.00
0.222140	124.00
0.222160	125.00
0.222180	125.00
0.222200	125.00
0.222220	124.00
0.222240	124.00
0.222260	124.00
0.222280	124.00
0.222300	125.00
0.222320	125.00
0.222340	126.00
0.222360	127.00
0.222380	127.00
0.222400	127.00
0.222420	126.00
0.222440	126.00
0.222460	126.00
0.222480	127.00
0.222500	127.00
0.222520	127.00
0.222540	126.00
0.222560	127.00
0.222580	127.00
0.222600	126.00
0.222620	126.00
0.222640	125.00
0.222660	126.00
0.222680	126.00
0.222700	125.00
0.222720	125.00
0.222740	124.00
0.222760	124.00
0.222780	124.00
0.222800	124.00
0.222820	124.00
0.222840	124.00
0.222860	125.00
0.222880	125.00
0.222900	126.00
0.222920	125.00
0.222940	124.00
0.222960	124.00
0.222980	123.00
0.223000	123.00
0.223020	123.00
0.223040	123.00
0.223060	123.00
0.223080	124.00
0.223100	126.00
0.223120	127.00
0.223140	128.00
0.223160	128.00
0.223180	127.00
0.223200	126.00
0.223220	125.00
0.223240	125.00
0.223260	125.00
0.223280	125.00
0.223300	125.00
0.223320	125.00
0.223340	126.00
0.223360	126.00
0.223380	126.00
0.223400	126.00
0.223420	126.00
0.223440	126.00
0.223460	126.00
0.223480	126.00
0.223500	126.00
0.223520	126.00
0.223540	125.00
0.223560	126.00
0.223580	126.00
0.223600	126.00
0.223620	126.00
0.223640	125.00
0.223660	125.00
0.223680	126.00
0.223700	127.00
0.223720	127.00
0.223740	126.00
0.223760	126.00
0.223780	125.00
0.223800	125.00
0.223820	125.00
0.223840	125.00
0.223860	124.00
0.223880	124.00
0.223900	124.00
0.223920	124.00
0.223940	125.00
0.223960	125.00
0.223980	125.00
0.224000	125.00
0.224020	125.00
0.224040	126.00
0.224060	126.00
0.224080	126.00
0.224100	126.00
0.224120	125.00
0.224140	123.00
0.224160	122.00
0.224180	123.00
0.224200	123.00
0.224220	124.00
0.224240	125.00
0.224260	126.00
0.224280	126.00
0.224300	126.00
0.224320	126.00
0.224340	126.00
0.224360	126.00
0.224380	126.00
0.224400	126.00
0.224420	125.00
0.224440	125.00
0.224460	125.00
0.224480	126.00
0.224500	127.00
0.224520	127.00
0.224540	126.00
0.224560	125.00
0.224580	125.00
0.224600	124.00
0.224620	123.00
0.224640	123.00
0.224660	123.00
0.224680	123.00
0.224700	124.00
0.224720	125.00
0.224740	125.00
0.224760	125.00
0.224780	125.00
0.224800	125.00
0.224820	126.00
0.224840	126.00
0.224860	126.00
0.224880	126.00
0.224900	127.00
0.224920	127.00
0.224940	126.00
0.224960	125.00
0.224980	123.00
0.225000	123.00
0.225020	123.00
0.225040	124.00
0.225060	125.00
0.225080	125.00
0.225100	125.00
0.225120	125.00
0.225140	125.00
0.225160	125.00
0.225180	125.00
0.225200	126.00
0.225220	126.00
0.225240	126.00
0.225260	126.00
0.225280	126.00
0.225300	127.00
0.225320	126.00
0.225340	125.00
0.225360	125.00
0.225380	126.00
0.225400	126.00
0.225420	127.00
0.225440	127.00
0.225460	126.00
0.225480	126.00
0.225500	126.00
0.225520	125.00
0.225540	125.00
0.225560	125.00
0.225580	126.00
0.225600	127.00
0.225620	126.00
0.225640	124.00
0.225660	123.00
0.225680	123.00
0.225700	125.00
0.225720	126.00
0.225740	126.00
0.225760	125.00
0.225780	124.00
0.225800	124.00
0.225820	124.00
0.225840	124.00
0.225860	124.00
0.225880	124.00
0.225900	124.00
0.225920	125.00
0.225940	126.00
0.225960	126.00
0.225980	126.00
0.226000	126.00
0.226020	125.00
0.226040	125.00
0.226060	124.00
0.226080	124.00
0.226100	124.00
0.226120	125.00
0.226140	126.00
0.226160	126.00
0.226180	126.00
0.226200	126.00
0.226220	126.00
0.226240	126.00
0.226260	126.00
0.226280	126.00
0.226300	125.00
0.226320	125.00
0.226340	126.00
0.226360	127.00
0.226380	127.00
0.226400	127.00
0.226420	126.00
0.226440	125.00
0.226460	125.00
0.226480	124.00
0.226500	124.00
0.226520	124.00
0.226540	125.00
0.226560	125.00
0.226580	125.00
0.226600	125.00
0.226620	124.00
0.226640	123.00
0.226660	123.00
0.226680	123.00
0.226700	124.00
0.226720	125.00
0.226740	125.00
0.226760	125.00
0.226780	125.00
0.226800	125.00
0.226820	126.00
0.226840	126.00
0.226860	126.00
0.226880	126.00
0.226900	125.00
0.226920	124.00
0.226940	124.00
0.226960	124.00
0.226980	126.00
0.227000	127.00
0.227020	127.00
0.227040	126.00
0.227060	125.00
0.227080	124.00
0.227100	124.00
0.227120	125.00
0.227140	126.00
0.227160	127.00
0.227180	128.00
0.227200	127.00
0.227220	126.00
0.227240	125.00
0.227260	124.00
0.227280	125.00
0.227300	126.00
0.227320	126.00
0.227340	127.00
0.227360	126.00
0.227380	126.00
0.227400	126.00
0.227420	125.00
0.227440	125.00
0.227460	125.00
0.227480	125.00
0.227500	125.00
0.227520	125.00
0.227540	125.00
0.227560	125.00
0.227580	125.00
0.227600	125.00
0.227620	125.00
0.227640	124.00
0.227660	124.00
0.227680	123.00
0.227700	123.00
0.227720	124.00
0.227740	124.00
0.227760	124.00
0.227780	123.00
0.227800	123.00
0.227820	124.00
0.227840	124.00
0.227860	125.00
0.227880	125.00
0.227900	125.00
0.227920	124.00
0.227940	124.00
0.227960	125.00
0.227980	125.00
0.228000	126.00
0.228020	125.00
0.228040	125.00
0.228060	124.00
0.228080	124.00
0.228100	124.00
0.228120	125.00
0.228140	124.00
0.228160	124.00
0.228180	124.00
0.228200	124.00
0.228220	125.00
0.228240	125.00
0.228260	125.00
0.228280	125.00
0.228300	125.00
0.228320	126.00
0.228340	127.00
0.228360	127.00
0.228380	126.00
0.228400	125.00
0.228420	125.00
0.228440	125.00
0.228460	126.00
0.228480	126.00
0.228500	126.00
0.228520	125.00
0.228540	124.00
0.228560	124.00
0.228580	125.00
0.228600	125.00
0.228620	125.00
0.228640	125.00
0.228660	125.00
0.228680	125.00
0.228700	125.00
0.228720	124.00
0.228740	124.00
0.228760	125.00
0.228780	125.00
0.228800	125.00
0.228820	125.00
0.228840	125.00
0.228860	125.00
0.228880	125.00
0.228900	125.00
0.228920	126.00
0.228940	126.00
0.228960	126.00
0.228980	126.00
