0.173000	101.00
0.173020	50.00
0.173040	102.00
0.173060	141.00
0.173080	145.00
0.173100	126.00
0.173120	113.00
0.173140	119.00
0.173160	131.00
0.173180	134.00
0.173200	125.00
0.173220	118.00
0.173240	121.00
0.173260	129.00
0.173280	131.00
0.173300	125.00
0.173320	121.00
0.173340	122.00
0.173360	127.00
0.173380	128.00
0.173400	124.00
0.173420	119.00
0.173440	121.00
0.173460	125.00
0.173480	127.00
0.173500	124.00
0.173520	122.00
0.173540	124.00
0.173560	128.00
0.173580	129.00
0.173600	126.00
0.173620	124.00
0.173640	125.00
0.173660	128.00
0.173680	128.00
0.173700	125.00
0.173720	122.00
0.173740	122.00
0.173760	126.00
0.173780	127.00
0.173800	126.00
0.173820	124.00
0.173840	125.00
0.173860	126.00
0.173880	127.00
0.173900	125.00
0.173920	124.00
0.173940	125.00
0.173960	127.00
0.173980	127.00
0.174000	125.00
0.174020	124.00
0.174040	125.00
0.174060	127.00
0.174080	126.00
0.174100	124.00
0.174120	122.00
0.174140	123.00
0.174160	126.00
0.174180	126.00
0.174200	124.00
0.174220	123.00
0.174240	124.00
0.174260	126.00
0.174280	127.00
0.174300	126.00
0.174320	124.00
0.174340	125.00
0.174360	127.00
0.174380	127.00
0.174400	126.00
0.174420	124.00
0.174440	124.00
0.174460	126.00
0.174480	126.00
0.174500	125.00
0.174520	123.00
0.174540	124.00
0.174560	125.00
0.174580	126.00
0.174600	126.00
0.174620	125.00
0.174640	125.00
0.174660	126.00
0.174680	126.00
0.174700	125.00
0.174720	125.00
0.174740	126.00
0.174760	127.00
0.174780	127.00
0.174800	126.00
0.174820	125.00
0.174840	126.00
0.174860	127.00
0.174880	128.00
0.174900	126.00
0.174920	125.00
0.174940	125.00
0.174960	126.00
0.174980	127.00
0.175000	127.00
0.175020	126.00
0.175040	125.00
0.175060	126.00
0.175080	126.00
0.175100	125.00
0.175120	123.00
0.175140	123.00
0.175160	123.00
0.175180	125.00
0.175200	125.00
0.175220	125.00
0.175240	125.00
0.175260	126.00
0.175280	125.00
0.175300	124.00
0.175320	123.00
0.175340	123.00
0.175360	123.00
0.175380	123.00
0.175400	123.00
0.175420	123.00
0.175440	124.00
0.175460	125.00
0.175480	125.00
0.175500	125.00
0.175520	125.00
0.175540	126.00
0.175560	127.00
0.175580	127.00
0.175600	126.00
0.175620	125.00
0.175640	126.00
0.175660	127.00
0.175680	128.00
0.175700	127.00
0.175720	126.00
0.175740	125.00
0.175760	126.00
0.175780	126.00
0.175800	126.00
0.175820	126.00
0.175840	127.00
0.175860	128.00
0.175880	127.00
0.175900	125.00
0.175920	122.00
0.175940	122.00
0.175960	123.00
0.175980	124.00
0.176000	124.00
0.176020	124.00
0.176040	124.00
0.176060	125.00
0.176080	126.00
0.176100	125.00
0.176120	125.00
0.176140	125.00
0.176160	125.00
0.176180	126.00
0.176200	126.00
0.176220	126.00
0.176240	125.00
0.176260	125.00
0.176280	125.00
0.176300	125.00
0.176320	126.00
0.176340	127.00
0.176360	127.00
0.176380	126.00
0.176400	125.00
0.176420	124.00
0.176440	125.00
0.176460	127.00
0.176480	128.00
0.176500	128.00
0.176520	127.00
0.176540	127.00
0.176560	128.00
0.176580	128.00
0.176600	127.00
0.176620	126.00
0.176640	126.00
0.176660	127.00
0.176680	127.00
0.176700	127.00
0.176720	126.00
0.176740	125.00
0.176760	126.00
0.176780	127.00
0.176800	126.00
0.176820	125.00
0.176840	125.00
0.176860	125.00
0.176880	126.00
0.176900	125.00
0.176920	125.00
0.176940	124.00
0.176960	125.00
0.176980	125.00
0.177000	124.00
0.177020	124.00
0.177040	125.00
0.177060	126.00
0.177080	127.00
0.177100	128.00
0.177120	127.00
0.177140	125.00
0.177160	125.00
0.177180	125.00
0.177200	125.00
0.177220	125.00
0.177240	125.00
0.177260	125.00
0.177280	125.00
0.177300	125.00
0.177320	126.00
0.177340	126.00
0.177360	126.00
0.177380	126.00
0.177400	124.00
0.177420	123.00
0.177440	124.00
0.177460	125.00
0.177480	126.00
0.177500	127.00
0.177520	127.00
0.177540	127.00
0.177560	127.00
0.177580	127.00
0.177600	126.00
0.177620	125.00
0.177640	124.00
0.177660	124.00
0.177680	125.00
0.177700	126.00
0.177720	126.00
0.177740	126.00
0.177760	125.00
0.177780	126.00
0.177800	126.00
0.177820	126.00
0.177840	125.00
0.177860	125.00
0.177880	124.00
0.177900	124.00
0.177920	124.00
0.177940	125.00
0.177960	125.00
0.177980	125.00
0.178000	126.00
0.178020	126.00
0.178040	125.00
0.178060	125.00
0.178080	124.00
0.178100	124.00
0.178120	124.00
0.178140	125.00
0.178160	126.00
0.178180	125.00
0.178200	125.00
0.178220	125.00
0.178240	125.00
0.178260	125.00
0.178280	125.00
0.178300	125.00
0.178320	124.00
0.178340	124.00
0.178360	124.00
0.178380	124.00
0.178400	125.00
0.178420	126.00
0.178440	127.00
0.178460	127.00
0.178480	127.00
0.178500	126.00
0.178520	125.00
0.178540	124.00
0.178560	125.00
0.178580	125.00
0.178600	126.00
0.178620	127.00
0.178640	127.00
0.178660	127.00
0.178680	126.00
0.178700	125.00
0.178720	125.00
0.178740	125.00
0.178760	126.00
0.178780	127.00
0.178800	127.00
0.178820	126.00
0.178840	126.00
0.178860	126.00
0.178880	126.00
0.178900	126.00
0.178920	127.00
0.178940	127.00
0.178960	127.00
0.178980	127.00
0.179000	126.00
0.179020	125.00
0.179040	125.00
0.179060	125.00
0.179080	125.00
0.179100	124.00
0.179120	124.00
0.179140	125.00
0.179160	125.00
0.179180	125.00
0.179200	125.00
0.179220	125.00
0.179240	125.00
0.179260	125.00
0.179280	124.00
0.179300	123.00
0.179320	122.00
0.179340	123.00
0.179360	125.00
0.179380	126.00
0.179400	126.00
0.179420	126.00
0.179440	126.00
0.179460	126.00
0.179480	126.00
0.179500	126.00
0.179520	126.00
0.179540	127.00
0.179560	128.00
0.179580	128.00
0.179600	127.00
0.179620	126.00
0.179640	125.00
0.179660	126.00
0.179680	126.00
0.179700	125.00
0.179720	125.00
0.179740	125.00
0.179760	126.00
0.179780	126.00
0.179800	126.00
0.179820	126.00
0.179840	127.00
0.179860	127.00
0.179880	127.00
0.179900	126.00
0.179920	125.00
0.179940	124.00
0.179960	125.00
0.179980	125.00
0.180000	125.00
0.180020	125.00
0.180040	125.00
0.180060	125.00
0.180080	125.00
0.180100	125.00
0.180120	125.00
0.180140	125.00
0.180160	125.00
0.180180	126.00
0.180200	126.00
0.180220	126.00
0.180240	126.00
0.180260	126.00
0.180280	125.00
0.180300	124.00
0.180320	123.00
0.180340	123.00
0.180360	124.00
0.180380	125.00
0.180400	125.00
0.180420	125.00
0.180440	125.00
0.180460	125.00
0.180480	124.00
0.180500	124.00
0.180520	124.00
0.180540	125.00
0.180560	126.00
0.180580	127.00
0.180600	127.00
0.180620	127.00
0.180640	127.00
0.180660	127.00
0.180680	127.00
0.180700	127.00
0.180720	127.00
0.180740	126.00
0.180760	126.00
0.180780	126.00
0.180800	126.00
0.180820	126.00
0.180840	126.00
0.180860	127.00
0.180880	127.00
0.180900	127.00
0.180920	126.00
0.180940	125.00
0.180960	124.00
0.180980	124.00
0.181000	124.00
0.181020	123.00
0.181040	123.00
0.181060	123.00
0.181080	123.00
0.181100	124.00
0.181120	124.00
0.181140	125.00
0.181160	125.00
0.181180	124.00
0.181200	124.00
0.181220	125.00
0.181240	125.00
0.181260	126.00
0.181280	125.00
0.181300	125.00
0.181320	125.00
0.181340	126.00
0.181360	127.00
0.181380	128.00
0.181400	127.00
0.181420	126.00
0.181440	126.00
0.181460	126.00
0.181480	126.00
0.181500	126.00
0.181520	126.00
0.181540	127.00
0.181560	127.00
0.181580	127.00
0.181600	126.00
0.181620	125.00
0.181640	125.00
0.181660	126.00
0.181680	127.00
0.181700	127.00
0.181720	127.00
0.181740	126.00
0.181760	125.00
0.181780	125.00
0.181800	124.00
0.181820	124.00
0.181840	124.00
0.181860	125.00
0.181880	126.00
0.181900	126.00
0.181920	126.00
0.181940	125.00
0.181960	125.00
0.181980	125.00
0.182000	125.00
0.182020	125.00
0.182040	124.00
0.182060	124.00
0.182080	125.00
0.182100	126.00
0.182120	126.00
0.182140	126.00
0.182160	125.00
0.182180	124.00
0.182200	124.00
0.182220	124.00
0.182240	125.00
0.182260	125.00
0.182280	125.00
0.182300	125.00
0.182320	125.00
0.182340	125.00
0.182360	124.00
0.182380	124.00
0.182400	124.00
0.182420	123.00
0.182440	123.00
0.182460	123.00
0.182480	123.00
0.182500	125.00
0.182520	127.00
0.182540	128.00
0.182560	127.00
0.182580	126.00
0.182600	126.00
0.182620	126.00
0.182640	127.00
0.182660	128.00
0.182680	127.00
0.182700	126.00
0.182720	126.00
0.182740	126.00
0.182760	126.00
0.182780	126.00
0.182800	126.00
0.182820	126.00
0.182840	125.00
0.182860	125.00
0.182880	124.00
0.182900	124.00
0.182920	125.00
0.182940	125.00
0.182960	126.00
0.182980	125.00
0.183000	124.00
0.183020	124.00
0.183040	125.00
0.183060	125.00
0.183080	125.00
0.183100	124.00
0.183120	123.00
0.183140	123.00
0.183160	124.00
0.183180	125.00
0.183200	125.00
0.183220	124.00
0.183240	125.00
0.183260	126.00
0.183280	126.00
0.183300	126.00
0.183320	125.00
0.183340	125.00
0.183360	125.00
0.183380	126.00
0.183400	126.00
0.183420	126.00
0.183440	126.00
0.183460	127.00
0.183480	128.00
0.183500	128.00
0.183520	127.00
0.183540	126.00
0.183560	126.00
0.183580	127.00
0.183600	127.00
0.183620	127.00
0.183640	127.00
0.183660	127.00
0.183680	127.00
0.183700	126.00
0.183720	126.00
0.183740	125.00
0.183760	125.00
0.183780	125.00
0.183800	125.00
0.183820	125.00
0.183840	124.00
0.183860	125.00
0.183880	125.00
0.183900	125.00
0.183920	125.00
0.183940	125.00
0.183960	125.00
0.183980	125.00
0.184000	124.00
0.184020	123.00
0.184040	123.00
0.184060	123.00
0.184080	124.00
0.184100	124.00
0.184120	124.00
0.184140	124.00
0.184160	124.00
0.184180	125.00
0.184200	125.00
0.184220	126.00
0.184240	126.00
0.184260	125.00
0.184280	125.00
0.184300	124.00
0.184320	124.00
0.184340	125.00
0.184360	126.00
0.184380	127.00
0.184400	127.00
0.184420	127.00
0.184440	127.00
0.184460	126.00
0.184480	126.00
0.184500	126.00
0.184520	126.00
0.184540	125.00
0.184560	125.00
0.184580	125.00
0.184600	125.00
0.184620	125.00
0.184640	125.00
0.184660	125.00
0.184680	125.00
0.184700	126.00
0.184720	126.00
0.184740	126.00
0.184760	126.00
0.184780	126.00
0.184800	126.00
0.184820	126.00
0.184840	126.00
0.184860	125.00
0.184880	125.00
0.184900	124.00
0.184920	124.00
0.184940	125.00
0.184960	125.00
0.184980	126.00
0.185000	126.00
0.185020	125.00
0.185040	125.00
0.185060	125.00
0.185080	125.00
0.185100	124.00
0.185120	123.00
0.185140	123.00
0.185160	123.00
0.185180	124.00
0.185200	124.00
0.185220	124.00
0.185240	124.00
0.185260	124.00
0.185280	125.00
0.185300	126.00
0.185320	126.00
0.185340	126.00
0.185360	125.00
0.185380	125.00
0.185400	126.00
0.185420	127.00
0.185440	127.00
0.185460	127.00
0.185480	126.00
0.185500	124.00
0.185520	124.00
0.185540	125.00
0.185560	126.00
0.185580	126.00
0.185600	126.00
0.185620	126.00
0.185640	126.00
0.185660	126.00
0.185680	126.00
0.185700	127.00
0.185720	127.00
0.185740	127.00
0.185760	127.00
0.185780	126.00
0.185800	126.00
0.185820	125.00
0.185840	125.00
0.185860	125.00
0.185880	125.00
0.185900	124.00
0.185920	124.00
0.185940	124.00
0.185960	124.00
0.185980	124.00
0.186000	124.00
0.186020	123.00
0.186040	124.00
0.186060	124.00
0.186080	125.00
0.186100	125.00
0.186120	126.00
0.186140	127.00
0.186160	127.00
0.186180	127.00
0.186200	127.00
0.186220	126.00
0.186240	125.00
0.186260	125.00
0.186280	125.00
0.186300	125.00
0.186320	125.00
0.186340	126.00
0.186360	126.00
0.186380	125.00
0.186400	125.00
0.186420	125.00
0.186440	125.00
0.186460	126.00
0.186480	126.00
0.186500	125.00
0.186520	125.00
0.186540	125.00
0.186560	125.00
0.186580	126.00
0.186600	126.00
0.186620	125.00
0.186640	125.00
0.186660	125.00
0.186680	125.00
0.186700	126.00
0.186720	126.00
0.186740	125.00
0.186760	125.00
0.186780	125.00
0.186800	125.00
0.186820	125.00
0.186840	124.00
0.186860	124.00
0.186880	123.00
0.186900	123.00
0.186920	123.00
0.186940	124.00
0.186960	125.00
0.186980	126.00
0.187000	127.00
0.187020	127.00
0.187040	126.00
0.187060	126.00
0.187080	126.00
0.187100	126.00
0.187120	126.00
0.187140	125.00
0.187160	125.00
0.187180	125.00
0.187200	126.00
0.187220	126.00
0.187240	127.00
0.187260	127.00
0.187280	127.00
0.187300	126.00
0.187320	126.00
0.187340	125.00
0.187360	125.00
0.187380	125.00
0.187400	125.00
0.187420	126.00
0.187440	127.00
0.187460	127.00
0.187480	127.00
0.187500	126.00
0.187520	126.00
0.187540	126.00
0.187560	127.00
0.187580	126.00
0.187600	125.00
0.187620	124.00
0.187640	123.00
0.187660	123.00
0.187680	123.00
0.187700	124.00
0.187720	125.00
0.187740	127.00
0.187760	128.00
0.187780	127.00
0.187800	126.00
0.187820	124.00
0.187840	124.00
0.187860	124.00
0.187880	125.00
0.187900	126.00
0.187920	126.00
0.187940	126.00
0.187960	125.00
0.187980	125.00
0.188000	125.00
0.188020	124.00
0.188040	124.00
0.188060	124.00
0.188080	125.00
0.188100	126.00
0.188120	127.00
0.188140	128.00
0.188160	127.00
0.188180	126.00
0.188200	125.00
0.188220	125.00
0.188240	125.00
0.188260	125.00
0.188280	126.00
0.188300	125.00
0.188320	125.00
0.188340	125.00
0.188360	125.00
0.188380	125.00
0.188400	125.00
0.188420	125.00
0.188440	125.00
0.188460	126.00
0.188480	126.00
0.188500	126.00
0.188520	126.00
0.188540	125.00
0.188560	125.00
0.188580	124.00
0.188600	123.00
0.188620	123.00
0.188640	124.00
0.188660	125.00
0.188680	126.00
0.188700	126.00
0.188720	127.00
0.188740	127.00
0.188760	127.00
0.188780	126.00
0.188800	125.00
0.188820	124.00
0.188840	124.00
0.188860	125.00
0.188880	125.00
0.188900	125.00
0.188920	124.00
0.188940	124.00
0.188960	124.00
0.188980	125.00
0.189000	125.00
0.189020	125.00
0.189040	125.00
0.189060	126.00
0.189080	126.00
0.189100	126.00
0.189120	126.00
0.189140	126.00
0.189160	126.00
0.189180	126.00
0.189200	126.00
0.189220	125.00
0.189240	126.00
0.189260	126.00
0.189280	127.00
0.189300	127.00
0.189320	127.00
0.189340	126.00
0.189360	126.00
0.189380	125.00
0.189400	125.00
0.189420	125.00
0.189440	126.00
0.189460	126.00
0.189480	125.00
0.189500	125.00
0.189520	125.00
0.189540	125.00
0.189560	126.00
0.189580	127.00
0.189600	127.00
0.189620	127.00
0.189640	126.00
0.189660	125.00
0.189680	125.00
0.189700	125.00
0.189720	125.00
0.189740	125.00
0.189760	125.00
0.189780	125.00
0.189800	125.00
0.189820	124.00
0.189840	124.00
0.189860	124.00
0.189880	125.00
0.189900	126.00
0.189920	126.00
0.189940	125.00
0.189960	125.00
0.189980	126.00
0.190000	126.00
0.190020	126.00
0.190040	126.00
0.190060	125.00
0.190080	125.00
0.190100	125.00
0.190120	124.00
0.190140	125.00
0.190160	125.00
0.190180	125.00
0.190200	126.00
0.190220	126.00
0.190240	126.00
0.190260	127.00
0.190280	127.00
0.190300	126.00
0.190320	126.00
0.190340	126.00
0.190360	125.00
0.190380	125.00
0.190400	125.00
0.190420	125.00
0.190440	125.00
0.190460	125.00
0.190480	124.00
0.190500	123.00
0.190520	123.00
0.190540	125.00
0.190560	126.00
0.190580	127.00
0.190600	126.00
0.190620	124.00
0.190640	123.00
0.190660	123.00
0.190680	124.00
0.190700	124.00
0.190720	123.00
0.190740	122.00
0.190760	123.00
0.190780	124.00
0.190800	126.00
0.190820	127.00
0.190840	126.00
0.190860	125.00
0.190880	125.00
0.190900	124.00
0.190920	125.00
0.190940	125.00
0.190960	126.00
0.190980	127.00
0.191000	127.00
0.191020	126.00
0.191040	125.00
0.191060	124.00
0.191080	125.00
0.191100	125.00
0.191120	125.00
0.191140	125.00
0.191160	125.00
0.191180	125.00
0.191200	125.00
0.191220	125.00
0.191240	125.00
0.191260	125.00
0.191280	126.00
0.191300	127.00
0.191320	127.00
0.191340	127.00
0.191360	127.00
0.191380	127.00
0.191400	127.00
0.191420	126.00
0.191440	126.00
0.191460	125.00
0.191480	125.00
0.191500	124.00
0.191520	124.00
0.191540	124.00
0.191560	124.00
0.191580	124.00
0.191600	124.00
0.191620	124.00
0.191640	124.00
0.191660	124.00
0.191680	124.00
0.191700	125.00
0.191720	125.00
0.191740	125.00
0.191760	125.00
0.191780	125.00
0.191800	125.00
0.191820	125.00
0.191840	125.00
0.191860	125.00
0.191880	125.00
0.191900	125.00
0.191920	125.00
0.191940	126.00
0.191960	127.00
0.191980	127.00
0.192000	127.00
0.192020	126.00
0.192040	125.00
0.192060	124.00
0.192080	125.00
0.192100	126.00
0.192120	126.00
0.192140	126.00
0.192160	125.00
0.192180	125.00
0.192200	125.00
0.192220	126.00
0.192240	127.00
0.192260	127.00
0.192280	126.00
0.192300	125.00
0.192320	126.00
0.192340	126.00
0.192360	127.00
0.192380	127.00
0.192400	127.00
0.192420	126.00
0.192440	126.00
0.192460	126.00
0.192480	126.00
0.192500	125.00
0.192520	124.00
0.192540	124.00
0.192560	124.00
0.192580	125.00
0.192600	124.00
0.192620	123.00
0.192640	122.00
0.192660	123.00
0.192680	125.00
0.192700	126.00
0.192720	127.00
0.192740	126.00
0.192760	125.00
0.192780	124.00
0.192800	124.00
0.192820	124.00
0.192840	123.00
0.192860	122.00
0.192880	123.00
0.192900	125.00
0.192920	126.00
0.192940	126.00
0.192960	125.00
0.192980	124.00
0.193000	124.00
0.193020	124.00
0.193040	125.00
0.193060	125.00
0.193080	125.00
0.193100	125.00
0.193120	125.00
0.193140	126.00
0.193160	127.00
0.193180	127.00
0.193200	127.00
0.193220	127.00
0.193240	127.00
0.193260	127.00
0.193280	126.00
0.193300	125.00
0.193320	124.00
0.193340	123.00
0.193360	124.00
0.193380	124.00
0.193400	125.00
0.193420	125.00
0.193440	125.00
0.193460	126.00
0.193480	126.00
0.193500	126.00
0.193520	125.00
0.193540	124.00
0.193560	123.00
0.193580	123.00
0.193600	124.00
0.193620	124.00
0.193640	125.00
0.193660	125.00
0.193680	125.00
0.193700	124.00
0.193720	124.00
0.193740	124.00
0.193760	124.00
0.193780	126.00
0.193800	126.00
0.193820	127.00
0.193840	126.00
0.193860	126.00
0.193880	126.00
0.193900	127.00
0.193920	127.00
0.193940	127.00
0.193960	126.00
0.193980	125.00
0.194000	125.00
0.194020	125.00
0.194040	125.00
0.194060	126.00
0.194080	126.00
0.194100	125.00
0.194120	125.00
0.194140	125.00
0.194160	125.00
0.194180	125.00
0.194200	125.00
0.194220	125.00
0.194240	124.00
0.194260	124.00
0.194280	124.00
0.194300	126.00
0.194320	127.00
0.194340	127.00
0.194360	126.00
0.194380	125.00
0.194400	124.00
0.194420	124.00
0.194440	124.00
0.194460	125.00
0.194480	125.00
0.194500	125.00
0.194520	125.00
0.194540	124.00
0.194560	125.00
0.194580	125.00
0.194600	126.00
0.194620	127.00
0.194640	127.00
0.194660	126.00
0.194680	125.00
0.194700	124.00
0.194720	123.00
0.194740	123.00
0.194760	123.00
0.194780	123.00
0.194800	125.00
0.194820	127.00
0.194840	128.00
0.194860	128.00
0.194880	127.00
0.194900	125.00
0.194920	123.00
0.194940	123.00
0.194960	123.00
0.194980	124.00
0.195000	125.00
0.195020	125.00
0.195040	126.00
0.195060	125.00
0.195080	125.00
0.195100	124.00
0.195120	123.00
0.195140	123.00
0.195160	124.00
0.195180	126.00
0.195200	128.00
0.195220	130.00
0.195240	131.00
0.195260	129.00
0.195280	125.00
0.195300	122.00
0.195320	120.00
0.195340	120.00
0.195360	122.00
0.195380	125.00
0.195400	129.00
0.195420	131.00
0.195440	132.00
0.195460	132.00
0.195480	129.00
0.195500	124.00
0.195520	120.00
0.195540	118.00
0.195560	118.00
0.195580	119.00
0.195600	121.00
0.195620	123.00
0.195640	125.00
0.195660	127.00
0.195680	128.00
0.195700	129.00
0.195720	129.00
0.195740	129.00
0.195760	128.00
0.195780	126.00
0.195800	124.00
0.195820	122.00
0.195840	122.00
0.195860	123.00
0.195880	126.00
0.195900	129.00
0.195920	131.00
0.195940	132.00
0.195960	131.00
0.195980	128.00
0.196000	124.00
0.196020	122.00
0.196040	122.00
0.196060	124.00
0.196080	126.00
0.196100	128.00
0.196120	129.00
0.196140	130.00
0.196160	129.00
0.196180	128.00
0.196200	126.00
0.196220	125.00
0.196240	125.00
0.196260	125.00
0.196280	126.00
0.196300	126.00
0.196320	125.00
0.196340	124.00
0.196360	124.00
0.196380	124.00
0.196400	125.00
0.196420	127.00
0.196440	128.00
0.196460	128.00
0.196480	127.00
0.196500	125.00
0.196520	124.00
0.196540	123.00
0.196560	123.00
0.196580	123.00
0.196600	123.00
0.196620	123.00
0.196640	123.00
0.196660	121.00
0.196680	121.00
0.196700	121.00
0.196720	123.00
0.196740	126.00
0.196760	130.00
0.196780	133.00
0.196800	134.00
0.196820	132.00
0.196840	128.00
0.196860	123.00
0.196880	117.00
0.196900	113.00
0.196920	113.00
0.196940	119.00
0.196960	128.00
0.196980	137.00
0.197000	142.00
0.197020	142.00
0.197040	136.00
0.197060	129.00
0.197080	121.00
0.197100	114.00
0.197120	111.00
0.197140	111.00
0.197160	115.00
0.197180	122.00
0.197200	130.00
0.197220	137.00
0.197240	141.00
0.197260	141.00
0.197280	137.00
0.197300	130.00
0.197320	122.00
0.197340	115.00
0.197360	111.00
0.197380	111.00
0.197400	115.00
0.197420	121.00
0.197440	127.00
0.197460	132.00
0.197480	135.00
0.197500	136.00
0.197520	135.00
0.197540	131.00
0.197560	126.00
0.197580	121.00
0.197600	117.00
0.197620	116.00
0.197640	116.00
0.197660	118.00
0.197680	119.00
0.197700	121.00
0.197720	124.00
0.197740	128.00
0.197760	132.00
0.197780	135.00
0.197800	137.00
0.197820	136.00
0.197840	132.00
0.197860	126.00
0.197880	119.00
0.197900	113.00
0.197920	110.00
0.197940	112.00
0.197960	118.00
0.197980	126.00
0.198000	133.00
0.198020	136.00
0.198040	136.00
0.198060	132.00
0.198080	127.00
0.198100	124.00
0.198120	124.00
0.198140	126.00
0.198160	128.00
0.198180	129.00
0.198200	128.00
0.198220	125.00
0.198240	121.00
0.198260	116.00
0.198280	114.00
0.198300	115.00
0.198320	119.00
0.198340	126.00
0.198360	133.00
0.198380	137.00
0.198400	137.00
0.198420	135.00
0.198440	131.00
0.198460	125.00
0.198480	119.00
0.198500	115.00
0.198520	112.00
0.198540	113.00
0.198560	116.00
0.198580	120.00
0.198600	124.00
0.198620	128.00
0.198640	133.00
0.198660	137.00
0.198680	141.00
0.198700	141.00
0.198720	137.00
0.198740	130.00
0.198760	121.00
0.198780	113.00
0.198800	110.00
0.198820	110.00
0.198840	115.00
0.198860	123.00
0.198880	131.00
0.198900	138.00
0.198920	141.00
0.198940	140.00
0.198960	135.00
0.198980	128.00
0.199000	121.00
0.199020	117.00
0.199040	117.00
0.199060	120.00
0.199080	123.00
0.199100	126.00
0.199120	125.00
0.199140	123.00
0.199160	120.00
0.199180	120.00
0.199200	123.00
0.199220	130.00
0.199240	136.00
0.199260	141.00
0.199280	142.00
0.199300	137.00
0.199320	127.00
0.199340	114.00
0.199360	103.00
0.199380	98.00
0.199400	102.00
0.199420	114.00
0.199440	129.00
0.199460	143.00
0.199480	150.00
0.199500	150.00
0.199520	142.00
0.199540	130.00
0.199560	118.00
0.199580	109.00
0.199600	106.00
0.199620	110.00
0.199640	118.00
0.199660	126.00
0.199680	130.00
0.199700	131.00
0.199720	128.00
0.199740	124.00
0.199760	122.00
0.199780	121.00
0.199800	124.00
0.199820	129.00
0.199840	134.00
0.199860	136.00
0.199880	133.00
0.199900	125.00
0.199920	117.00
0.199940	111.00
0.199960	109.00
0.199980	113.00
0.200000	122.00
0.200020	132.00
0.200040	141.00
0.200060	146.00
0.200080	144.00
0.200100	137.00
0.200120	126.00
0.200140	116.00
0.200160	109.00
0.200180	107.00
0.200200	111.00
0.200220	119.00
0.200240	129.00
0.200260	138.00
0.200280	142.00
0.200300	142.00
0.200320	137.00
0.200340	129.00
0.200360	121.00
0.200380	113.00
0.200400	109.00
0.200420	109.00
0.200440	114.00
0.200460	122.00
0.200480	129.00
0.200500	135.00
0.200520	138.00
0.200540	138.00
0.200560	135.00
0.200580	130.00
0.200600	124.00
0.200620	119.00
0.200640	116.00
0.200660	115.00
0.200680	117.00
0.200700	121.00
0.200720	125.00
0.200740	129.00
0.200760	132.00
0.200780	134.00
0.200800	133.00
0.200820	132.00
0.200840	129.00
0.200860	124.00
0.200880	118.00
0.200900	114.00
0.200920	113.00
0.200940	116.00
0.200960	122.00
0.200980	131.00
0.201000	138.00
0.201020	143.00
0.201040	143.00
0.201060	139.00
0.201080	130.00
0.201100	119.00
0.201120	109.00
0.201140	103.00
0.201160	103.00
0.201180	109.00
0.201200	120.00
0.201220	133.00
0.201240	145.00
0.201260	151.00
0.201280	149.00
0.201300	137.00
0.201320	122.00
0.201340	107.00
0.201360	98.00
0.201380	99.00
0.201400	108.00
0.201420	123.00
0.201440	139.00
0.201460	151.00
0.201480	155.00
0.201500	149.00
0.201520	134.00
0.201540	116.00
0.201560	101.00
0.201580	93.00
0.201600	96.00
0.201620	107.00
0.201640	124.00
0.201660	141.00
0.201680	153.00
0.201700	158.00
0.201720	154.00
0.201740	141.00
0.201760	124.00
0.201780	108.00
0.201800	98.00
0.201820	96.00
0.201840	104.00
0.201860	117.00
0.201880	130.00
0.201900	140.00
0.201920	144.00
0.201940	142.00
0.201960	137.00
0.201980	130.00
0.202000	123.00
0.202020	119.00
0.202040	118.00
0.202060	120.00
0.202080	123.00
0.202100	125.00
0.202120	126.00
0.202140	125.00
0.202160	123.00
0.202180	123.00
0.202200	123.00
0.202220	125.00
0.202240	128.00
0.202260	129.00
0.202280	129.00
0.202300	128.00
0.202320	125.00
0.202340	121.00
0.202360	118.00
0.202380	116.00
0.202400	116.00
0.202420	118.00
0.202440	121.00
0.202460	124.00
0.202480	127.00
0.202500	129.00
0.202520	131.00
0.202540	132.00
0.202560	131.00
0.202580	129.00
0.202600	126.00
0.202620	123.00
0.202640	120.00
0.202660	117.00
0.202680	116.00
0.202700	118.00
0.202720	123.00
0.202740	130.00
0.202760	136.00
0.202780	140.00
0.202800	139.00
0.202820	135.00
0.202840	128.00
0.202860	121.00
0.202880	114.00
0.202900	111.00
0.202920	112.00
0.202940	116.00
0.202960	123.00
0.202980	130.00
0.203000	135.00
0.203020	138.00
0.203040	138.00
0.203060	134.00
0.203080	128.00
0.203100	121.00
0.203120	116.00
0.203140	115.00
0.203160	116.00
0.203180	118.00
0.203200	121.00
0.203220	123.00
0.203240	126.00
0.203260	128.00
0.203280	129.00
0.203300	127.00
0.203320	125.00
0.203340	123.00
0.203360	123.00
0.203380	123.00
0.203400	124.00
0.203420	124.00
0.203440	124.00
0.203460	124.00
0.203480	125.00
0.203500	125.00
0.203520	126.00
0.203540	126.00
0.203560	126.00
0.203580	126.00
0.203600	126.00
0.203620	125.00
0.203640	125.00
0.203660	125.00
0.203680	125.00
0.203700	125.00
0.203720	125.00
0.203740	127.00
0.203760	128.00
0.203780	129.00
0.203800	129.00
0.203820	127.00
0.203840	125.00
0.203860	122.00
0.203880	120.00
0.203900	119.00
0.203920	119.00
0.203940	122.00
0.203960	126.00
0.203980	131.00
0.204000	135.00
0.204020	136.00
0.204040	134.00
0.204060	131.00
0.204080	126.00
0.204100	121.00
0.204120	117.00
0.204140	115.00
0.204160	115.00
0.204180	119.00
0.204200	123.00
0.204220	128.00
0.204240	131.00
0.204260	131.00
0.204280	129.00
0.204300	125.00
0.204320	122.00
0.204340	121.00
0.204360	121.00
0.204380	122.00
0.204400	124.00
0.204420	126.00
0.204440	127.00
0.204460	127.00
0.204480	126.00
0.204500	123.00
0.204520	121.00
0.204540	119.00
0.204560	119.00
0.204580	122.00
0.204600	127.00
0.204620	132.00
0.204640	135.00
0.204660	135.00
0.204680	132.00
0.204700	127.00
0.204720	122.00
0.204740	119.00
0.204760	117.00
0.204780	118.00
0.204800	121.00
0.204820	126.00
0.204840	131.00
0.204860	135.00
0.204880	136.00
0.204900	135.00
0.204920	132.00
0.204940	127.00
0.204960	121.00
0.204980	117.00
0.205000	115.00
0.205020	117.00
0.205040	121.00
0.205060	125.00
0.205080	128.00
0.205100	129.00
0.205120	128.00
0.205140	126.00
0.205160	124.00
0.205180	122.00
0.205200	121.00
0.205220	121.00
0.205240	122.00
0.205260	124.00
0.205280	125.00
0.205300	125.00
0.205320	125.00
0.205340	125.00
0.205360	125.00
0.205380	124.00
0.205400	122.00
0.205420	122.00
0.205440	123.00
0.205460	125.00
0.205480	126.00
0.205500	127.00
0.205520	127.00
0.205540	126.00
0.205560	125.00
0.205580	123.00
0.205600	121.00
0.205620	121.00
0.205640	123.00
0.205660	127.00
0.205680	131.00
0.205700	134.00
0.205720	135.00
0.205740	134.00
0.205760	131.00
0.205780	127.00
0.205800	122.00
0.205820	117.00
0.205840	115.00
0.205860	118.00
0.205880	123.00
0.205900	129.00
0.205920	134.00
0.205940	138.00
0.205960	139.00
0.205980	137.00
0.206000	132.00
0.206020	126.00
0.206040	119.00
0.206060	114.00
0.206080	112.00
0.206100	113.00
0.206120	117.00
0.206140	122.00
0.206160	127.00
0.206180	131.00
0.206200	133.00
0.206220	132.00
0.206240	131.00
0.206260	128.00
0.206280	124.00
0.206300	121.00
0.206320	118.00
0.206340	117.00
0.206360	117.00
0.206380	118.00
0.206400	122.00
0.206420	125.00
0.206440	128.00
0.206460	130.00
0.206480	130.00
0.206500	130.00
0.206520	130.00
0.206540	129.00
0.206560	127.00
0.206580	124.00
0.206600	121.00
0.206620	119.00
0.206640	119.00
0.206660	121.00
0.206680	124.00
0.206700	126.00
0.206720	128.00
0.206740	129.00
0.206760	129.00
0.206780	129.00
0.206800	128.00
0.206820	127.00
0.206840	126.00
0.206860	126.00
0.206880	125.00
0.206900	125.00
0.206920	125.00
0.206940	124.00
0.206960	124.00
0.206980	123.00
0.207000	122.00
0.207020	123.00
0.207040	124.00
0.207060	127.00
0.207080	130.00
0.207100	132.00
0.207120	133.00
0.207140	132.00
0.207160	129.00
0.207180	124.00
0.207200	120.00
0.207220	117.00
0.207240	116.00
0.207260	118.00
0.207280	121.00
0.207300	124.00
0.207320	128.00
0.207340	131.00
0.207360	134.00
0.207380	133.00
0.207400	131.00
0.207420	127.00
0.207440	123.00
0.207460	121.00
0.207480	121.00
0.207500	122.00
0.207520	123.00
0.207540	125.00
0.207560	126.00
0.207580	128.00
0.207600	129.00
0.207620	130.00
0.207640	129.00
0.207660	127.00
0.207680	126.00
0.207700	124.00
0.207720	123.00
0.207740	122.00
0.207760	122.00
0.207780	123.00
0.207800	123.00
0.207820	124.00
0.207840	126.00
0.207860	127.00
0.207880	129.00
0.207900	129.00
0.207920	129.00
0.207940	129.00
0.207960	128.00
0.207980	126.00
0.208000	123.00
0.208020	119.00
0.208040	116.00
0.208060	115.00
0.208080	116.00
0.208100	119.00
0.208120	124.00
0.208140	129.00
0.208160	133.00
0.208180	135.00
0.208200	135.00
0.208220	133.00
0.208240	129.00
0.208260	125.00
0.208280	120.00
0.208300	117.00
0.208320	115.00
0.208340	115.00
0.208360	118.00
0.208380	121.00
0.208400	125.00
0.208420	129.00
0.208440	132.00
0.208460	133.00
0.208480	132.00
0.208500	129.00
0.208520	126.00
0.208540	124.00
0.208560	124.00
0.208580	124.00
0.208600	125.00
0.208620	126.00
0.208640	127.00
0.208660	128.00
0.208680	128.00
0.208700	127.00
0.208720	126.00
0.208740	124.00
0.208760	124.00
0.208780	125.00
0.208800	126.00
0.208820	127.00
0.208840	128.00
0.208860	129.00
0.208880	129.00
0.208900	127.00
0.208920	125.00
0.208940	121.00
0.208960	119.00
0.208980	118.00
0.209000	118.00
0.209020	121.00
0.209040	124.00
0.209060	127.00
0.209080	130.00
0.209100	131.00
0.209120	130.00
0.209140	128.00
0.209160	125.00
0.209180	122.00
0.209200	119.00
0.209220	118.00
0.209240	118.00
0.209260	120.00
0.209280	123.00
0.209300	127.00
0.209320	130.00
0.209340	132.00
0.209360	132.00
0.209380	132.00
0.209400	130.00
0.209420	128.00
0.209440	125.00
0.209460	122.00
0.209480	120.00
0.209500	119.00
0.209520	120.00
0.209540	123.00
0.209560	126.00
0.209580	128.00
0.209600	131.00
0.209620	132.00
0.209640	132.00
0.209660	131.00
0.209680	129.00
0.209700	125.00
0.209720	121.00
0.209740	119.00
0.209760	119.00
0.209780	122.00
0.209800	124.00
0.209820	127.00
0.209840	130.00
0.209860	132.00
0.209880	132.00
0.209900	130.00
0.209920	126.00
0.209940	123.00
0.209960	120.00
0.209980	119.00
0.210000	119.00
0.210020	120.00
0.210040	122.00
0.210060	125.00
0.210080	127.00
0.210100	128.00
0.210120	127.00
0.210140	126.00
0.210160	124.00
0.210180	123.00
0.210200	123.00
0.210220	124.00
0.210240	125.00
0.210260	127.00
0.210280	128.00
0.210300	129.00
0.210320	127.00
0.210340	125.00
0.210360	124.00
0.210380	124.00
0.210400	125.00
0.210420	126.00
0.210440	125.00
0.210460	125.00
0.210480	125.00
0.210500	125.00
0.210520	125.00
0.210540	126.00
0.210560	127.00
0.210580	127.00
0.210600	127.00
0.210620	127.00
0.210640	125.00
0.210660	123.00
0.210680	122.00
0.210700	121.00
0.210720	122.00
0.210740	123.00
0.210760	124.00
0.210780	125.00
0.210800	127.00
0.210820	127.00
0.210840	127.00
0.210860	126.00
0.210880	125.00
0.210900	124.00
0.210920	123.00
0.210940	121.00
0.210960	120.00
0.210980	121.00
0.211000	123.00
0.211020	126.00
0.211040	128.00
0.211060	129.00
0.211080	129.00
0.211100	127.00
0.211120	125.00
0.211140	123.00
0.211160	122.00
0.211180	122.00
0.211200	123.00
0.211220	125.00
0.211240	126.00
0.211260	126.00
0.211280	127.00
0.211300	128.00
0.211320	128.00
0.211340	128.00
0.211360	127.00
0.211380	126.00
0.211400	124.00
0.211420	123.00
0.211440	123.00
0.211460	123.00
0.211480	125.00
0.211500	126.00
0.211520	128.00
0.211540	129.00
0.211560	129.00
0.211580	129.00
0.211600	128.00
0.211620	127.00
0.211640	125.00
0.211660	124.00
0.211680	123.00
0.211700	123.00
0.211720	123.00
0.211740	123.00
0.211760	123.00
0.211780	124.00
0.211800	125.00
0.211820	125.00
0.211840	124.00
0.211860	123.00
0.211880	123.00
0.211900	123.00
0.211920	124.00
0.211940	124.00
0.211960	123.00
0.211980	123.00
0.212000	123.00
0.212020	123.00
0.212040	123.00
0.212060	123.00
0.212080	124.00
0.212100	125.00
0.212120	126.00
0.212140	126.00
0.212160	126.00
0.212180	126.00
0.212200	127.00
0.212220	128.00
0.212240	128.00
0.212260	127.00
0.212280	125.00
0.212300	124.00
0.212320	124.00
0.212340	124.00
0.212360	125.00
0.212380	126.00
0.212400	126.00
0.212420	126.00
0.212440	127.00
0.212460	127.00
0.212480	127.00
0.212500	127.00
0.212520	127.00
0.212540	127.00
0.212560	126.00
0.212580	125.00
0.212600	124.00
0.212620	124.00
0.212640	125.00
0.212660	126.00
0.212680	126.00
0.212700	127.00
0.212720	127.00
0.212740	128.00
0.212760	127.00
0.212780	126.00
0.212800	124.00
0.212820	122.00
0.212840	122.00
0.212860	122.00
0.212880	122.00
0.212900	123.00
0.212920	125.00
0.212940	126.00
0.212960	127.00
0.212980	127.00
0.213000	126.00
0.213020	125.00
0.213040	125.00
0.213060	124.00
0.213080	123.00
0.213100	122.00
0.213120	122.00
0.213140	122.00
0.213160	124.00
0.213180	125.00
0.213200	127.00
0.213220	128.00
0.213240	129.00
0.213260	130.00
0.213280	129.00
0.213300	127.00
0.213320	125.00
0.213340	124.00
0.213360	123.00
0.213380	123.00
0.213400	123.00
0.213420	124.00
0.213440	125.00
0.213460	126.00
0.213480	126.00
0.213500	127.00
0.213520	128.00
0.213540	128.00
0.213560	129.00
0.213580	128.00
0.213600	126.00
0.213620	124.00
0.213640	123.00
0.213660	122.00
0.213680	123.00
0.213700	124.00
0.213720	126.00
0.213740	126.00
0.213760	126.00
0.213780	126.00
0.213800	125.00
0.213820	126.00
0.213840	126.00
0.213860	126.00
0.213880	125.00
0.213900	125.00
0.213920	124.00
0.213940	124.00
0.213960	123.00
0.213980	123.00
0.214000	124.00
0.214020	124.00
0.214040	125.00
0.214060	125.00
0.214080	126.00
0.214100	127.00
0.214120	127.00
0.214140	127.00
0.214160	127.00
0.214180	126.00
0.214200	124.00
0.214220	123.00
0.214240	123.00
0.214260	124.00
0.214280	126.00
0.214300	127.00
0.214320	128.00
0.214340	128.00
0.214360	127.00
0.214380	126.00
0.214400	125.00
0.214420	125.00
0.214440	125.00
0.214460	125.00
0.214480	126.00
0.214500	126.00
0.214520	126.00
0.214540	127.00
0.214560	127.00
0.214580	127.00
0.214600	126.00
0.214620	125.00
0.214640	124.00
0.214660	124.00
0.214680	124.00
0.214700	124.00
0.214720	124.00
0.214740	123.00
0.214760	123.00
0.214780	123.00
0.214800	124.00
0.214820	125.00
0.214840	126.00
0.214860	126.00
0.214880	125.00
0.214900	124.00
0.214920	124.00
0.214940	124.00
0.214960	125.00
0.214980	126.00
0.215000	126.00
0.215020	125.00
0.215040	124.00
0.215060	125.00
0.215080	125.00
0.215100	125.00
0.215120	125.00
0.215140	125.00
0.215160	124.00
0.215180	124.00
0.215200	124.00
0.215220	124.00
0.215240	124.00
0.215260	125.00
0.215280	126.00
0.215300	126.00
0.215320	126.00
0.215340	126.00
0.215360	126.00
0.215380	126.00
0.215400	126.00
0.215420	126.00
0.215440	126.00
0.215460	126.00
0.215480	126.00
0.215500	126.00
0.215520	126.00
0.215540	127.00
0.215560	127.00
0.215580	126.00
0.215600	125.00
0.215620	123.00
0.215640	122.00
0.215660	122.00
0.215680	123.00
0.215700	123.00
0.215720	124.00
0.215740	123.00
0.215760	123.00
0.215780	123.00
0.215800	124.00
0.215820	125.00
0.215840	126.00
0.215860	125.00
0.215880	124.00
0.215900	124.00
0.215920	124.00
0.215940	125.00
0.215960	126.00
0.215980	126.00
0.216000	125.00
0.216020	125.00
0.216040	125.00
0.216060	126.00
0.216080	127.00
0.216100	127.00
0.216120	127.00
0.216140	127.00
0.216160	127.00
0.216180	126.00
0.216200	126.00
0.216220	126.00
0.216240	126.00
0.216260	126.00
0.216280	126.00
0.216300	126.00
0.216320	126.00
0.216340	126.00
0.216360	126.00
0.216380	125.00
0.216400	125.00
0.216420	124.00
0.216440	124.00
0.216460	124.00
0.216480	124.00
0.216500	124.00
0.216520	124.00
0.216540	124.00
0.216560	124.00
0.216580	124.00
0.216600	124.00
0.216620	124.00
0.216640	124.00
0.216660	124.00
0.216680	125.00
0.216700	125.00
0.216720	125.00
0.216740	125.00
0.216760	124.00
0.216780	124.00
0.216800	124.00
0.216820	124.00
0.216840	125.00
0.216860	125.00
0.216880	124.00
0.216900	124.00
0.216920	124.00
0.216940	125.00
0.216960	126.00
0.216980	126.00
0.217000	126.00
0.217020	126.00
0.217040	126.00
0.217060	125.00
0.217080	124.00
0.217100	124.00
0.217120	125.00
0.217140	127.00
0.217160	128.00
0.217180	128.00
0.217200	127.00
0.217220	127.00
0.217240	127.00
0.217260	129.00
0.217280	129.00
0.217300	128.00
0.217320	126.00
0.217340	125.00
0.217360	124.00
0.217380	124.00
0.217400	124.00
0.217420	124.00
0.217440	124.00
0.217460	124.00
0.217480	124.00
0.217500	124.00
0.217520	125.00
0.217540	125.00
0.217560	126.00
0.217580	125.00
0.217600	124.00
0.217620	124.00
0.217640	123.00
0.217660	124.00
0.217680	125.00
0.217700	125.00
0.217720	125.00
0.217740	125.00
0.217760	126.00
0.217780	126.00
0.217800	125.00
0.217820	124.00
0.217840	124.00
0.217860	124.00
0.217880	124.00
0.217900	123.00
0.217920	123.00
0.217940	124.00
0.217960	126.00
0.217980	127.00
0.218000	128.00
0.218020	127.00
0.218040	126.00
0.218060	125.00
0.218080	124.00
0.218100	125.00
0.218120	125.00
0.218140	126.00
0.218160	126.00
0.218180	126.00
0.218200	126.00
0.218220	125.00
0.218240	125.00
0.218260	125.00
0.218280	125.00
0.218300	126.00
0.218320	127.00
0.218340	127.00
0.218360	127.00
0.218380	126.00
0.218400	126.00
0.218420	125.00
0.218440	125.00
0.218460	125.00
0.218480	125.00
0.218500	125.00
0.218520	125.00
0.218540	126.00
0.218560	126.00
0.218580	126.00
0.218600	126.00
0.218620	125.00
0.218640	125.00
0.218660	125.00
0.218680	125.00
0.218700	125.00
0.218720	124.00
0.218740	124.00
0.218760	125.00
0.218780	125.00
0.218800	125.00
0.218820	125.00
0.218840	125.00
0.218860	125.00
0.218880	125.00
0.218900	125.00
0.218920	125.00
0.218940	125.00
0.218960	126.00
0.218980	126.00
0.219000	125.00
0.219020	125.00
0.219040	125.00
0.219060	125.00
0.219080	125.00
0.219100	125.00
0.219120	125.00
0.219140	125.00
0.219160	125.00
0.219180	125.00
0.219200	124.00
0.219220	124.00
0.219240	124.00
0.219260	125.00
0.219280	126.00
0.219300	127.00
0.219320	127.00
0.219340	127.00
0.219360	127.00
0.219380	126.00
0.219400	126.00
0.219420	125.00
0.219440	125.00
0.219460	125.00
0.219480	125.00
0.219500	125.00
0.219520	124.00
0.219540	124.00
0.219560	124.00
0.219580	124.00
0.219600	125.00
0.219620	125.00
0.219640	126.00
0.219660	126.00
0.219680	126.00
0.219700	125.00
0.219720	124.00
0.219740	124.00
0.219760	124.00
0.219780	125.00
0.219800	126.00
0.219820	126.00
0.219840	126.00
0.219860	126.00
0.219880	126.00
0.219900	125.00
0.219920	125.00
0.219940	125.00
0.219960	125.00
0.219980	125.00
0.220000	125.00
0.220020	125.00
0.220040	125.00
0.220060	125.00
0.220080	126.00
0.220100	126.00
0.220120	126.00
0.220140	126.00
0.220160	126.00
0.220180	126.00
0.220200	126.00
0.220220	125.00
0.220240	124.00
0.220260	124.00
0.220280	124.00
0.220300	125.00
0.220320	125.00
0.220340	125.00
0.220360	126.00
0.220380	126.00
0.220400	127.00
0.220420	127.00
0.220440	127.00
0.220460	126.00
0.220480	125.00
0.220500	124.00
0.220520	123.00
0.220540	124.00
0.220560	124.00
0.220580	124.00
0.220600	124.00
0.220620	123.00
0.220640	123.00
0.220660	124.00
0.220680	125.00
0.220700	126.00
0.220720	126.00
0.220740	126.00
0.220760	125.00
0.220780	124.00
0.220800	124.00
0.220820	125.00
0.220840	125.00
0.220860	126.00
0.220880	126.00
0.220900	126.00
0.220920	125.00
0.220940	125.00
0.220960	125.00
0.220980	125.00
0.221000	125.00
0.221020	125.00
0.221040	125.00
0.221060	126.00
0.221080	126.00
0.221100	126.00
0.221120	126.00
0.221140	127.00
0.221160	127.00
0.221180	126.00
0.221200	125.00
0.221220	125.00
0.221240	125.00
0.221260	126.00
0.221280	127.00
0.221300	127.00
0.221320	126.00
0.221340	126.00
0.221360	126.00
0.221380	126.00
0.221400	126.00
0.221420	125.00
0.221440	124.00
0.221460	124.00
0.221480	124.00
0.221500	124.00
0.221520	123.00
0.221540	123.00
0.221560	124.00
0.221580	125.00
0.221600	125.00
0.221620	125.00
0.221640	125.00
0.221660	125.00
0.221680	125.00
0.221700	125.00
0.221720	124.00
0.221740	123.00
0.221760	123.00
0.221780	123.00
0.221800	124.00
0.221820	125.00
0.221840	126.00
0.221860	126.00
0.221880	127.00
0.221900	127.00
0.221920	126.00
0.221940	126.00
0.221960	126.00
0.221980	126.00
0.222000	126.00
0.222020	125.00
0.222040	124.00
0.222060	124.00
0.222080	124.00
0.222100	125.00
0.222120	126.00
0.222140	126.00
0.222160	127.00
0.222180	127.00
0.222200	127.00
0.222220	127.00
0.222240	126.00
0.222260	126.00
0.222280	126.00
0.222300	126.00
0.222320	125.00
0.222340	124.00
0.222360	124.00
0.222380	124.00
0.222400	125.00
0.222420	126.00
0.222440	126.00
0.222460	126.00
0.222480	125.00
0.222500	125.00
0.222520	125.00
0.222540	125.00
0.222560	125.00
0.222580	125.00
0.222600	124.00
0.222620	124.00
0.222640	124.00
0.222660	124.00
0.222680	125.00
0.222700	125.00
0.222720	125.00
0.222740	125.00
0.222760	125.00
0.222780	125.00
0.222800	125.00
0.222820	125.00
0.222840	125.00
0.222860	125.00
0.222880	126.00
0.222900	126.00
0.222920	127.00
0.222940	127.00
0.222960	126.00
0.222980	126.00
0.223000	125.00
0.223020	124.00
0.223040	124.00
0.223060	125.00
0.223080	125.00
0.223100	125.00
0.223120	125.00
0.223140	124.00
0.223160	124.00
0.223180	125.00
0.223200	125.00
0.223220	125.00
0.223240	125.00
0.223260	125.00
0.223280	125.00
0.223300	125.00
0.223320	125.00
0.223340	124.00
0.223360	125.00
0.223380	125.00
0.223400	125.00
0.223420	125.00
0.223440	125.00
0.223460	125.00
0.223480	125.00
0.223500	125.00
0.223520	125.00
0.223540	125.00
0.223560	125.00
0.223580	125.00
0.223600	125.00
0.223620	125.00
0.223640	125.00
0.223660	126.00
0.223680	126.00
0.223700	126.00
0.223720	125.00
0.223740	124.00
0.223760	124.00
0.223780	124.00
0.223800	125.00
0.223820	126.00
0.223840	125.00
0.223860	124.00
0.223880	124.00
0.223900	125.00
0.223920	126.00
0.223940	127.00
0.223960	126.00
0.223980	125.00
0.224000	125.00
0.224020	125.00
0.224040	126.00
0.224060	126.00
0.224080	126.00
0.224100	126.00
0.224120	125.00
0.224140	125.00
0.224160	125.00
0.224180	125.00
0.224200	126.00
0.224220	126.00
0.224240	126.00
0.224260	126.00
0.224280	126.00
0.224300	125.00
0.224320	124.00
0.224340	122.00
0.224360	121.00
0.224380	121.00
0.224400	122.00
0.224420	123.00
0.224440	123.00
0.224460	123.00
0.224480	123.00
0.224500	123.00
0.224520	124.00
0.224540	124.00
0.224560	125.00
0.224580	126.00
0.224600	126.00
0.224620	126.00
0.224640	126.00
0.224660	126.00
0.224680	126.00
0.224700	125.00
0.224720	125.00
0.224740	125.00
0.224760	125.00
0.224780	125.00
0.224800	125.00
0.224820	124.00
0.224840	124.00
0.224860	125.00
0.224880	126.00
0.224900	127.00
0.224920	127.00
0.224940	127.00
0.224960	127.00
0.224980	126.00
0.225000	126.00
0.225020	125.00
0.225040	125.00
0.225060	126.00
0.225080	126.00
0.225100	126.00
0.225120	125.00
0.225140	124.00
0.225160	125.00
0.225180	125.00
0.225200	126.00
0.225220	126.00
0.225240	125.00
0.225260	124.00
0.225280	124.00
0.225300	125.00
0.225320	126.00
0.225340	126.00
0.225360	127.00
0.225380	126.00
0.225400	126.00
0.225420	125.00
0.225440	124.00
0.225460	124.00
0.225480	124.00
0.225500	123.00
0.225520	122.00
0.225540	122.00
0.225560	122.00
0.225580	123.00
0.225600	125.00
0.225620	125.00
0.225640	125.00
0.225660	124.00
0.225680	124.00
0.225700	125.00
0.225720	125.00
0.225740	125.00
0.225760	124.00
0.225780	124.00
0.225800	124.00
0.225820	125.00
0.225840	126.00
0.225860	126.00
0.225880	126.00
0.225900	126.00
0.225920	126.00
0.225940	126.00
0.225960	126.00
0.225980	126.00
0.226000	126.00
0.226020	126.00
0.226040	126.00
0.226060	126.00
0.226080	126.00
0.226100	125.00
0.226120	125.00
0.226140	125.00
0.226160	125.00
0.226180	124.00
0.226200	124.00
0.226220	124.00
0.226240	124.00
0.226260	123.00
0.226280	123.00
0.226300	123.00
0.226320	123.00
0.226340	124.00
0.226360	124.00
0.226380	124.00
0.226400	124.00
0.226420	124.00
0.226440	125.00
0.226460	125.00
0.226480	124.00
0.226500	123.00
0.226520	123.00
0.226540	124.00
0.226560	125.00
0.226580	125.00
0.226600	125.00
0.226620	124.00
0.226640	125.00
0.226660	126.00
0.226680	127.00
0.226700	126.00
0.226720	126.00
0.226740	126.00
0.226760	126.00
0.226780	126.00
0.226800	126.00
0.226820	126.00
0.226840	125.00
0.226860	126.00
0.226880	127.00
0.226900	127.00
0.226920	127.00
0.226940	127.00
0.226960	126.00
0.226980	125.00
0.227000	124.00
0.227020	124.00
0.227040	124.00
0.227060	125.00
0.227080	126.00
0.227100	126.00
0.227120	125.00
0.227140	124.00
0.227160	124.00
0.227180	124.00
0.227200	123.00
0.227220	123.00
0.227240	123.00
0.227260	124.00
0.227280	125.00
0.227300	125.00
0.227320	125.00
0.227340	124.00
0.227360	123.00
0.227380	124.00
0.227400	124.00
0.227420	125.00
0.227440	125.00
0.227460	125.00
0.227480	125.00
0.227500	126.00
0.227520	126.00
0.227540	126.00
0.227560	126.00
0.227580	126.00
0.227600	127.00
0.227620	127.00
0.227640	126.00
0.227660	125.00
0.227680	123.00
0.227700	123.00
0.227720	124.00
0.227740	125.00
0.227760	125.00
0.227780	124.00
0.227800	123.00
0.227820	123.00
0.227840	125.00
0.227860	127.00
0.227880	128.00
0.227900	129.00
0.227920	128.00
0.227940	128.00
0.227960	128.00
0.227980	128.00
0.228000	127.00
0.228020	126.00
0.228040	125.00
0.228060	125.00
0.228080	125.00
0.228100	125.00
0.228120	125.00
0.228140	125.00
0.228160	125.00
0.228180	125.00
0.228200	125.00
0.228220	125.00
0.228240	125.00
0.228260	126.00
0.228280	126.00
0.228300	126.00
0.228320	126.00
0.228340	125.00
0.228360	125.00
0.228380	125.00
0.228400	124.00
0.228420	124.00
0.228440	123.00
0.228460	123.00
0.228480	124.00
0.228500	124.00
0.228520	125.00
0.228540	125.00
0.228560	125.00
0.228580	125.00
0.228600	125.00
0.228620	125.00
0.228640	124.00
0.228660	124.00
0.228680	125.00
0.228700	126.00
0.228720	127.00
0.228740	127.00
0.228760	127.00
0.228780	127.00
0.228800	126.00
0.228820	126.00
0.228840	126.00
0.228860	125.00
0.228880	126.00
0.228900	126.00
0.228920	126.00
0.228940	126.00
0.228960	126.00
0.228980	126.00
