0.173000	101.00
0.173020	48.00
0.173040	100.00
0.173060	139.00
0.173080	143.00
0.173100	124.00
0.173120	112.00
0.173140	118.00
0.173160	131.00
0.173180	134.00
0.173200	126.00
0.173220	119.00
0.173240	122.00
0.173260	129.00
0.173280	130.00
0.173300	125.00
0.173320	120.00
0.173340	123.00
0.173360	129.00
0.173380	130.00
0.173400	124.00
0.173420	120.00
0.173440	122.00
0.173460	127.00
0.173480	128.00
0.173500	125.00
0.173520	122.00
0.173540	124.00
0.173560	128.00
0.173580	131.00
0.173600	128.00
0.173620	126.00
0.173640	126.00
0.173660	128.00
0.173680	129.00
0.173700	126.00
0.173720	124.00
0.173740	124.00
0.173760	127.00
0.173780	128.00
0.173800	126.00
0.173820	124.00
0.173840	125.00
0.173860	128.00
0.173880	129.00
0.173900	127.00
0.173920	124.00
0.173940	124.00
0.173960	125.00
0.173980	125.00
0.174000	123.00
0.174020	122.00
0.174040	123.00
0.174060	125.00
0.174080	126.00
0.174100	124.00
0.174120	122.00
0.174140	122.00
0.174160	124.00
0.174180	125.00
0.174200	125.00
0.174220	124.00
0.174240	125.00
0.174260	127.00
0.174280	128.00
0.174300	127.00
0.174320	125.00
0.174340	125.00
0.174360	125.00
0.174380	125.00
0.174400	124.00
0.174420	123.00
0.174440	124.00
0.174460	126.00
0.174480	127.00
0.174500	126.00
0.174520	124.00
0.174540	124.00
0.174560	126.00
0.174580	126.00
0.174600	126.00
0.174620	125.00
0.174640	125.00
0.174660	126.00
0.174680	127.00
0.174700	127.00
0.174720	126.00
0.174740	126.00
0.174760	126.00
0.174780	126.00
0.174800	125.00
0.174820	124.00
0.174840	124.00
0.174860	126.00
0.174880	126.00
0.174900	126.00
0.174920	125.00
0.174940	125.00
0.174960	126.00
0.174980	126.00
0.175000	126.00
0.175020	126.00
0.175040	126.00
0.175060	127.00
0.175080	126.00
0.175100	125.00
0.175120	124.00
0.175140	125.00
0.175160	126.00
0.175180	126.00
0.175200	125.00
0.175220	124.00
0.175240	124.00
0.175260	125.00
0.175280	125.00
0.175300	126.00
0.175320	125.00
0.175340	126.00
0.175360	126.00
0.175380	126.00
0.175400	125.00
0.175420	123.00
0.175440	123.00
0.175460	124.00
0.175480	125.00
0.175500	126.00
0.175520	125.00
0.175540	125.00
0.175560	126.00
0.175580	126.00
0.175600	126.00
0.175620	125.00
0.175640	126.00
0.175660	126.00
0.175680	127.00
0.175700	127.00
0.175720	126.00
0.175740	125.00
0.175760	124.00
0.175780	124.00
0.175800	124.00
0.175820	125.00
0.175840	126.00
0.175860	127.00
0.175880	126.00
0.175900	124.00
0.175920	123.00
0.175940	124.00
0.175960	126.00
0.175980	126.00
0.176000	125.00
0.176020	125.00
0.176040	125.00
0.176060	125.00
0.176080	126.00
0.176100	125.00
0.176120	124.00
0.176140	123.00
0.176160	124.00
0.176180	125.00
0.176200	126.00
0.176220	126.00
0.176240	126.00
0.176260	126.00
0.176280	126.00
0.176300	125.00
0.176320	125.00
0.176340	126.00
0.176360	127.00
0.176380	127.00
0.176400	126.00
0.176420	126.00
0.176440	126.00
0.176460	126.00
0.176480	125.00
0.176500	125.00
0.176520	125.00
0.176540	126.00
0.176560	127.00
0.176580	127.00
0.176600	126.00
0.176620	125.00
0.176640	126.00
0.176660	126.00
0.176680	126.00
0.176700	126.00
0.176720	125.00
0.176740	125.00
0.176760	126.00
0.176780	125.00
0.176800	125.00
0.176820	125.00
0.176840	125.00
0.176860	126.00
0.176880	126.00
0.176900	126.00
0.176920	125.00
0.176940	124.00
0.176960	124.00
0.176980	123.00
0.177000	123.00
0.177020	123.00
0.177040	124.00
0.177060	125.00
0.177080	126.00
0.177100	125.00
0.177120	125.00
0.177140	125.00
0.177160	125.00
0.177180	124.00
0.177200	123.00
0.177220	122.00
0.177240	123.00
0.177260	125.00
0.177280	126.00
0.177300	127.00
0.177320	126.00
0.177340	125.00
0.177360	124.00
0.177380	124.00
0.177400	125.00
0.177420	126.00
0.177440	126.00
0.177460	126.00
0.177480	126.00
0.177500	126.00
0.177520	127.00
0.177540	128.00
0.177560	128.00
0.177580	127.00
0.177600	127.00
0.177620	127.00
0.177640	127.00
0.177660	127.00
0.177680	127.00
0.177700	126.00
0.177720	125.00
0.177740	125.00
0.177760	125.00
0.177780	125.00
0.177800	125.00
0.177820	125.00
0.177840	125.00
0.177860	125.00
0.177880	125.00
0.177900	124.00
0.177920	124.00
0.177940	125.00
0.177960	126.00
0.177980	126.00
0.178000	125.00
0.178020	124.00
0.178040	124.00
0.178060	125.00
0.178080	125.00
0.178100	125.00
0.178120	125.00
0.178140	126.00
0.178160	127.00
0.178180	127.00
0.178200	126.00
0.178220	126.00
0.178240	126.00
0.178260	126.00
0.178280	125.00
0.178300	125.00
0.178320	125.00
0.178340	126.00
0.178360	126.00
0.178380	126.00
0.178400	125.00
0.178420	124.00
0.178440	124.00
0.178460	125.00
0.178480	126.00
0.178500	126.00
0.178520	126.00
0.178540	125.00
0.178560	125.00
0.178580	124.00
0.178600	124.00
0.178620	125.00
0.178640	125.00
0.178660	126.00
0.178680	126.00
0.178700	126.00
0.178720	126.00
0.178740	126.00
0.178760	125.00
0.178780	124.00
0.178800	124.00
0.178820	124.00
0.178840	124.00
0.178860	125.00
0.178880	125.00
0.178900	124.00
0.178920	123.00
0.178940	124.00
0.178960	124.00
0.178980	124.00
0.179000	125.00
0.179020	125.00
0.179040	125.00
0.179060	125.00
0.179080	125.00
0.179100	125.00
0.179120	126.00
0.179140	127.00
0.179160	127.00
0.179180	127.00
0.179200	126.00
0.179220	125.00
0.179240	125.00
0.179260	126.00
0.179280	126.00
0.179300	125.00
0.179320	125.00
0.179340	126.00
0.179360	126.00
0.179380	127.00
0.179400	126.00
0.179420	126.00
0.179440	126.00
0.179460	126.00
0.179480	127.00
0.179500	127.00
0.179520	127.00
0.179540	128.00
0.179560	128.00
0.179580	126.00
0.179600	124.00
0.179620	123.00
0.179640	124.00
0.179660	125.00
0.179680	126.00
0.179700	125.00
0.179720	124.00
0.179740	124.00
0.179760	125.00
0.179780	126.00
0.179800	126.00
0.179820	125.00
0.179840	124.00
0.179860	125.00
0.179880	125.00
0.179900	125.00
0.179920	124.00
0.179940	124.00
0.179960	124.00
0.179980	125.00
0.180000	125.00
0.180020	125.00
0.180040	126.00
0.180060	126.00
0.180080	127.00
0.180100	127.00
0.180120	126.00
0.180140	126.00
0.180160	126.00
0.180180	126.00
0.180200	126.00
0.180220	126.00
0.180240	127.00
0.180260	127.00
0.180280	126.00
0.180300	126.00
0.180320	125.00
0.180340	126.00
0.180360	126.00
0.180380	127.00
0.180400	127.00
0.180420	126.00
0.180440	126.00
0.180460	126.00
0.180480	126.00
0.180500	125.00
0.180520	125.00
0.180540	124.00
0.180560	125.00
0.180580	125.00
0.180600	125.00
0.180620	125.00
0.180640	125.00
0.180660	125.00
0.180680	125.00
0.180700	125.00
0.180720	124.00
0.180740	124.00
0.180760	124.00
0.180780	123.00
0.180800	123.00
0.180820	124.00
0.180840	124.00
0.180860	125.00
0.180880	125.00
0.180900	124.00
0.180920	123.00
0.180940	123.00
0.180960	123.00
0.180980	124.00
0.181000	125.00
0.181020	126.00
0.181040	127.00
0.181060	127.00
0.181080	126.00
0.181100	125.00
0.181120	124.00
0.181140	124.00
0.181160	125.00
0.181180	127.00
0.181200	127.00
0.181220	126.00
0.181240	126.00
0.181260	125.00
0.181280	126.00
0.181300	126.00
0.181320	127.00
0.181340	127.00
0.181360	127.00
0.181380	127.00
0.181400	126.00
0.181420	126.00
0.181440	126.00
0.181460	126.00
0.181480	126.00
0.181500	125.00
0.181520	125.00
0.181540	125.00
0.181560	125.00
0.181580	124.00
0.181600	124.00
0.181620	124.00
0.181640	125.00
0.181660	125.00
0.181680	125.00
0.181700	125.00
0.181720	125.00
0.181740	125.00
0.181760	125.00
0.181780	124.00
0.181800	124.00
0.181820	124.00
0.181840	124.00
0.181860	124.00
0.181880	124.00
0.181900	124.00
0.181920	124.00
0.181940	124.00
0.181960	125.00
0.181980	125.00
0.182000	126.00
0.182020	126.00
0.182040	127.00
0.182060	128.00
0.182080	128.00
0.182100	128.00
0.182120	127.00
0.182140	127.00
0.182160	126.00
0.182180	127.00
0.182200	126.00
0.182220	126.00
0.182240	126.00
0.182260	126.00
0.182280	125.00
0.182300	125.00
0.182320	125.00
0.182340	125.00
0.182360	126.00
0.182380	126.00
0.182400	126.00
0.182420	125.00
0.182440	126.00
0.182460	126.00
0.182480	126.00
0.182500	125.00
0.182520	125.00
0.182540	124.00
0.182560	124.00
0.182580	124.00
0.182600	124.00
0.182620	125.00
0.182640	125.00
0.182660	125.00
0.182680	124.00
0.182700	124.00
0.182720	124.00
0.182740	125.00
0.182760	125.00
0.182780	125.00
0.182800	124.00
0.182820	123.00
0.182840	124.00
0.182860	125.00
0.182880	126.00
0.182900	126.00
0.182920	125.00
0.182940	125.00
0.182960	126.00
0.182980	126.00
0.183000	126.00
0.183020	126.00
0.183040	126.00
0.183060	126.00
0.183080	126.00
0.183100	126.00
0.183120	126.00
0.183140	126.00
0.183160	127.00
0.183180	128.00
0.183200	127.00
0.183220	126.00
0.183240	126.00
0.183260	126.00
0.183280	127.00
0.183300	127.00
0.183320	127.00
0.183340	126.00
0.183360	126.00
0.183380	126.00
0.183400	126.00
0.183420	127.00
0.183440	128.00
0.183460	128.00
0.183480	128.00
0.183500	126.00
0.183520	125.00
0.183540	125.00
0.183560	125.00
0.183580	125.00
0.183600	125.00
0.183620	125.00
0.183640	124.00
0.183660	124.00
0.183680	124.00
0.183700	124.00
0.183720	124.00
0.183740	125.00
0.183760	125.00
0.183780	124.00
0.183800	123.00
0.183820	123.00
0.183840	124.00
0.183860	125.00
0.183880	125.00
0.183900	124.00
0.183920	124.00
0.183940	124.00
0.183960	125.00
0.183980	126.00
0.184000	126.00
0.184020	126.00
0.184040	126.00
0.184060	126.00
0.184080	127.00
0.184100	126.00
0.184120	125.00
0.184140	125.00
0.184160	125.00
0.184180	125.00
0.184200	125.00
0.184220	125.00
0.184240	125.00
0.184260	126.00
0.184280	126.00
0.184300	126.00
0.184320	125.00
0.184340	125.00
0.184360	125.00
0.184380	125.00
0.184400	125.00
0.184420	124.00
0.184440	123.00
0.184460	124.00
0.184480	125.00
0.184500	126.00
0.184520	126.00
0.184540	125.00
0.184560	126.00
0.184580	126.00
0.184600	126.00
0.184620	127.00
0.184640	127.00
0.184660	127.00
0.184680	127.00
0.184700	126.00
0.184720	126.00
0.184740	125.00
0.184760	125.00
0.184780	124.00
0.184800	124.00
0.184820	124.00
0.184840	124.00
0.184860	125.00
0.184880	126.00
0.184900	126.00
0.184920	127.00
0.184940	126.00
0.184960	126.00
0.184980	125.00
0.185000	125.00
0.185020	126.00
0.185040	126.00
0.185060	126.00
0.185080	126.00
0.185100	126.00
0.185120	126.00
0.185140	126.00
0.185160	126.00
0.185180	125.00
0.185200	124.00
0.185220	124.00
0.185240	125.00
0.185260	125.00
0.185280	125.00
0.185300	125.00
0.185320	125.00
0.185340	125.00
0.185360	126.00
0.185380	127.00
0.185400	127.00
0.185420	127.00
0.185440	126.00
0.185460	126.00
0.185480	126.00
0.185500	126.00
0.185520	125.00
0.185540	124.00
0.185560	123.00
0.185580	123.00
0.185600	124.00
0.185620	125.00
0.185640	125.00
0.185660	124.00
0.185680	124.00
0.185700	124.00
0.185720	124.00
0.185740	125.00
0.185760	125.00
0.185780	124.00
0.185800	124.00
0.185820	124.00
0.185840	124.00
0.185860	125.00
0.185880	125.00
0.185900	125.00
0.185920	126.00
0.185940	127.00
0.185960	127.00
0.185980	127.00
0.186000	127.00
0.186020	126.00
0.186040	126.00
0.186060	126.00
0.186080	126.00
0.186100	126.00
0.186120	127.00
0.186140	127.00
0.186160	128.00
0.186180	127.00
0.186200	127.00
0.186220	127.00
0.186240	126.00
0.186260	127.00
0.186280	127.00
0.186300	126.00
0.186320	126.00
0.186340	125.00
0.186360	125.00
0.186380	124.00
0.186400	125.00
0.186420	125.00
0.186440	125.00
0.186460	125.00
0.186480	124.00
0.186500	123.00
0.186520	124.00
0.186540	124.00
0.186560	124.00
0.186580	125.00
0.186600	125.00
0.186620	125.00
0.186640	126.00
0.186660	126.00
0.186680	125.00
0.186700	124.00
0.186720	124.00
0.186740	125.00
0.186760	126.00
0.186780	126.00
0.186800	125.00
0.186820	124.00
0.186840	123.00
0.186860	124.00
0.186880	125.00
0.186900	127.00
0.186920	128.00
0.186940	128.00
0.186960	128.00
0.186980	127.00
0.187000	126.00
0.187020	125.00
0.187040	124.00
0.187060	124.00
0.187080	124.00
0.187100	124.00
0.187120	125.00
0.187140	127.00
0.187160	128.00
0.187180	128.00
0.187200	127.00
0.187220	126.00
0.187240	125.00
0.187260	125.00
0.187280	125.00
0.187300	125.00
0.187320	125.00
0.187340	124.00
0.187360	124.00
0.187380	124.00
0.187400	124.00
0.187420	125.00
0.187440	127.00
0.187460	128.00
0.187480	128.00
0.187500	126.00
0.187520	125.00
0.187540	124.00
0.187560	124.00
0.187580	124.00
0.187600	123.00
0.187620	123.00
0.187640	123.00
0.187660	124.00
0.187680	126.00
0.187700	127.00
0.187720	127.00
0.187740	126.00
0.187760	125.00
0.187780	125.00
0.187800	125.00
0.187820	125.00
0.187840	124.00
0.187860	123.00
0.187880	122.00
0.187900	122.00
0.187920	123.00
0.187940	125.00
0.187960	127.00
0.187980	127.00
0.188000	126.00
0.188020	125.00
0.188040	125.00
0.188060	126.00
0.188080	126.00
0.188100	126.00
0.188120	126.00
0.188140	126.00
0.188160	127.00
0.188180	127.00
0.188200	127.00
0.188220	127.00
0.188240	127.00
0.188260	127.00
0.188280	127.00
0.188300	126.00
0.188320	125.00
0.188340	124.00
0.188360	124.00
0.188380	125.00
0.188400	125.00
0.188420	126.00
0.188440	126.00
0.188460	127.00
0.188480	127.00
0.188500	126.00
0.188520	125.00
0.188540	124.00
0.188560	124.00
0.188580	125.00
0.188600	125.00
0.188620	124.00
0.188640	124.00
0.188660	125.00
0.188680	125.00
0.188700	125.00
0.188720	124.00
0.188740	124.00
0.188760	125.00
0.188780	126.00
0.188800	126.00
0.188820	126.00
0.188840	125.00
0.188860	125.00
0.188880	126.00
0.188900	126.00
0.188920	126.00
0.188940	126.00
0.188960	126.00
0.188980	127.00
0.189000	128.00
0.189020	127.00
0.189040	127.00
0.189060	126.00
0.189080	125.00
0.189100	125.00
0.189120	125.00
0.189140	125.00
0.189160	126.00
0.189180	127.00
0.189200	127.00
0.189220	126.00
0.189240	125.00
0.189260	124.00
0.189280	124.00
0.189300	124.00
0.189320	124.00
0.189340	124.00
0.189360	126.00
0.189380	127.00
0.189400	127.00
0.189420	127.00
0.189440	126.00
0.189460	125.00
0.189480	125.00
0.189500	124.00
0.189520	124.00
0.189540	124.00
0.189560	125.00
0.189580	126.00
0.189600	126.00
0.189620	125.00
0.189640	125.00
0.189660	126.00
0.189680	127.00
0.189700	128.00
0.189720	128.00
0.189740	127.00
0.189760	126.00
0.189780	125.00
0.189800	124.00
0.189820	123.00
0.189840	123.00
0.189860	123.00
0.189880	123.00
0.189900	124.00
0.189920	125.00
0.189940	125.00
0.189960	125.00
0.189980	125.00
0.190000	125.00
0.190020	125.00
0.190040	125.00
0.190060	125.00
0.190080	125.00
0.190100	126.00
0.190120	126.00
0.190140	126.00
0.190160	126.00
0.190180	126.00
0.190200	126.00
0.190220	125.00
0.190240	124.00
0.190260	123.00
0.190280	124.00
0.190300	124.00
0.190320	125.00
0.190340	125.00
0.190360	124.00
0.190380	124.00
0.190400	124.00
0.190420	124.00
0.190440	125.00
0.190460	125.00
0.190480	125.00
0.190500	125.00
0.190520	125.00
0.190540	125.00
0.190560	125.00
0.190580	124.00
0.190600	123.00
0.190620	122.00
0.190640	121.00
0.190660	122.00
0.190680	124.00
0.190700	127.00
0.190720	129.00
0.190740	130.00
0.190760	130.00
0.190780	128.00
0.190800	125.00
0.190820	123.00
0.190840	121.00
0.190860	121.00
0.190880	122.00
0.190900	125.00
0.190920	129.00
0.190940	132.00
0.190960	133.00
0.190980	132.00
0.191000	129.00
0.191020	126.00
0.191040	124.00
0.191060	123.00
0.191080	123.00
0.191100	124.00
0.191120	125.00
0.191140	125.00
0.191160	125.00
0.191180	125.00
0.191200	125.00
0.191220	126.00
0.191240	128.00
0.191260	129.00
0.191280	128.00
0.191300	125.00
0.191320	123.00
0.191340	122.00
0.191360	122.00
0.191380	123.00
0.191400	123.00
0.191420	123.00
0.191440	124.00
0.191460	124.00
0.191480	125.00
0.191500	126.00
0.191520	126.00
0.191540	126.00
0.191560	125.00
0.191580	125.00
0.191600	124.00
0.191620	124.00
0.191640	124.00
0.191660	124.00
0.191680	123.00
0.191700	122.00
0.191720	122.00
0.191740	123.00
0.191760	125.00
0.191780	127.00
0.191800	128.00
0.191820	129.00
0.191840	129.00
0.191860	130.00
0.191880	129.00
0.191900	128.00
0.191920	126.00
0.191940	125.00
0.191960	125.00
0.191980	126.00
0.192000	126.00
0.192020	127.00
0.192040	127.00
0.192060	126.00
0.192080	126.00
0.192100	126.00
0.192120	126.00
0.192140	127.00
0.192160	127.00
0.192180	126.00
0.192200	125.00
0.192220	125.00
0.192240	125.00
0.192260	126.00
0.192280	126.00
0.192300	125.00
0.192320	124.00
0.192340	124.00
0.192360	124.00
0.192380	124.00
0.192400	124.00
0.192420	124.00
0.192440	124.00
0.192460	126.00
0.192480	127.00
0.192500	126.00
0.192520	124.00
0.192540	122.00
0.192560	121.00
0.192580	121.00
0.192600	122.00
0.192620	123.00
0.192640	123.00
0.192660	125.00
0.192680	127.00
0.192700	129.00
0.192720	129.00
0.192740	128.00
0.192760	126.00
0.192780	124.00
0.192800	123.00
0.192820	122.00
0.192840	122.00
0.192860	123.00
0.192880	125.00
0.192900	127.00
0.192920	129.00
0.192940	129.00
0.192960	129.00
0.192980	128.00
0.193000	127.00
0.193020	125.00
0.193040	125.00
0.193060	124.00
0.193080	124.00
0.193100	125.00
0.193120	126.00
0.193140	127.00
0.193160	127.00
0.193180	126.00
0.193200	124.00
0.193220	123.00
0.193240	122.00
0.193260	122.00
0.193280	123.00
0.193300	125.00
0.193320	128.00
0.193340	131.00
0.193360	133.00
0.193380	132.00
0.193400	130.00
0.193420	125.00
0.193440	121.00
0.193460	118.00
0.193480	117.00
0.193500	119.00
0.193520	123.00
0.193540	127.00
0.193560	130.00
0.193580	132.00
0.193600	131.00
0.193620	128.00
0.193640	124.00
0.193660	120.00
0.193680	119.00
0.193700	121.00
0.193720	125.00
0.193740	128.00
0.193760	129.00
0.193780	128.00
0.193800	126.00
0.193820	124.00
0.193840	122.00
0.193860	123.00
0.193880	124.00
0.193900	128.00
0.193920	131.00
0.193940	135.00
0.193960	135.00
0.193980	132.00
0.194000	127.00
0.194020	120.00
0.194040	115.00
0.194060	114.00
0.194080	116.00
0.194100	120.00
0.194120	127.00
0.194140	133.00
0.194160	136.00
0.194180	135.00
0.194200	130.00
0.194220	124.00
0.194240	118.00
0.194260	115.00
0.194280	116.00
0.194300	118.00
0.194320	122.00
0.194340	126.00
0.194360	129.00
0.194380	129.00
0.194400	128.00
0.194420	126.00
0.194440	125.00
0.194460	125.00
0.194480	126.00
0.194500	128.00
0.194520	129.00
0.194540	127.00
0.194560	123.00
0.194580	117.00
0.194600	112.00
0.194620	111.00
0.194640	116.00
0.194660	126.00
0.194680	137.00
0.194700	146.00
0.194720	149.00
0.194740	144.00
0.194760	131.00
0.194780	116.00
0.194800	103.00
0.194820	98.00
0.194840	103.00
0.194860	115.00
0.194880	129.00
0.194900	142.00
0.194920	149.00
0.194940	150.00
0.194960	144.00
0.194980	132.00
0.195000	120.00
0.195020	111.00
0.195040	108.00
0.195060	110.00
0.195080	117.00
0.195100	124.00
0.195120	131.00
0.195140	135.00
0.195160	134.00
0.195180	131.00
0.195200	127.00
0.195220	124.00
0.195240	124.00
0.195260	126.00
0.195280	127.00
0.195300	126.00
0.195320	123.00
0.195340	119.00
0.195360	116.00
0.195380	116.00
0.195400	119.00
0.195420	124.00
0.195440	131.00
0.195460	137.00
0.195480	141.00
0.195500	141.00
0.195520	136.00
0.195540	128.00
0.195560	119.00
0.195580	110.00
0.195600	103.00
0.195620	101.00
0.195640	105.00
0.195660	115.00
0.195680	130.00
0.195700	144.00
0.195720	155.00
0.195740	158.00
0.195760	152.00
0.195780	139.00
0.195800	121.00
0.195820	104.00
0.195840	93.00
0.195860	92.00
0.195880	100.00
0.195900	115.00
0.195920	132.00
0.195940	146.00
0.195960	153.00
0.195980	152.00
0.196000	143.00
0.196020	130.00
0.196040	117.00
0.196060	108.00
0.196080	105.00
0.196100	109.00
0.196120	117.00
0.196140	125.00
0.196160	131.00
0.196180	133.00
0.196200	132.00
0.196220	130.00
0.196240	127.00
0.196260	125.00
0.196280	124.00
0.196300	124.00
0.196320	124.00
0.196340	124.00
0.196360	123.00
0.196380	122.00
0.196400	120.00
0.196420	120.00
0.196440	122.00
0.196460	126.00
0.196480	131.00
0.196500	133.00
0.196520	132.00
0.196540	129.00
0.196560	125.00
0.196580	121.00
0.196600	118.00
0.196620	117.00
0.196640	118.00
0.196660	121.00
0.196680	125.00
0.196700	130.00
0.196720	133.00
0.196740	134.00
0.196760	134.00
0.196780	133.00
0.196800	130.00
0.196820	124.00
0.196840	117.00
0.196860	110.00
0.196880	107.00
0.196900	110.00
0.196920	118.00
0.196940	129.00
0.196960	140.00
0.196980	148.00
0.197000	149.00
0.197020	144.00
0.197040	133.00
0.197060	120.00
0.197080	107.00
0.197100	100.00
0.197120	99.00
0.197140	106.00
0.197160	118.00
0.197180	132.00
0.197200	144.00
0.197220	151.00
0.197240	150.00
0.197260	141.00
0.197280	128.00
0.197300	115.00
0.197320	105.00
0.197340	102.00
0.197360	105.00
0.197380	113.00
0.197400	123.00
0.197420	132.00
0.197440	139.00
0.197460	141.00
0.197480	140.00
0.197500	136.00
0.197520	130.00
0.197540	126.00
0.197560	122.00
0.197580	119.00
0.197600	117.00
0.197620	117.00
0.197640	118.00
0.197660	121.00
0.197680	125.00
0.197700	128.00
0.197720	131.00
0.197740	133.00
0.197760	134.00
0.197780	134.00
0.197800	133.00
0.197820	131.00
0.197840	127.00
0.197860	122.00
0.197880	117.00
0.197900	114.00
0.197920	114.00
0.197940	116.00
0.197960	119.00
0.197980	123.00
0.198000	127.00
0.198020	130.00
0.198040	133.00
0.198060	134.00
0.198080	134.00
0.198100	130.00
0.198120	126.00
0.198140	121.00
0.198160	118.00
0.198180	115.00
0.198200	114.00
0.198220	114.00
0.198240	117.00
0.198260	121.00
0.198280	126.00
0.198300	130.00
0.198320	134.00
0.198340	136.00
0.198360	136.00
0.198380	135.00
0.198400	132.00
0.198420	126.00
0.198440	120.00
0.198460	114.00
0.198480	111.00
0.198500	111.00
0.198520	115.00
0.198540	123.00
0.198560	132.00
0.198580	140.00
0.198600	144.00
0.198620	143.00
0.198640	137.00
0.198660	129.00
0.198680	121.00
0.198700	114.00
0.198720	111.00
0.198740	113.00
0.198760	118.00
0.198780	126.00
0.198800	132.00
0.198820	135.00
0.198840	136.00
0.198860	134.00
0.198880	132.00
0.198900	128.00
0.198920	125.00
0.198940	122.00
0.198960	120.00
0.198980	119.00
0.199000	118.00
0.199020	118.00
0.199040	119.00
0.199060	120.00
0.199080	124.00
0.199100	129.00
0.199120	134.00
0.199140	136.00
0.199160	136.00
0.199180	132.00
0.199200	126.00
0.199220	119.00
0.199240	114.00
0.199260	112.00
0.199280	114.00
0.199300	118.00
0.199320	124.00
0.199340	130.00
0.199360	133.00
0.199380	133.00
0.199400	131.00
0.199420	129.00
0.199440	126.00
0.199460	124.00
0.199480	124.00
0.199500	123.00
0.199520	124.00
0.199540	124.00
0.199560	124.00
0.199580	124.00
0.199600	124.00
0.199620	125.00
0.199640	126.00
0.199660	129.00
0.199680	131.00
0.199700	132.00
0.199720	130.00
0.199740	126.00
0.199760	122.00
0.199780	119.00
0.199800	119.00
0.199820	121.00
0.199840	125.00
0.199860	130.00
0.199880	134.00
0.199900	135.00
0.199920	134.00
0.199940	129.00
0.199960	123.00
0.199980	117.00
0.200000	114.00
0.200020	113.00
0.200040	116.00
0.200060	121.00
0.200080	127.00
0.200100	131.00
0.200120	134.00
0.200140	135.00
0.200160	133.00
0.200180	129.00
0.200200	124.00
0.200220	119.00
0.200240	116.00
0.200260	116.00
0.200280	118.00
0.200300	122.00
0.200320	126.00
0.200340	130.00
0.200360	133.00
0.200380	134.00
0.200400	131.00
0.200420	127.00
0.200440	121.00
0.200460	117.00
0.200480	116.00
0.200500	119.00
0.200520	123.00
0.200540	129.00
0.200560	133.00
0.200580	135.00
0.200600	134.00
0.200620	130.00
0.200640	124.00
0.200660	117.00
0.200680	113.00
0.200700	112.00
0.200720	116.00
0.200740	123.00
0.200760	131.00
0.200780	137.00
0.200800	140.00
0.200820	138.00
0.200840	132.00
0.200860	125.00
0.200880	118.00
0.200900	113.00
0.200920	112.00
0.200940	114.00
0.200960	119.00
0.200980	126.00
0.201000	132.00
0.201020	136.00
0.201040	137.00
0.201060	134.00
0.201080	128.00
0.201100	122.00
0.201120	115.00
0.201140	110.00
0.201160	109.00
0.201180	113.00
0.201200	119.00
0.201220	127.00
0.201240	135.00
0.201260	140.00
0.201280	141.00
0.201300	139.00
0.201320	134.00
0.201340	127.00
0.201360	120.00
0.201380	116.00
0.201400	116.00
0.201420	118.00
0.201440	121.00
0.201460	126.00
0.201480	130.00
0.201500	134.00
0.201520	135.00
0.201540	135.00
0.201560	131.00
0.201580	126.00
0.201600	120.00
0.201620	116.00
0.201640	116.00
0.201660	117.00
0.201680	121.00
0.201700	125.00
0.201720	129.00
0.201740	132.00
0.201760	134.00
0.201780	133.00
0.201800	131.00
0.201820	126.00
0.201840	121.00
0.201860	117.00
0.201880	116.00
0.201900	117.00
0.201920	120.00
0.201940	124.00
0.201960	127.00
0.201980	129.00
0.202000	130.00
0.202020	129.00
0.202040	127.00
0.202060	124.00
0.202080	122.00
0.202100	121.00
0.202120	122.00
0.202140	124.00
0.202160	125.00
0.202180	126.00
0.202200	127.00
0.202220	127.00
0.202240	127.00
0.202260	126.00
0.202280	125.00
0.202300	125.00
0.202320	125.00
0.202340	126.00
0.202360	126.00
0.202380	126.00
0.202400	125.00
0.202420	124.00
0.202440	124.00
0.202460	123.00
0.202480	122.00
0.202500	122.00
0.202520	123.00
0.202540	124.00
0.202560	125.00
0.202580	126.00
0.202600	128.00
0.202620	130.00
0.202640	131.00
0.202660	132.00
0.202680	130.00
0.202700	128.00
0.202720	124.00
0.202740	122.00
0.202760	119.00
0.202780	118.00
0.202800	119.00
0.202820	122.00
0.202840	127.00
0.202860	130.00
0.202880	132.00
0.202900	132.00
0.202920	131.00
0.202940	129.00
0.202960	126.00
0.202980	122.00
0.203000	120.00
0.203020	119.00
0.203040	120.00
0.203060	122.00
0.203080	124.00
0.203100	126.00
0.203120	127.00
0.203140	128.00
0.203160	128.00
0.203180	128.00
0.203200	127.00
0.203220	126.00
0.203240	126.00
0.203260	126.00
0.203280	125.00
0.203300	124.00
0.203320	123.00
0.203340	123.00
0.203360	125.00
0.203380	127.00
0.203400	128.00
0.203420	128.00
0.203440	127.00
0.203460	126.00
0.203480	125.00
0.203500	124.00
0.203520	124.00
0.203540	124.00
0.203560	125.00
0.203580	126.00
0.203600	126.00
0.203620	126.00
0.203640	126.00
0.203660	127.00
0.203680	128.00
0.203700	127.00
0.203720	126.00
0.203740	124.00
0.203760	123.00
0.203780	122.00
0.203800	122.00
0.203820	122.00
0.203840	123.00
0.203860	124.00
0.203880	125.00
0.203900	126.00
0.203920	126.00
0.203940	126.00
0.203960	126.00
0.203980	126.00
0.204000	125.00
0.204020	124.00
0.204040	123.00
0.204060	122.00
0.204080	122.00
0.204100	123.00
0.204120	123.00
0.204140	125.00
0.204160	126.00
0.204180	127.00
0.204200	128.00
0.204220	128.00
0.204240	127.00
0.204260	127.00
0.204280	126.00
0.204300	125.00
0.204320	124.00
0.204340	124.00
0.204360	124.00
0.204380	125.00
0.204400	125.00
0.204420	126.00
0.204440	126.00
0.204460	127.00
0.204480	127.00
0.204500	127.00
0.204520	126.00
0.204540	125.00
0.204560	125.00
0.204580	124.00
0.204600	124.00
0.204620	124.00
0.204640	125.00
0.204660	126.00
0.204680	127.00
0.204700	128.00
0.204720	127.00
0.204740	126.00
0.204760	125.00
0.204780	124.00
0.204800	123.00
0.204820	123.00
0.204840	124.00
0.204860	124.00
0.204880	125.00
0.204900	126.00
0.204920	127.00
0.204940	127.00
0.204960	126.00
0.204980	126.00
0.205000	125.00
0.205020	125.00
0.205040	124.00
0.205060	124.00
0.205080	123.00
0.205100	123.00
0.205120	123.00
0.205140	125.00
0.205160	127.00
0.205180	129.00
0.205200	129.00
0.205220	129.00
0.205240	127.00
0.205260	124.00
0.205280	122.00
0.205300	121.00
0.205320	120.00
0.205340	121.00
0.205360	123.00
0.205380	125.00
0.205400	127.00
0.205420	129.00
0.205440	129.00
0.205460	130.00
0.205480	129.00
0.205500	128.00
0.205520	126.00
0.205540	124.00
0.205560	123.00
0.205580	122.00
0.205600	123.00
0.205620	123.00
0.205640	124.00
0.205660	125.00
0.205680	127.00
0.205700	128.00
0.205720	129.00
0.205740	129.00
0.205760	128.00
0.205780	126.00
0.205800	124.00
0.205820	122.00
0.205840	120.00
0.205860	120.00
0.205880	120.00
0.205900	123.00
0.205920	125.00
0.205940	127.00
0.205960	129.00
0.205980	130.00
0.206000	130.00
0.206020	128.00
0.206040	126.00
0.206060	124.00
0.206080	121.00
0.206100	121.00
0.206120	122.00
0.206140	124.00
0.206160	127.00
0.206180	128.00
0.206200	128.00
0.206220	127.00
0.206240	126.00
0.206260	126.00
0.206280	126.00
0.206300	125.00
0.206320	124.00
0.206340	124.00
0.206360	124.00
0.206380	125.00
0.206400	126.00
0.206420	127.00
0.206440	127.00
0.206460	126.00
0.206480	126.00
0.206500	127.00
0.206520	127.00
0.206540	126.00
0.206560	125.00
0.206580	125.00
0.206600	124.00
0.206620	124.00
0.206640	125.00
0.206660	125.00
0.206680	125.00
0.206700	126.00
0.206720	127.00
0.206740	127.00
0.206760	126.00
0.206780	125.00
0.206800	123.00
0.206820	121.00
0.206840	121.00
0.206860	122.00
0.206880	124.00
0.206900	125.00
0.206920	126.00
0.206940	126.00
0.206960	125.00
0.206980	125.00
0.207000	125.00
0.207020	125.00
0.207040	125.00
0.207060	125.00
0.207080	125.00
0.207100	125.00
0.207120	126.00
0.207140	126.00
0.207160	127.00
0.207180	127.00
0.207200	127.00
0.207220	128.00
0.207240	128.00
0.207260	128.00
0.207280	128.00
0.207300	127.00
0.207320	126.00
0.207340	125.00
0.207360	125.00
0.207380	126.00
0.207400	126.00
0.207420	126.00
0.207440	126.00
0.207460	126.00
0.207480	126.00
0.207500	125.00
0.207520	125.00
0.207540	125.00
0.207560	125.00
0.207580	124.00
0.207600	124.00
0.207620	124.00
0.207640	124.00
0.207660	125.00
0.207680	126.00
0.207700	126.00
0.207720	125.00
0.207740	124.00
0.207760	123.00
0.207780	123.00
0.207800	123.00
0.207820	124.00
0.207840	124.00
0.207860	125.00
0.207880	124.00
0.207900	124.00
0.207920	123.00
0.207940	123.00
0.207960	123.00
0.207980	123.00
0.208000	124.00
0.208020	124.00
0.208040	125.00
0.208060	126.00
0.208080	127.00
0.208100	126.00
0.208120	126.00
0.208140	125.00
0.208160	125.00
0.208180	123.00
0.208200	122.00
0.208220	120.00
0.208240	120.00
0.208260	122.00
0.208280	124.00
0.208300	125.00
0.208320	126.00
0.208340	127.00
0.208360	128.00
0.208380	129.00
0.208400	128.00
0.208420	127.00
0.208440	125.00
0.208460	125.00
0.208480	125.00
0.208500	125.00
0.208520	125.00
0.208540	125.00
0.208560	125.00
0.208580	126.00
0.208600	127.00
0.208620	127.00
0.208640	126.00
0.208660	125.00
0.208680	124.00
0.208700	125.00
0.208720	125.00
0.208740	124.00
0.208760	123.00
0.208780	122.00
0.208800	122.00
0.208820	122.00
0.208840	122.00
0.208860	123.00
0.208880	124.00
0.208900	125.00
0.208920	127.00
0.208940	127.00
0.208960	127.00
0.208980	127.00
0.209000	126.00
0.209020	125.00
0.209040	124.00
0.209060	123.00
0.209080	123.00
0.209100	123.00
0.209120	125.00
0.209140	125.00
0.209160	126.00
0.209180	125.00
0.209200	125.00
0.209220	125.00
0.209240	126.00
0.209260	125.00
0.209280	125.00
0.209300	126.00
0.209320	127.00
0.209340	128.00
0.209360	130.00
0.209380	130.00
0.209400	129.00
0.209420	128.00
0.209440	127.00
0.209460	126.00
0.209480	126.00
0.209500	125.00
0.209520	125.00
0.209540	126.00
0.209560	126.00
0.209580	125.00
0.209600	124.00
0.209620	124.00
0.209640	124.00
0.209660	124.00
0.209680	125.00
0.209700	125.00
0.209720	124.00
0.209740	124.00
0.209760	124.00
0.209780	124.00
0.209800	125.00
0.209820	126.00
0.209840	125.00
0.209860	125.00
0.209880	124.00
0.209900	125.00
0.209920	125.00
0.209940	125.00
0.209960	125.00
0.209980	125.00
0.210000	125.00
0.210020	125.00
0.210040	125.00
0.210060	125.00
0.210080	125.00
0.210100	126.00
0.210120	127.00
0.210140	127.00
0.210160	126.00
0.210180	125.00
0.210200	125.00
0.210220	125.00
0.210240	126.00
0.210260	126.00
0.210280	126.00
0.210300	126.00
0.210320	126.00
0.210340	126.00
0.210360	126.00
0.210380	125.00
0.210400	124.00
0.210420	123.00
0.210440	124.00
0.210460	125.00
0.210480	126.00
0.210500	126.00
0.210520	125.00
0.210540	124.00
0.210560	124.00
0.210580	124.00
0.210600	125.00
0.210620	125.00
0.210640	126.00
0.210660	126.00
0.210680	126.00
0.210700	126.00
0.210720	125.00
0.210740	124.00
0.210760	124.00
0.210780	125.00
0.210800	125.00
0.210820	124.00
0.210840	124.00
0.210860	125.00
0.210880	126.00
0.210900	126.00
0.210920	127.00
0.210940	126.00
0.210960	126.00
0.210980	127.00
0.211000	127.00
0.211020	126.00
0.211040	125.00
0.211060	124.00
0.211080	123.00
0.211100	123.00
0.211120	123.00
0.211140	125.00
0.211160	126.00
0.211180	127.00
0.211200	127.00
0.211220	127.00
0.211240	126.00
0.211260	126.00
0.211280	126.00
0.211300	127.00
0.211320	126.00
0.211340	126.00
0.211360	125.00
0.211380	126.00
0.211400	126.00
0.211420	126.00
0.211440	125.00
0.211460	124.00
0.211480	124.00
0.211500	125.00
0.211520	126.00
0.211540	126.00
0.211560	125.00
0.211580	124.00
0.211600	124.00
0.211620	123.00
0.211640	123.00
0.211660	124.00
0.211680	124.00
0.211700	124.00
0.211720	124.00
0.211740	124.00
0.211760	124.00
0.211780	124.00
0.211800	124.00
0.211820	125.00
0.211840	125.00
0.211860	125.00
0.211880	124.00
0.211900	125.00
0.211920	125.00
0.211940	126.00
0.211960	126.00
0.211980	125.00
0.212000	124.00
0.212020	124.00
0.212040	125.00
0.212060	126.00
0.212080	126.00
0.212100	126.00
0.212120	126.00
0.212140	126.00
0.212160	126.00
0.212180	126.00
0.212200	126.00
0.212220	125.00
0.212240	125.00
0.212260	125.00
0.212280	124.00
0.212300	124.00
0.212320	125.00
0.212340	126.00
0.212360	126.00
0.212380	126.00
0.212400	125.00
0.212420	124.00
0.212440	125.00
0.212460	126.00
0.212480	127.00
0.212500	126.00
0.212520	125.00
0.212540	125.00
0.212560	125.00
0.212580	125.00
0.212600	125.00
0.212620	124.00
0.212640	124.00
0.212660	124.00
0.212680	125.00
0.212700	125.00
0.212720	125.00
0.212740	126.00
0.212760	126.00
0.212780	127.00
0.212800	126.00
0.212820	126.00
0.212840	125.00
0.212860	126.00
0.212880	128.00
0.212900	128.00
0.212920	127.00
0.212940	126.00
0.212960	125.00
0.212980	125.00
0.213000	126.00
0.213020	126.00
0.213040	125.00
0.213060	124.00
0.213080	124.00
0.213100	124.00
0.213120	124.00
0.213140	125.00
0.213160	125.00
0.213180	126.00
0.213200	126.00
0.213220	126.00
0.213240	126.00
0.213260	126.00
0.213280	126.00
0.213300	127.00
0.213320	127.00
0.213340	127.00
0.213360	127.00
0.213380	126.00
0.213400	126.00
0.213420	125.00
0.213440	124.00
0.213460	123.00
0.213480	123.00
0.213500	124.00
0.213520	125.00
0.213540	124.00
0.213560	124.00
0.213580	123.00
0.213600	123.00
0.213620	123.00
0.213640	124.00
0.213660	124.00
0.213680	125.00
0.213700	125.00
0.213720	125.00
0.213740	125.00
0.213760	124.00
0.213780	125.00
0.213800	125.00
0.213820	126.00
0.213840	126.00
0.213860	126.00
0.213880	125.00
0.213900	125.00
0.213920	125.00
0.213940	126.00
0.213960	126.00
0.213980	125.00
0.214000	125.00
0.214020	125.00
0.214040	125.00
0.214060	125.00
0.214080	125.00
0.214100	125.00
0.214120	125.00
0.214140	126.00
0.214160	127.00
0.214180	127.00
0.214200	128.00
0.214220	128.00
0.214240	128.00
0.214260	127.00
0.214280	126.00
0.214300	125.00
0.214320	124.00
0.214340	125.00
0.214360	126.00
0.214380	126.00
0.214400	125.00
0.214420	123.00
0.214440	122.00
0.214460	122.00
0.214480	122.00
0.214500	123.00
0.214520	123.00
0.214540	124.00
0.214560	124.00
0.214580	124.00
0.214600	124.00
0.214620	124.00
0.214640	124.00
0.214660	125.00
0.214680	125.00
0.214700	124.00
0.214720	124.00
0.214740	125.00
0.214760	126.00
0.214780	127.00
0.214800	127.00
0.214820	127.00
0.214840	127.00
0.214860	126.00
0.214880	125.00
0.214900	125.00
0.214920	126.00
0.214940	127.00
0.214960	128.00
0.214980	127.00
0.215000	126.00
0.215020	125.00
0.215040	124.00
0.215060	124.00
0.215080	124.00
0.215100	125.00
0.215120	125.00
0.215140	126.00
0.215160	125.00
0.215180	125.00
0.215200	125.00
0.215220	125.00
0.215240	126.00
0.215260	127.00
0.215280	127.00
0.215300	126.00
0.215320	125.00
0.215340	125.00
0.215360	126.00
0.215380	126.00
0.215400	125.00
0.215420	124.00
0.215440	124.00
0.215460	124.00
0.215480	125.00
0.215500	126.00
0.215520	125.00
0.215540	124.00
0.215560	124.00
0.215580	125.00
0.215600	126.00
0.215620	126.00
0.215640	125.00
0.215660	126.00
0.215680	126.00
0.215700	126.00
0.215720	125.00
0.215740	124.00
0.215760	124.00
0.215780	124.00
0.215800	125.00
0.215820	125.00
0.215840	125.00
0.215860	125.00
0.215880	125.00
0.215900	125.00
0.215920	125.00
0.215940	125.00
0.215960	124.00
0.215980	124.00
0.216000	125.00
0.216020	126.00
0.216040	127.00
0.216060	128.00
0.216080	128.00
0.216100	128.00
0.216120	127.00
0.216140	126.00
0.216160	126.00
0.216180	125.00
0.216200	125.00
0.216220	125.00
0.216240	125.00
0.216260	124.00
0.216280	124.00
0.216300	124.00
0.216320	125.00
0.216340	126.00
0.216360	125.00
0.216380	124.00
0.216400	123.00
0.216420	123.00
0.216440	123.00
0.216460	124.00
0.216480	124.00
0.216500	123.00
0.216520	124.00
0.216540	124.00
0.216560	125.00
0.216580	126.00
0.216600	126.00
0.216620	126.00
0.216640	125.00
0.216660	125.00
0.216680	124.00
0.216700	124.00
0.216720	124.00
0.216740	125.00
0.216760	125.00
0.216780	126.00
0.216800	126.00
0.216820	126.00
0.216840	126.00
0.216860	126.00
0.216880	125.00
0.216900	125.00
0.216920	125.00
0.216940	126.00
0.216960	126.00
0.216980	126.00
0.217000	126.00
0.217020	125.00
0.217040	124.00
0.217060	124.00
0.217080	125.00
0.217100	125.00
0.217120	125.00
0.217140	125.00
0.217160	124.00
0.217180	124.00
0.217200	124.00
0.217220	124.00
0.217240	125.00
0.217260	126.00
0.217280	127.00
0.217300	127.00
0.217320	126.00
0.217340	124.00
0.217360	123.00
0.217380	123.00
0.217400	124.00
0.217420	124.00
0.217440	123.00
0.217460	123.00
0.217480	123.00
0.217500	123.00
0.217520	123.00
0.217540	123.00
0.217560	124.00
0.217580	125.00
0.217600	126.00
0.217620	126.00
0.217640	126.00
0.217660	127.00
0.217680	127.00
0.217700	128.00
0.217720	127.00
0.217740	126.00
0.217760	125.00
0.217780	125.00
0.217800	125.00
0.217820	126.00
0.217840	126.00
0.217860	125.00
0.217880	125.00
0.217900	126.00
0.217920	127.00
0.217940	127.00
0.217960	127.00
0.217980	127.00
0.218000	126.00
0.218020	126.00
0.218040	126.00
0.218060	125.00
0.218080	125.00
0.218100	125.00
0.218120	126.00
0.218140	127.00
0.218160	127.00
0.218180	127.00
0.218200	126.00
0.218220	125.00
0.218240	125.00
0.218260	124.00
0.218280	124.00
0.218300	123.00
0.218320	123.00
0.218340	123.00
0.218360	124.00
0.218380	125.00
0.218400	125.00
0.218420	125.00
0.218440	125.00
0.218460	125.00
0.218480	125.00
0.218500	125.00
0.218520	125.00
0.218540	125.00
0.218560	125.00
0.218580	125.00
0.218600	126.00
0.218620	126.00
0.218640	126.00
0.218660	125.00
0.218680	125.00
0.218700	126.00
0.218720	126.00
0.218740	125.00
0.218760	124.00
0.218780	123.00
0.218800	124.00
0.218820	124.00
0.218840	125.00
0.218860	125.00
0.218880	125.00
0.218900	126.00
0.218920	126.00
0.218940	126.00
0.218960	126.00
0.218980	125.00
0.219000	125.00
0.219020	125.00
0.219040	126.00
0.219060	126.00
0.219080	126.00
0.219100	126.00
0.219120	126.00
0.219140	125.00
0.219160	125.00
0.219180	125.00
0.219200	124.00
0.219220	124.00
0.219240	123.00
0.219260	123.00
0.219280	123.00
0.219300	124.00
0.219320	125.00
0.219340	125.00
0.219360	124.00
0.219380	124.00
0.219400	124.00
0.219420	124.00
0.219440	124.00
0.219460	124.00
0.219480	124.00
0.219500	124.00
0.219520	124.00
0.219540	124.00
0.219560	125.00
0.219580	126.00
0.219600	126.00
0.219620	127.00
0.219640	126.00
0.219660	126.00
0.219680	125.00
0.219700	125.00
0.219720	126.00
0.219740	126.00
0.219760	126.00
0.219780	124.00
0.219800	123.00
0.219820	123.00
0.219840	124.00
0.219860	126.00
0.219880	128.00
0.219900	128.00
0.219920	129.00
0.219940	128.00
0.219960	128.00
0.219980	128.00
0.220000	127.00
0.220020	127.00
0.220040	126.00
0.220060	125.00
0.220080	125.00
0.220100	125.00
0.220120	126.00
0.220140	126.00
0.220160	127.00
0.220180	126.00
0.220200	125.00
0.220220	124.00
0.220240	124.00
0.220260	124.00
0.220280	124.00
0.220300	125.00
0.220320	125.00
0.220340	125.00
0.220360	124.00
0.220380	125.00
0.220400	125.00
0.220420	125.00
0.220440	125.00
0.220460	126.00
0.220480	126.00
0.220500	127.00
0.220520	127.00
0.220540	125.00
0.220560	124.00
0.220580	124.00
0.220600	125.00
0.220620	126.00
0.220640	126.00
0.220660	125.00
0.220680	124.00
0.220700	124.00
0.220720	126.00
0.220740	127.00
0.220760	128.00
0.220780	128.00
0.220800	128.00
0.220820	127.00
0.220840	127.00
0.220860	127.00
0.220880	126.00
0.220900	126.00
0.220920	125.00
0.220940	125.00
0.220960	124.00
0.220980	124.00
0.221000	125.00
0.221020	125.00
0.221040	125.00
0.221060	124.00
0.221080	124.00
0.221100	124.00
0.221120	124.00
0.221140	124.00
0.221160	124.00
0.221180	124.00
0.221200	124.00
0.221220	124.00
0.221240	124.00
0.221260	124.00
0.221280	123.00
0.221300	124.00
0.221320	125.00
0.221340	126.00
0.221360	127.00
0.221380	127.00
0.221400	126.00
0.221420	125.00
0.221440	124.00
0.221460	123.00
0.221480	123.00
0.221500	124.00
0.221520	125.00
0.221540	126.00
0.221560	126.00
0.221580	125.00
0.221600	125.00
0.221620	125.00
0.221640	125.00
0.221660	126.00
0.221680	125.00
0.221700	124.00
0.221720	124.00
0.221740	124.00
0.221760	125.00
0.221780	126.00
0.221800	127.00
0.221820	126.00
0.221840	125.00
0.221860	125.00
0.221880	125.00
0.221900	126.00
0.221920	125.00
0.221940	125.00
0.221960	123.00
0.221980	123.00
0.222000	124.00
0.222020	126.00
0.222040	127.00
0.222060	127.00
0.222080	127.00
0.222100	126.00
0.222120	125.00
0.222140	125.00
0.222160	124.00
0.222180	123.00
0.222200	123.00
0.222220	123.00
0.222240	124.00
0.222260	125.00
0.222280	124.00
0.222300	124.00
0.222320	123.00
0.222340	123.00
0.222360	124.00
0.222380	125.00
0.222400	126.00
0.222420	126.00
0.222440	127.00
0.222460	126.00
0.222480	125.00
0.222500	125.00
0.222520	126.00
0.222540	126.00
0.222560	126.00
0.222580	126.00
0.222600	125.00
0.222620	125.00
0.222640	126.00
0.222660	125.00
0.222680	124.00
0.222700	124.00
0.222720	125.00
0.222740	126.00
0.222760	127.00
0.222780	127.00
0.222800	126.00
0.222820	126.00
0.222840	126.00
0.222860	127.00
0.222880	128.00
0.222900	127.00
0.222920	127.00
0.222940	126.00
0.222960	126.00
0.222980	126.00
0.223000	126.00
0.223020	125.00
0.223040	125.00
0.223060	124.00
0.223080	123.00
0.223100	123.00
0.223120	123.00
0.223140	124.00
0.223160	124.00
0.223180	124.00
0.223200	123.00
0.223220	123.00
0.223240	124.00
0.223260	124.00
0.223280	123.00
0.223300	123.00
0.223320	123.00
0.223340	123.00
0.223360	123.00
0.223380	123.00
0.223400	123.00
0.223420	123.00
0.223440	125.00
0.223460	126.00
0.223480	127.00
0.223500	128.00
0.223520	128.00
0.223540	128.00
0.223560	127.00
0.223580	126.00
0.223600	125.00
0.223620	124.00
0.223640	125.00
0.223660	125.00
0.223680	126.00
0.223700	126.00
0.223720	127.00
0.223740	127.00
0.223760	127.00
0.223780	126.00
0.223800	126.00
0.223820	125.00
0.223840	126.00
0.223860	127.00
0.223880	126.00
0.223900	125.00
0.223920	123.00
0.223940	124.00
0.223960	125.00
0.223980	127.00
0.224000	127.00
0.224020	126.00
0.224040	125.00
0.224060	125.00
0.224080	125.00
0.224100	125.00
0.224120	125.00
0.224140	125.00
0.224160	125.00
0.224180	125.00
0.224200	125.00
0.224220	125.00
0.224240	125.00
0.224260	125.00
0.224280	125.00
0.224300	126.00
0.224320	126.00
0.224340	127.00
0.224360	127.00
0.224380	126.00
0.224400	125.00
0.224420	124.00
0.224440	124.00
0.224460	124.00
0.224480	124.00
0.224500	123.00
0.224520	123.00
0.224540	122.00
0.224560	123.00
0.224580	124.00
0.224600	125.00
0.224620	125.00
0.224640	125.00
0.224660	126.00
0.224680	126.00
0.224700	126.00
0.224720	125.00
0.224740	125.00
0.224760	126.00
0.224780	126.00
0.224800	126.00
0.224820	126.00
0.224840	126.00
0.224860	126.00
0.224880	126.00
0.224900	127.00
0.224920	127.00
0.224940	126.00
0.224960	127.00
0.224980	126.00
0.225000	126.00
0.225020	126.00
0.225040	126.00
0.225060	126.00
0.225080	126.00
0.225100	126.00
0.225120	126.00
0.225140	126.00
0.225160	127.00
0.225180	127.00
0.225200	127.00
0.225220	126.00
0.225240	125.00
0.225260	124.00
0.225280	124.00
0.225300	124.00
0.225320	125.00
0.225340	124.00
0.225360	124.00
0.225380	124.00
0.225400	125.00
0.225420	125.00
0.225440	125.00
0.225460	125.00
0.225480	124.00
0.225500	124.00
0.225520	125.00
0.225540	125.00
0.225560	125.00
0.225580	125.00
0.225600	125.00
0.225620	125.00
0.225640	125.00
0.225660	126.00
0.225680	126.00
0.225700	126.00
0.225720	126.00
0.225740	126.00
0.225760	126.00
0.225780	125.00
0.225800	125.00
0.225820	124.00
0.225840	124.00
0.225860	124.00
0.225880	124.00
0.225900	124.00
0.225920	123.00
0.225940	123.00
0.225960	125.00
0.225980	126.00
0.226000	126.00
0.226020	126.00
0.226040	125.00
0.226060	123.00
0.226080	123.00
0.226100	124.00
0.226120	125.00
0.226140	125.00
0.226160	125.00
0.226180	124.00
0.226200	124.00
0.226220	125.00
0.226240	125.00
0.226260	125.00
0.226280	124.00
0.226300	124.00
0.226320	123.00
0.226340	124.00
0.226360	124.00
0.226380	125.00
0.226400	125.00
0.226420	125.00
0.226440	125.00
0.226460	124.00
0.226480	124.00
0.226500	123.00
0.226520	124.00
0.226540	124.00
0.226560	125.00
0.226580	125.00
0.226600	125.00
0.226620	125.00
0.226640	125.00
0.226660	125.00
0.226680	125.00
0.226700	125.00
0.226720	126.00
0.226740	126.00
0.226760	127.00
0.226780	126.00
0.226800	126.00
0.226820	125.00
0.226840	126.00
0.226860	126.00
0.226880	126.00
0.226900	125.00
0.226920	124.00
0.226940	124.00
0.226960	125.00
0.226980	125.00
0.227000	125.00
0.227020	124.00
0.227040	124.00
0.227060	124.00
0.227080	125.00
0.227100	125.00
0.227120	125.00
0.227140	124.00
0.227160	125.00
0.227180	125.00
0.227200	125.00
0.227220	125.00
0.227240	126.00
0.227260	126.00
0.227280	126.00
0.227300	126.00
0.227320	125.00
0.227340	125.00
0.227360	125.00
0.227380	126.00
0.227400	127.00
0.227420	127.00
0.227440	127.00
0.227460	127.00
0.227480	127.00
0.227500	126.00
0.227520	126.00
0.227540	126.00
0.227560	127.00
0.227580	127.00
0.227600	126.00
0.227620	126.00
0.227640	126.00
0.227660	126.00
0.227680	126.00
0.227700	126.00
0.227720	125.00
0.227740	125.00
0.227760	125.00
0.227780	125.00
0.227800	125.00
0.227820	125.00
0.227840	125.00
0.227860	126.00
0.227880	126.00
0.227900	127.00
0.227920	126.00
0.227940	126.00
0.227960	125.00
0.227980	125.00
0.228000	125.00
0.228020	125.00
0.228040	125.00
0.228060	126.00
0.228080	126.00
0.228100	125.00
0.228120	124.00
0.228140	123.00
0.228160	123.00
0.228180	124.00
0.228200	124.00
0.228220	125.00
0.228240	125.00
0.228260	125.00
0.228280	126.00
0.228300	127.00
0.228320	126.00
0.228340	125.00
0.228360	125.00
0.228380	125.00
0.228400	125.00
0.228420	126.00
0.228440	126.00
0.228460	125.00
0.228480	125.00
0.228500	125.00
0.228520	125.00
0.228540	126.00
0.228560	126.00
0.228580	126.00
0.228600	126.00
0.228620	126.00
0.228640	126.00
0.228660	125.00
0.228680	126.00
0.228700	127.00
0.228720	128.00
0.228740	128.00
0.228760	128.00
0.228780	127.00
0.228800	126.00
0.228820	126.00
0.228840	126.00
0.228860	126.00
0.228880	126.00
0.228900	125.00
0.228920	124.00
0.228940	124.00
0.228960	124.00
0.228980	125.00
