0.173000	101.00
0.173020	48.00
0.173040	101.00
0.173060	142.00
0.173080	146.00
0.173100	127.00
0.173120	113.00
0.173140	118.00
0.173160	130.00
0.173180	133.00
0.173200	126.00
0.173220	120.00
0.173240	123.00
0.173260	130.00
0.173280	131.00
0.173300	126.00
0.173320	121.00
0.173340	123.00
0.173360	128.00
0.173380	129.00
0.173400	124.00
0.173420	120.00
0.173440	122.00
0.173460	126.00
0.173480	127.00
0.173500	124.00
0.173520	122.00
0.173540	124.00
0.173560	129.00
0.173580	130.00
0.173600	128.00
0.173620	126.00
0.173640	126.00
0.173660	128.00
0.173680	127.00
0.173700	125.00
0.173720	122.00
0.173740	123.00
0.173760	125.00
0.173780	126.00
0.173800	124.00
0.173820	122.00
0.173840	123.00
0.173860	126.00
0.173880	128.00
0.173900	126.00
0.173920	124.00
0.173940	125.00
0.173960	126.00
0.173980	127.00
0.174000	125.00
0.174020	124.00
0.174040	124.00
0.174060	126.00
0.174080	126.00
0.174100	125.00
0.174120	124.00
0.174140	124.00
0.174160	125.00
0.174180	125.00
0.174200	124.00
0.174220	124.00
0.174240	125.00
0.174260	127.00
0.174280	127.00
0.174300	125.00
0.174320	123.00
0.174340	124.00
0.174360	125.00
0.174380	126.00
0.174400	125.00
0.174420	124.00
0.174440	126.00
0.174460	128.00
0.174480	128.00
0.174500	126.00
0.174520	124.00
0.174540	124.00
0.174560	125.00
0.174580	126.00
0.174600	125.00
0.174620	124.00
0.174640	124.00
0.174660	126.00
0.174680	126.00
0.174700	125.00
0.174720	124.00
0.174740	125.00
0.174760	126.00
0.174780	128.00
0.174800	127.00
0.174820	125.00
0.174840	124.00
0.174860	125.00
0.174880	125.00
0.174900	125.00
0.174920	124.00
0.174940	125.00
0.174960	125.00
0.174980	125.00
0.175000	124.00
0.175020	123.00
0.175040	122.00
0.175060	124.00
0.175080	125.00
0.175100	125.00
0.175120	124.00
0.175140	124.00
0.175160	126.00
0.175180	127.00
0.175200	127.00
0.175220	126.00
0.175240	126.00
0.175260	126.00
0.175280	127.00
0.175300	127.00
0.175320	126.00
0.175340	126.00
0.175360	126.00
0.175380	127.00
0.175400	127.00
0.175420	127.00
0.175440	127.00
0.175460	127.00
0.175480	127.00
0.175500	126.00
0.175520	127.00
0.175540	127.00
0.175560	127.00
0.175580	127.00
0.175600	127.00
0.175620	127.00
0.175640	126.00
0.175660	125.00
0.175680	124.00
0.175700	123.00
0.175720	124.00
0.175740	125.00
0.175760	126.00
0.175780	125.00
0.175800	124.00
0.175820	125.00
0.175840	126.00
0.175860	126.00
0.175880	125.00
0.175900	124.00
0.175920	123.00
0.175940	124.00
0.175960	126.00
0.175980	126.00
0.176000	125.00
0.176020	125.00
0.176040	125.00
0.176060	126.00
0.176080	126.00
0.176100	125.00
0.176120	125.00
0.176140	125.00
0.176160	126.00
0.176180	126.00
0.176200	125.00
0.176220	124.00
0.176240	124.00
0.176260	124.00
0.176280	125.00
0.176300	124.00
0.176320	124.00
0.176340	124.00
0.176360	126.00
0.176380	126.00
0.176400	126.00
0.176420	126.00
0.176440	126.00
0.176460	127.00
0.176480	126.00
0.176500	125.00
0.176520	125.00
0.176540	126.00
0.176560	127.00
0.176580	127.00
0.176600	125.00
0.176620	123.00
0.176640	123.00
0.176660	125.00
0.176680	126.00
0.176700	126.00
0.176720	126.00
0.176740	125.00
0.176760	125.00
0.176780	125.00
0.176800	125.00
0.176820	125.00
0.176840	125.00
0.176860	125.00
0.176880	126.00
0.176900	125.00
0.176920	125.00
0.176940	124.00
0.176960	124.00
0.176980	124.00
0.177000	124.00
0.177020	124.00
0.177040	125.00
0.177060	125.00
0.177080	126.00
0.177100	127.00
0.177120	128.00
0.177140	129.00
0.177160	129.00
0.177180	128.00
0.177200	126.00
0.177220	126.00
0.177240	127.00
0.177260	128.00
0.177280	128.00
0.177300	126.00
0.177320	125.00
0.177340	125.00
0.177360	125.00
0.177380	126.00
0.177400	125.00
0.177420	124.00
0.177440	123.00
0.177460	124.00
0.177480	124.00
0.177500	124.00
0.177520	125.00
0.177540	126.00
0.177560	126.00
0.177580	126.00
0.177600	125.00
0.177620	124.00
0.177640	125.00
0.177660	126.00
0.177680	126.00
0.177700	126.00
0.177720	124.00
0.177740	123.00
0.177760	123.00
0.177780	124.00
0.177800	125.00
0.177820	126.00
0.177840	126.00
0.177860	126.00
0.177880	125.00
0.177900	125.00
0.177920	125.00
0.177940	126.00
0.177960	126.00
0.177980	127.00
0.178000	126.00
0.178020	125.00
0.178040	124.00
0.178060	124.00
0.178080	124.00
0.178100	124.00
0.178120	124.00
0.178140	124.00
0.178160	125.00
0.178180	125.00
0.178200	125.00
0.178220	125.00
0.178240	125.00
0.178260	126.00
0.178280	126.00
0.178300	126.00
0.178320	125.00
0.178340	126.00
0.178360	126.00
0.178380	126.00
0.178400	126.00
0.178420	125.00
0.178440	125.00
0.178460	126.00
0.178480	126.00
0.178500	126.00
0.178520	125.00
0.178540	124.00
0.178560	124.00
0.178580	125.00
0.178600	127.00
0.178620	128.00
0.178640	128.00
0.178660	127.00
0.178680	127.00
0.178700	126.00
0.178720	126.00
0.178740	127.00
0.178760	127.00
0.178780	126.00
0.178800	125.00
0.178820	125.00
0.178840	125.00
0.178860	125.00
0.178880	125.00
0.178900	125.00
0.178920	125.00
0.178940	125.00
0.178960	126.00
0.178980	126.00
0.179000	126.00
0.179020	126.00
0.179040	127.00
0.179060	127.00
0.179080	127.00
0.179100	126.00
0.179120	125.00
0.179140	125.00
0.179160	125.00
0.179180	125.00
0.179200	125.00
0.179220	125.00
0.179240	127.00
0.179260	128.00
0.179280	128.00
0.179300	127.00
0.179320	127.00
0.179340	127.00
0.179360	127.00
0.179380	127.00
0.179400	127.00
0.179420	125.00
0.179440	125.00
0.179460	125.00
0.179480	125.00
0.179500	125.00
0.179520	125.00
0.179540	125.00
0.179560	125.00
0.179580	125.00
0.179600	125.00
0.179620	124.00
0.179640	124.00
0.179660	124.00
0.179680	125.00
0.179700	125.00
0.179720	126.00
0.179740	127.00
0.179760	127.00
0.179780	126.00
0.179800	125.00
0.179820	125.00
0.179840	125.00
0.179860	125.00
0.179880	125.00
0.179900	124.00
0.179920	123.00
0.179940	123.00
0.179960	124.00
0.179980	124.00
0.180000	125.00
0.180020	125.00
0.180040	125.00
0.180060	125.00
0.180080	124.00
0.180100	124.00
0.180120	125.00
0.180140	126.00
0.180160	127.00
0.180180	126.00
0.180200	125.00
0.180220	125.00
0.180240	125.00
0.180260	126.00
0.180280	126.00
0.180300	126.00
0.180320	126.00
0.180340	126.00
0.180360	127.00
0.180380	127.00
0.180400	127.00
0.180420	126.00
0.180440	127.00
0.180460	127.00
0.180480	126.00
0.180500	125.00
0.180520	125.00
0.180540	125.00
0.180560	125.00
0.180580	125.00
0.180600	124.00
0.180620	123.00
0.180640	124.00
0.180660	125.00
0.180680	126.00
0.180700	125.00
0.180720	125.00
0.180740	124.00
0.180760	125.00
0.180780	125.00
0.180800	125.00
0.180820	125.00
0.180840	125.00
0.180860	126.00
0.180880	127.00
0.180900	126.00
0.180920	126.00
0.180940	126.00
0.180960	127.00
0.180980	127.00
0.181000	127.00
0.181020	126.00
0.181040	125.00
0.181060	125.00
0.181080	126.00
0.181100	126.00
0.181120	126.00
0.181140	126.00
0.181160	126.00
0.181180	126.00
0.181200	126.00
0.181220	126.00
0.181240	126.00
0.181260	125.00
0.181280	125.00
0.181300	125.00
0.181320	125.00
0.181340	126.00
0.181360	126.00
0.181380	126.00
0.181400	125.00
0.181420	125.00
0.181440	124.00
0.181460	124.00
0.181480	124.00
0.181500	124.00
0.181520	125.00
0.181540	125.00
0.181560	125.00
0.181580	124.00
0.181600	123.00
0.181620	123.00
0.181640	124.00
0.181660	125.00
0.181680	125.00
0.181700	125.00
0.181720	124.00
0.181740	125.00
0.181760	125.00
0.181780	125.00
0.181800	125.00
0.181820	125.00
0.181840	126.00
0.181860	126.00
0.181880	125.00
0.181900	124.00
0.181920	124.00
0.181940	124.00
0.181960	125.00
0.181980	126.00
0.182000	125.00
0.182020	125.00
0.182040	125.00
0.182060	126.00
0.182080	127.00
0.182100	126.00
0.182120	126.00
0.182140	126.00
0.182160	127.00
0.182180	127.00
0.182200	127.00
0.182220	126.00
0.182240	125.00
0.182260	124.00
0.182280	125.00
0.182300	125.00
0.182320	125.00
0.182340	125.00
0.182360	125.00
0.182380	125.00
0.182400	125.00
0.182420	125.00
0.182440	124.00
0.182460	125.00
0.182480	125.00
0.182500	125.00
0.182520	125.00
0.182540	124.00
0.182560	124.00
0.182580	124.00
0.182600	126.00
0.182620	127.00
0.182640	127.00
0.182660	127.00
0.182680	127.00
0.182700	126.00
0.182720	125.00
0.182740	125.00
0.182760	124.00
0.182780	124.00
0.182800	124.00
0.182820	124.00
0.182840	125.00
0.182860	126.00
0.182880	126.00
0.182900	126.00
0.182920	125.00
0.182940	125.00
0.182960	125.00
0.182980	125.00
0.183000	126.00
0.183020	126.00
0.183040	126.00
0.183060	126.00
0.183080	126.00
0.183100	126.00
0.183120	127.00
0.183140	127.00
0.183160	127.00
0.183180	127.00
0.183200	126.00
0.183220	126.00
0.183240	126.00
0.183260	127.00
0.183280	127.00
0.183300	126.00
0.183320	125.00
0.183340	125.00
0.183360	126.00
0.183380	126.00
0.183400	127.00
0.183420	127.00
0.183440	127.00
0.183460	127.00
0.183480	126.00
0.183500	125.00
0.183520	124.00
0.183540	124.00
0.183560	125.00
0.183580	125.00
0.183600	125.00
0.183620	124.00
0.183640	124.00
0.183660	125.00
0.183680	125.00
0.183700	125.00
0.183720	125.00
0.183740	125.00
0.183760	125.00
0.183780	125.00
0.183800	126.00
0.183820	126.00
0.183840	126.00
0.183860	126.00
0.183880	126.00
0.183900	126.00
0.183920	126.00
0.183940	126.00
0.183960	126.00
0.183980	126.00
0.184000	126.00
0.184020	126.00
0.184040	126.00
0.184060	126.00
0.184080	126.00
0.184100	126.00
0.184120	126.00
0.184140	126.00
0.184160	125.00
0.184180	125.00
0.184200	126.00
0.184220	126.00
0.184240	127.00
0.184260	127.00
0.184280	126.00
0.184300	125.00
0.184320	125.00
0.184340	126.00
0.184360	126.00
0.184380	126.00
0.184400	125.00
0.184420	124.00
0.184440	124.00
0.184460	124.00
0.184480	124.00
0.184500	123.00
0.184520	122.00
0.184540	123.00
0.184560	124.00
0.184580	124.00
0.184600	124.00
0.184620	123.00
0.184640	123.00
0.184660	124.00
0.184680	125.00
0.184700	125.00
0.184720	125.00
0.184740	125.00
0.184760	126.00
0.184780	127.00
0.184800	127.00
0.184820	126.00
0.184840	127.00
0.184860	127.00
0.184880	128.00
0.184900	127.00
0.184920	126.00
0.184940	125.00
0.184960	125.00
0.184980	125.00
0.185000	125.00
0.185020	125.00
0.185040	125.00
0.185060	125.00
0.185080	126.00
0.185100	126.00
0.185120	126.00
0.185140	126.00
0.185160	125.00
0.185180	125.00
0.185200	125.00
0.185220	125.00
0.185240	126.00
0.185260	126.00
0.185280	126.00
0.185300	125.00
0.185320	124.00
0.185340	124.00
0.185360	125.00
0.185380	126.00
0.185400	126.00
0.185420	126.00
0.185440	126.00
0.185460	126.00
0.185480	126.00
0.185500	126.00
0.185520	125.00
0.185540	124.00
0.185560	124.00
0.185580	124.00
0.185600	125.00
0.185620	125.00
0.185640	125.00
0.185660	125.00
0.185680	126.00
0.185700	126.00
0.185720	125.00
0.185740	124.00
0.185760	124.00
0.185780	124.00
0.185800	124.00
0.185820	124.00
0.185840	124.00
0.185860	124.00
0.185880	124.00
0.185900	125.00
0.185920	125.00
0.185940	126.00
0.185960	126.00
0.185980	126.00
0.186000	126.00
0.186020	126.00
0.186040	125.00
0.186060	125.00
0.186080	124.00
0.186100	124.00
0.186120	125.00
0.186140	127.00
0.186160	128.00
0.186180	128.00
0.186200	126.00
0.186220	124.00
0.186240	123.00
0.186260	123.00
0.186280	124.00
0.186300	125.00
0.186320	126.00
0.186340	126.00
0.186360	127.00
0.186380	126.00
0.186400	125.00
0.186420	125.00
0.186440	126.00
0.186460	128.00
0.186480	130.00
0.186500	130.00
0.186520	127.00
0.186540	122.00
0.186560	116.00
0.186580	113.00
0.186600	113.00
0.186620	117.00
0.186640	125.00
0.186660	135.00
0.186680	142.00
0.186700	145.00
0.186720	143.00
0.186740	136.00
0.186760	128.00
0.186780	119.00
0.186800	112.00
0.186820	108.00
0.186840	107.00
0.186860	112.00
0.186880	121.00
0.186900	132.00
0.186920	141.00
0.186940	148.00
0.186960	149.00
0.186980	145.00
0.187000	134.00
0.187020	119.00
0.187040	103.00
0.187060	90.00
0.187080	86.00
0.187100	94.00
0.187120	111.00
0.187140	133.00
0.187160	154.00
0.187180	168.00
0.187200	171.00
0.187220	163.00
0.187240	145.00
0.187260	121.00
0.187280	98.00
0.187300	83.00
0.187320	80.00
0.187340	89.00
0.187360	106.00
0.187380	126.00
0.187400	144.00
0.187420	155.00
0.187440	158.00
0.187460	153.00
0.187480	142.00
0.187500	129.00
0.187520	117.00
0.187540	110.00
0.187560	109.00
0.187580	111.00
0.187600	114.00
0.187620	116.00
0.187640	116.00
0.187660	115.00
0.187680	116.00
0.187700	121.00
0.187720	129.00
0.187740	140.00
0.187760	150.00
0.187780	155.00
0.187800	154.00
0.187820	146.00
0.187840	132.00
0.187860	115.00
0.187880	100.00
0.187900	90.00
0.187920	88.00
0.187940	95.00
0.187960	109.00
0.187980	128.00
0.188000	146.00
0.188020	160.00
0.188040	166.00
0.188060	163.00
0.188080	152.00
0.188100	134.00
0.188120	115.00
0.188140	99.00
0.188160	90.00
0.188180	90.00
0.188200	99.00
0.188220	114.00
0.188240	132.00
0.188260	147.00
0.188280	156.00
0.188300	155.00
0.188320	145.00
0.188340	130.00
0.188360	115.00
0.188380	104.00
0.188400	100.00
0.188420	104.00
0.188440	114.00
0.188460	128.00
0.188480	140.00
0.188500	144.00
0.188520	140.00
0.188540	129.00
0.188560	118.00
0.188580	110.00
0.188600	109.00
0.188620	114.00
0.188640	124.00
0.188660	134.00
0.188680	141.00
0.188700	142.00
0.188720	135.00
0.188740	124.00
0.188760	116.00
0.188780	113.00
0.188800	116.00
0.188820	122.00
0.188840	129.00
0.188860	133.00
0.188880	133.00
0.188900	131.00
0.188920	127.00
0.188940	123.00
0.188960	121.00
0.188980	121.00
0.189000	124.00
0.189020	128.00
0.189040	131.00
0.189060	131.00
0.189080	128.00
0.189100	123.00
0.189120	120.00
0.189140	118.00
0.189160	120.00
0.189180	123.00
0.189200	127.00
0.189220	129.00
0.189240	129.00
0.189260	128.00
0.189280	126.00
0.189300	124.00
0.189320	122.00
0.189340	121.00
0.189360	121.00
0.189380	122.00
0.189400	124.00
0.189420	125.00
0.189440	125.00
0.189460	125.00
0.189480	124.00
0.189500	124.00
0.189520	124.00
0.189540	125.00
0.189560	127.00
0.189580	127.00
0.189600	128.00
0.189620	129.00
0.189640	129.00
0.189660	129.00
0.189680	128.00
0.189700	125.00
0.189720	121.00
0.189740	119.00
0.189760	119.00
0.189780	121.00
0.189800	123.00
0.189820	126.00
0.189840	130.00
0.189860	132.00
0.189880	133.00
0.189900	131.00
0.189920	128.00
0.189940	123.00
0.189960	120.00
0.189980	118.00
0.190000	118.00
0.190020	121.00
0.190040	125.00
0.190060	129.00
0.190080	133.00
0.190100	133.00
0.190120	131.00
0.190140	128.00
0.190160	124.00
0.190180	121.00
0.190200	120.00
0.190220	120.00
0.190240	122.00
0.190260	123.00
0.190280	124.00
0.190300	125.00
0.190320	126.00
0.190340	128.00
0.190360	130.00
0.190380	130.00
0.190400	128.00
0.190420	124.00
0.190440	121.00
0.190460	119.00
0.190480	119.00
0.190500	121.00
0.190520	123.00
0.190540	126.00
0.190560	128.00
0.190580	130.00
0.190600	131.00
0.190620	129.00
0.190640	126.00
0.190660	123.00
0.190680	120.00
0.190700	120.00
0.190720	122.00
0.190740	126.00
0.190760	130.00
0.190780	134.00
0.190800	136.00
0.190820	135.00
0.190840	131.00
0.190860	126.00
0.190880	120.00
0.190900	116.00
0.190920	115.00
0.190940	116.00
0.190960	120.00
0.190980	126.00
0.191000	131.00
0.191020	134.00
0.191040	135.00
0.191060	134.00
0.191080	132.00
0.191100	129.00
0.191120	125.00
0.191140	121.00
0.191160	119.00
0.191180	119.00
0.191200	120.00
0.191220	122.00
0.191240	124.00
0.191260	126.00
0.191280	128.00
0.191300	129.00
0.191320	129.00
0.191340	127.00
0.191360	125.00
0.191380	122.00
0.191400	121.00
0.191420	121.00
0.191440	122.00
0.191460	123.00
0.191480	125.00
0.191500	127.00
0.191520	128.00
0.191540	128.00
0.191560	127.00
0.191580	126.00
0.191600	125.00
0.191620	124.00
0.191640	124.00
0.191660	124.00
0.191680	123.00
0.191700	123.00
0.191720	122.00
0.191740	122.00
0.191760	122.00
0.191780	122.00
0.191800	124.00
0.191820	126.00
0.191840	129.00
0.191860	131.00
0.191880	133.00
0.191900	132.00
0.191920	130.00
0.191940	126.00
0.191960	121.00
0.191980	118.00
0.192000	117.00
0.192020	120.00
0.192040	125.00
0.192060	131.00
0.192080	136.00
0.192100	137.00
0.192120	134.00
0.192140	129.00
0.192160	121.00
0.192180	116.00
0.192200	113.00
0.192220	115.00
0.192240	121.00
0.192260	127.00
0.192280	132.00
0.192300	134.00
0.192320	133.00
0.192340	129.00
0.192360	124.00
0.192380	119.00
0.192400	116.00
0.192420	116.00
0.192440	119.00
0.192460	124.00
0.192480	129.00
0.192500	132.00
0.192520	132.00
0.192540	131.00
0.192560	129.00
0.192580	126.00
0.192600	123.00
0.192620	121.00
0.192640	120.00
0.192660	120.00
0.192680	121.00
0.192700	123.00
0.192720	125.00
0.192740	127.00
0.192760	129.00
0.192780	130.00
0.192800	129.00
0.192820	129.00
0.192840	127.00
0.192860	126.00
0.192880	124.00
0.192900	123.00
0.192920	122.00
0.192940	122.00
0.192960	124.00
0.192980	126.00
0.193000	128.00
0.193020	130.00
0.193040	130.00
0.193060	130.00
0.193080	129.00
0.193100	127.00
0.193120	125.00
0.193140	123.00
0.193160	122.00
0.193180	121.00
0.193200	121.00
0.193220	122.00
0.193240	123.00
0.193260	124.00
0.193280	125.00
0.193300	125.00
0.193320	125.00
0.193340	125.00
0.193360	126.00
0.193380	127.00
0.193400	127.00
0.193420	126.00
0.193440	125.00
0.193460	123.00
0.193480	123.00
0.193500	123.00
0.193520	124.00
0.193540	124.00
0.193560	124.00
0.193580	125.00
0.193600	127.00
0.193620	129.00
0.193640	130.00
0.193660	130.00
0.193680	129.00
0.193700	126.00
0.193720	124.00
0.193740	123.00
0.193760	123.00
0.193780	125.00
0.193800	127.00
0.193820	129.00
0.193840	130.00
0.193860	130.00
0.193880	129.00
0.193900	127.00
0.193920	125.00
0.193940	123.00
0.193960	122.00
0.193980	122.00
0.194000	123.00
0.194020	124.00
0.194040	125.00
0.194060	126.00
0.194080	127.00
0.194100	127.00
0.194120	126.00
0.194140	125.00
0.194160	124.00
0.194180	123.00
0.194200	123.00
0.194220	124.00
0.194240	125.00
0.194260	125.00
0.194280	124.00
0.194300	123.00
0.194320	122.00
0.194340	122.00
0.194360	123.00
0.194380	126.00
0.194400	127.00
0.194420	129.00
0.194440	129.00
0.194460	128.00
0.194480	126.00
0.194500	125.00
0.194520	123.00
0.194540	122.00
0.194560	122.00
0.194580	124.00
0.194600	127.00
0.194620	130.00
0.194640	131.00
0.194660	130.00
0.194680	128.00
0.194700	125.00
0.194720	123.00
0.194740	122.00
0.194760	123.00
0.194780	124.00
0.194800	126.00
0.194820	128.00
0.194840	130.00
0.194860	130.00
0.194880	129.00
0.194900	128.00
0.194920	126.00
0.194940	124.00
0.194960	123.00
0.194980	123.00
0.195000	124.00
0.195020	125.00
0.195040	126.00
0.195060	127.00
0.195080	126.00
0.195100	126.00
0.195120	126.00
0.195140	127.00
0.195160	126.00
0.195180	125.00
0.195200	123.00
0.195220	121.00
0.195240	120.00
0.195260	121.00
0.195280	122.00
0.195300	124.00
0.195320	126.00
0.195340	128.00
0.195360	130.00
0.195380	130.00
0.195400	128.00
0.195420	126.00
0.195440	124.00
0.195460	122.00
0.195480	122.00
0.195500	123.00
0.195520	124.00
0.195540	126.00
0.195560	127.00
0.195580	128.00
0.195600	127.00
0.195620	126.00
0.195640	124.00
0.195660	122.00
0.195680	120.00
0.195700	120.00
0.195720	121.00
0.195740	124.00
0.195760	126.00
0.195780	128.00
0.195800	129.00
0.195820	129.00
0.195840	128.00
0.195860	127.00
0.195880	126.00
0.195900	125.00
0.195920	124.00
0.195940	123.00
0.195960	123.00
0.195980	124.00
0.196000	127.00
0.196020	130.00
0.196040	131.00
0.196060	131.00
0.196080	129.00
0.196100	127.00
0.196120	125.00
0.196140	123.00
0.196160	121.00
0.196180	120.00
0.196200	121.00
0.196220	122.00
0.196240	125.00
0.196260	126.00
0.196280	127.00
0.196300	127.00
0.196320	127.00
0.196340	126.00
0.196360	125.00
0.196380	124.00
0.196400	122.00
0.196420	121.00
0.196440	121.00
0.196460	121.00
0.196480	122.00
0.196500	123.00
0.196520	125.00
0.196540	127.00
0.196560	129.00
0.196580	131.00
0.196600	131.00
0.196620	131.00
0.196640	129.00
0.196660	127.00
0.196680	124.00
0.196700	121.00
0.196720	120.00
0.196740	121.00
0.196760	123.00
0.196780	126.00
0.196800	128.00
0.196820	130.00
0.196840	130.00
0.196860	130.00
0.196880	129.00
0.196900	127.00
0.196920	125.00
0.196940	124.00
0.196960	123.00
0.196980	123.00
0.197000	122.00
0.197020	121.00
0.197040	122.00
0.197060	123.00
0.197080	125.00
0.197100	127.00
0.197120	127.00
0.197140	126.00
0.197160	125.00
0.197180	124.00
0.197200	124.00
0.197220	123.00
0.197240	123.00
0.197260	122.00
0.197280	123.00
0.197300	124.00
0.197320	126.00
0.197340	128.00
0.197360	129.00
0.197380	127.00
0.197400	126.00
0.197420	124.00
0.197440	122.00
0.197460	122.00
0.197480	122.00
0.197500	123.00
0.197520	125.00
0.197540	127.00
0.197560	128.00
0.197580	128.00
0.197600	126.00
0.197620	125.00
0.197640	124.00
0.197660	123.00
0.197680	123.00
0.197700	123.00
0.197720	124.00
0.197740	126.00
0.197760	127.00
0.197780	128.00
0.197800	127.00
0.197820	127.00
0.197840	127.00
0.197860	128.00
0.197880	127.00
0.197900	125.00
0.197920	123.00
0.197940	122.00
0.197960	123.00
0.197980	124.00
0.198000	124.00
0.198020	123.00
0.198040	123.00
0.198060	124.00
0.198080	125.00
0.198100	126.00
0.198120	126.00
0.198140	125.00
0.198160	125.00
0.198180	125.00
0.198200	125.00
0.198220	124.00
0.198240	124.00
0.198260	123.00
0.198280	124.00
0.198300	125.00
0.198320	126.00
0.198340	128.00
0.198360	129.00
0.198380	129.00
0.198400	128.00
0.198420	127.00
0.198440	127.00
0.198460	126.00
0.198480	125.00
0.198500	124.00
0.198520	124.00
0.198540	124.00
0.198560	126.00
0.198580	128.00
0.198600	128.00
0.198620	126.00
0.198640	125.00
0.198660	124.00
0.198680	125.00
0.198700	126.00
0.198720	127.00
0.198740	128.00
0.198760	127.00
0.198780	127.00
0.198800	125.00
0.198820	124.00
0.198840	123.00
0.198860	123.00
0.198880	123.00
0.198900	124.00
0.198920	126.00
0.198940	127.00
0.198960	128.00
0.198980	128.00
0.199000	127.00
0.199020	124.00
0.199040	122.00
0.199060	120.00
0.199080	120.00
0.199100	121.00
0.199120	122.00
0.199140	124.00
0.199160	126.00
0.199180	128.00
0.199200	129.00
0.199220	129.00
0.199240	128.00
0.199260	127.00
0.199280	125.00
0.199300	124.00
0.199320	123.00
0.199340	123.00
0.199360	123.00
0.199380	124.00
0.199400	125.00
0.199420	126.00
0.199440	127.00
0.199460	128.00
0.199480	129.00
0.199500	128.00
0.199520	126.00
0.199540	124.00
0.199560	123.00
0.199580	123.00
0.199600	125.00
0.199620	126.00
0.199640	126.00
0.199660	126.00
0.199680	127.00
0.199700	127.00
0.199720	128.00
0.199740	128.00
0.199760	127.00
0.199780	126.00
0.199800	125.00
0.199820	125.00
0.199840	125.00
0.199860	124.00
0.199880	124.00
0.199900	124.00
0.199920	124.00
0.199940	125.00
0.199960	125.00
0.199980	125.00
0.200000	125.00
0.200020	126.00
0.200040	126.00
0.200060	125.00
0.200080	123.00
0.200100	122.00
0.200120	123.00
0.200140	124.00
0.200160	125.00
0.200180	125.00
0.200200	124.00
0.200220	125.00
0.200240	125.00
0.200260	126.00
0.200280	126.00
0.200300	126.00
0.200320	126.00
0.200340	126.00
0.200360	127.00
0.200380	127.00
0.200400	127.00
0.200420	127.00
0.200440	126.00
0.200460	126.00
0.200480	125.00
0.200500	125.00
0.200520	125.00
0.200540	125.00
0.200560	125.00
0.200580	125.00
0.200600	125.00
0.200620	126.00
0.200640	127.00
0.200660	127.00
0.200680	126.00
0.200700	125.00
0.200720	124.00
0.200740	124.00
0.200760	125.00
0.200780	125.00
0.200800	124.00
0.200820	124.00
0.200840	123.00
0.200860	123.00
0.200880	123.00
0.200900	124.00
0.200920	125.00
0.200940	127.00
0.200960	127.00
0.200980	126.00
0.201000	124.00
0.201020	122.00
0.201040	121.00
0.201060	121.00
0.201080	123.00
0.201100	123.00
0.201120	124.00
0.201140	125.00
0.201160	126.00
0.201180	127.00
0.201200	128.00
0.201220	128.00
0.201240	128.00
0.201260	128.00
0.201280	127.00
0.201300	126.00
0.201320	125.00
0.201340	124.00
0.201360	125.00
0.201380	125.00
0.201400	126.00
0.201420	126.00
0.201440	126.00
0.201460	127.00
0.201480	128.00
0.201500	128.00
0.201520	127.00
0.201540	126.00
0.201560	125.00
0.201580	125.00
0.201600	125.00
0.201620	126.00
0.201640	127.00
0.201660	127.00
0.201680	127.00
0.201700	127.00
0.201720	126.00
0.201740	127.00
0.201760	127.00
0.201780	127.00
0.201800	125.00
0.201820	123.00
0.201840	123.00
0.201860	123.00
0.201880	124.00
0.201900	125.00
0.201920	126.00
0.201940	126.00
0.201960	127.00
0.201980	128.00
0.202000	127.00
0.202020	125.00
0.202040	123.00
0.202060	123.00
0.202080	124.00
0.202100	124.00
0.202120	124.00
0.202140	124.00
0.202160	124.00
0.202180	125.00
0.202200	126.00
0.202220	127.00
0.202240	126.00
0.202260	126.00
0.202280	126.00
0.202300	126.00
0.202320	125.00
0.202340	124.00
0.202360	124.00
0.202380	125.00
0.202400	126.00
0.202420	126.00
0.202440	125.00
0.202460	124.00
0.202480	123.00
0.202500	124.00
0.202520	125.00
0.202540	126.00
0.202560	126.00
0.202580	125.00
0.202600	125.00
0.202620	125.00
0.202640	125.00
0.202660	126.00
0.202680	126.00
0.202700	125.00
0.202720	125.00
0.202740	124.00
0.202760	124.00
0.202780	124.00
0.202800	124.00
0.202820	124.00
0.202840	124.00
0.202860	125.00
0.202880	125.00
0.202900	125.00
0.202920	125.00
0.202940	126.00
0.202960	125.00
0.202980	125.00
0.203000	124.00
0.203020	123.00
0.203040	124.00
0.203060	124.00
0.203080	125.00
0.203100	126.00
0.203120	126.00
0.203140	127.00
0.203160	127.00
0.203180	128.00
0.203200	128.00
0.203220	127.00
0.203240	125.00
0.203260	124.00
0.203280	124.00
0.203300	124.00
0.203320	125.00
0.203340	125.00
0.203360	124.00
0.203380	124.00
0.203400	123.00
0.203420	122.00
0.203440	123.00
0.203460	124.00
0.203480	125.00
0.203500	126.00
0.203520	126.00
0.203540	127.00
0.203560	126.00
0.203580	126.00
0.203600	125.00
0.203620	125.00
0.203640	125.00
0.203660	125.00
0.203680	124.00
0.203700	123.00
0.203720	123.00
0.203740	123.00
0.203760	124.00
0.203780	124.00
0.203800	125.00
0.203820	125.00
0.203840	125.00
0.203860	126.00
0.203880	126.00
0.203900	126.00
0.203920	124.00
0.203940	124.00
0.203960	123.00
0.203980	123.00
0.204000	124.00
0.204020	124.00
0.204040	125.00
0.204060	126.00
0.204080	127.00
0.204100	127.00
0.204120	127.00
0.204140	126.00
0.204160	126.00
0.204180	126.00
0.204200	126.00
0.204220	126.00
0.204240	126.00
0.204260	127.00
0.204280	128.00
0.204300	128.00
0.204320	128.00
0.204340	127.00
0.204360	127.00
0.204380	127.00
0.204400	127.00
0.204420	126.00
0.204440	125.00
0.204460	124.00
0.204480	124.00
0.204500	125.00
0.204520	126.00
0.204540	126.00
0.204560	126.00
0.204580	126.00
0.204600	126.00
0.204620	126.00
0.204640	125.00
0.204660	125.00
0.204680	125.00
0.204700	125.00
0.204720	125.00
0.204740	123.00
0.204760	122.00
0.204780	121.00
0.204800	121.00
0.204820	122.00
0.204840	123.00
0.204860	124.00
0.204880	125.00
0.204900	125.00
0.204920	124.00
0.204940	123.00
0.204960	123.00
0.204980	124.00
0.205000	125.00
0.205020	125.00
0.205040	125.00
0.205060	124.00
0.205080	125.00
0.205100	126.00
0.205120	127.00
0.205140	128.00
0.205160	128.00
0.205180	128.00
0.205200	127.00
0.205220	127.00
0.205240	126.00
0.205260	126.00
0.205280	125.00
0.205300	125.00
0.205320	124.00
0.205340	124.00
0.205360	124.00
0.205380	125.00
0.205400	126.00
0.205420	127.00
0.205440	127.00
0.205460	126.00
0.205480	126.00
0.205500	125.00
0.205520	124.00
0.205540	123.00
0.205560	123.00
0.205580	124.00
0.205600	125.00
0.205620	126.00
0.205640	126.00
0.205660	126.00
0.205680	126.00
0.205700	126.00
0.205720	125.00
0.205740	125.00
0.205760	124.00
0.205780	125.00
0.205800	125.00
0.205820	126.00
0.205840	126.00
0.205860	125.00
0.205880	125.00
0.205900	126.00
0.205920	126.00
0.205940	126.00
0.205960	125.00
0.205980	125.00
0.206000	124.00
0.206020	124.00
0.206040	125.00
0.206060	126.00
0.206080	127.00
0.206100	127.00
0.206120	127.00
0.206140	126.00
0.206160	126.00
0.206180	126.00
0.206200	126.00
0.206220	125.00
0.206240	125.00
0.206260	124.00
0.206280	124.00
0.206300	125.00
0.206320	126.00
0.206340	126.00
0.206360	126.00
0.206380	126.00
0.206400	125.00
0.206420	125.00
0.206440	125.00
0.206460	125.00
0.206480	126.00
0.206500	126.00
0.206520	126.00
0.206540	125.00
0.206560	124.00
0.206580	123.00
0.206600	123.00
0.206620	124.00
0.206640	124.00
0.206660	125.00
0.206680	126.00
0.206700	127.00
0.206720	126.00
0.206740	125.00
0.206760	125.00
0.206780	125.00
0.206800	126.00
0.206820	126.00
0.206840	126.00
0.206860	125.00
0.206880	125.00
0.206900	125.00
0.206920	125.00
0.206940	125.00
0.206960	124.00
0.206980	124.00
0.207000	124.00
0.207020	125.00
0.207040	126.00
0.207060	126.00
0.207080	126.00
0.207100	126.00
0.207120	126.00
0.207140	125.00
0.207160	125.00
0.207180	124.00
0.207200	124.00
0.207220	125.00
0.207240	126.00
0.207260	126.00
0.207280	126.00
0.207300	126.00
0.207320	126.00
0.207340	125.00
0.207360	126.00
0.207380	126.00
0.207400	126.00
0.207420	126.00
0.207440	125.00
0.207460	124.00
0.207480	124.00
0.207500	124.00
0.207520	124.00
0.207540	125.00
0.207560	124.00
0.207580	124.00
0.207600	125.00
0.207620	126.00
0.207640	126.00
0.207660	126.00
0.207680	126.00
0.207700	126.00
0.207720	125.00
0.207740	125.00
0.207760	125.00
0.207780	124.00
0.207800	123.00
0.207820	122.00
0.207840	122.00
0.207860	123.00
0.207880	124.00
0.207900	125.00
0.207920	125.00
0.207940	125.00
0.207960	126.00
0.207980	127.00
0.208000	127.00
0.208020	126.00
0.208040	125.00
0.208060	125.00
0.208080	125.00
0.208100	125.00
0.208120	124.00
0.208140	124.00
0.208160	123.00
0.208180	123.00
0.208200	124.00
0.208220	126.00
0.208240	126.00
0.208260	126.00
0.208280	126.00
0.208300	125.00
0.208320	125.00
0.208340	124.00
0.208360	124.00
0.208380	124.00
0.208400	125.00
0.208420	125.00
0.208440	125.00
0.208460	125.00
0.208480	125.00
0.208500	125.00
0.208520	125.00
0.208540	125.00
0.208560	125.00
0.208580	126.00
0.208600	126.00
0.208620	125.00
0.208640	124.00
0.208660	124.00
0.208680	124.00
0.208700	125.00
0.208720	126.00
0.208740	126.00
0.208760	125.00
0.208780	125.00
0.208800	125.00
0.208820	125.00
0.208840	126.00
0.208860	125.00
0.208880	125.00
0.208900	126.00
0.208920	127.00
0.208940	127.00
0.208960	126.00
0.208980	125.00
0.209000	125.00
0.209020	125.00
0.209040	126.00
0.209060	126.00
0.209080	125.00
0.209100	124.00
0.209120	124.00
0.209140	125.00
0.209160	125.00
0.209180	126.00
0.209200	126.00
0.209220	125.00
0.209240	126.00
0.209260	126.00
0.209280	127.00
0.209300	126.00
0.209320	125.00
0.209340	124.00
0.209360	124.00
0.209380	125.00
0.209400	126.00
0.209420	126.00
0.209440	125.00
0.209460	124.00
0.209480	124.00
0.209500	125.00
0.209520	126.00
0.209540	126.00
0.209560	127.00
0.209580	127.00
0.209600	126.00
0.209620	125.00
0.209640	124.00
0.209660	123.00
0.209680	124.00
0.209700	124.00
0.209720	124.00
0.209740	123.00
0.209760	123.00
0.209780	123.00
0.209800	124.00
0.209820	125.00
0.209840	125.00
0.209860	124.00
0.209880	123.00
0.209900	124.00
0.209920	125.00
0.209940	126.00
0.209960	126.00
0.209980	126.00
0.210000	125.00
0.210020	126.00
0.210040	126.00
0.210060	126.00
0.210080	126.00
0.210100	126.00
0.210120	126.00
0.210140	126.00
0.210160	126.00
0.210180	128.00
0.210200	129.00
0.210220	129.00
0.210240	128.00
0.210260	127.00
0.210280	126.00
0.210300	126.00
0.210320	127.00
0.210340	127.00
0.210360	126.00
0.210380	125.00
0.210400	125.00
0.210420	125.00
0.210440	126.00
0.210460	126.00
0.210480	126.00
0.210500	126.00
0.210520	126.00
0.210540	126.00
0.210560	125.00
0.210580	124.00
0.210600	124.00
0.210620	125.00
0.210640	125.00
0.210660	126.00
0.210680	126.00
0.210700	126.00
0.210720	126.00
0.210740	127.00
0.210760	126.00
0.210780	125.00
0.210800	124.00
0.210820	124.00
0.210840	124.00
0.210860	123.00
0.210880	123.00
0.210900	123.00
0.210920	124.00
0.210940	125.00
0.210960	125.00
0.210980	125.00
0.211000	126.00
0.211020	127.00
0.211040	128.00
0.211060	129.00
0.211080	128.00
0.211100	127.00
0.211120	125.00
0.211140	125.00
0.211160	124.00
0.211180	125.00
0.211200	125.00
0.211220	126.00
0.211240	127.00
0.211260	126.00
0.211280	125.00
0.211300	125.00
0.211320	125.00
0.211340	126.00
0.211360	127.00
0.211380	126.00
0.211400	125.00
0.211420	125.00
0.211440	125.00
0.211460	126.00
0.211480	126.00
0.211500	126.00
0.211520	126.00
0.211540	125.00
0.211560	124.00
0.211580	124.00
0.211600	124.00
0.211620	124.00
0.211640	125.00
0.211660	124.00
0.211680	123.00
0.211700	123.00
0.211720	123.00
0.211740	123.00
0.211760	123.00
0.211780	122.00
0.211800	122.00
0.211820	123.00
0.211840	125.00
0.211860	125.00
0.211880	125.00
0.211900	125.00
0.211920	125.00
0.211940	126.00
0.211960	127.00
0.211980	127.00
0.212000	127.00
0.212020	126.00
0.212040	126.00
0.212060	126.00
0.212080	126.00
0.212100	127.00
0.212120	127.00
0.212140	127.00
0.212160	127.00
0.212180	128.00
0.212200	128.00
0.212220	127.00
0.212240	127.00
0.212260	126.00
0.212280	126.00
0.212300	126.00
0.212320	126.00
0.212340	126.00
0.212360	126.00
0.212380	126.00
0.212400	126.00
0.212420	125.00
0.212440	125.00
0.212460	125.00
0.212480	125.00
0.212500	125.00
0.212520	124.00
0.212540	123.00
0.212560	123.00
0.212580	123.00
0.212600	124.00
0.212620	124.00
0.212640	124.00
0.212660	123.00
0.212680	123.00
0.212700	123.00
0.212720	123.00
0.212740	123.00
0.212760	123.00
0.212780	123.00
0.212800	124.00
0.212820	124.00
0.212840	124.00
0.212860	124.00
0.212880	123.00
0.212900	124.00
0.212920	125.00
0.212940	125.00
0.212960	126.00
0.212980	126.00
0.213000	126.00
0.213020	127.00
0.213040	128.00
0.213060	128.00
0.213080	126.00
0.213100	125.00
0.213120	126.00
0.213140	127.00
0.213160	127.00
0.213180	127.00
0.213200	127.00
0.213220	127.00
0.213240	127.00
0.213260	126.00
0.213280	125.00
0.213300	125.00
0.213320	125.00
0.213340	126.00
0.213360	127.00
0.213380	127.00
0.213400	126.00
0.213420	125.00
0.213440	125.00
0.213460	124.00
0.213480	124.00
0.213500	123.00
0.213520	123.00
0.213540	124.00
0.213560	125.00
0.213580	125.00
0.213600	125.00
0.213620	125.00
0.213640	125.00
0.213660	125.00
0.213680	124.00
0.213700	124.00
0.213720	123.00
0.213740	124.00
0.213760	125.00
0.213780	126.00
0.213800	127.00
0.213820	127.00
0.213840	126.00
0.213860	125.00
0.213880	124.00
0.213900	124.00
0.213920	123.00
0.213940	124.00
0.213960	125.00
0.213980	126.00
0.214000	127.00
0.214020	127.00
0.214040	127.00
0.214060	127.00
0.214080	127.00
0.214100	126.00
0.214120	125.00
0.214140	125.00
0.214160	125.00
0.214180	125.00
0.214200	125.00
0.214220	125.00
0.214240	125.00
0.214260	125.00
0.214280	125.00
0.214300	125.00
0.214320	125.00
0.214340	124.00
0.214360	124.00
0.214380	123.00
0.214400	124.00
0.214420	125.00
0.214440	126.00
0.214460	126.00
0.214480	126.00
0.214500	125.00
0.214520	125.00
0.214540	125.00
0.214560	125.00
0.214580	124.00
0.214600	124.00
0.214620	123.00
0.214640	123.00
0.214660	123.00
0.214680	124.00
0.214700	125.00
0.214720	126.00
0.214740	127.00
0.214760	126.00
0.214780	126.00
0.214800	126.00
0.214820	126.00
0.214840	126.00
0.214860	126.00
0.214880	126.00
0.214900	126.00
0.214920	127.00
0.214940	127.00
0.214960	127.00
0.214980	126.00
0.215000	126.00
0.215020	127.00
0.215040	128.00
0.215060	128.00
0.215080	127.00
0.215100	126.00
0.215120	125.00
0.215140	125.00
0.215160	125.00
0.215180	125.00
0.215200	124.00
0.215220	124.00
0.215240	125.00
0.215260	125.00
0.215280	125.00
0.215300	124.00
0.215320	124.00
0.215340	124.00
0.215360	125.00
0.215380	125.00
0.215400	125.00
0.215420	125.00
0.215440	125.00
0.215460	125.00
0.215480	126.00
0.215500	126.00
0.215520	125.00
0.215540	125.00
0.215560	124.00
0.215580	124.00
0.215600	124.00
0.215620	124.00
0.215640	125.00
0.215660	126.00
0.215680	127.00
0.215700	127.00
0.215720	127.00
0.215740	127.00
0.215760	126.00
0.215780	125.00
0.215800	124.00
0.215820	124.00
0.215840	125.00
0.215860	125.00
0.215880	125.00
0.215900	125.00
0.215920	126.00
0.215940	126.00
0.215960	126.00
0.215980	127.00
0.216000	127.00
0.216020	127.00
0.216040	127.00
0.216060	127.00
0.216080	127.00
0.216100	126.00
0.216120	125.00
0.216140	125.00
0.216160	124.00
0.216180	124.00
0.216200	124.00
0.216220	124.00
0.216240	124.00
0.216260	124.00
0.216280	124.00
0.216300	124.00
0.216320	124.00
0.216340	123.00
0.216360	123.00
0.216380	124.00
0.216400	124.00
0.216420	124.00
0.216440	124.00
0.216460	124.00
0.216480	124.00
0.216500	124.00
0.216520	125.00
0.216540	125.00
0.216560	126.00
0.216580	126.00
0.216600	126.00
0.216620	126.00
0.216640	126.00
0.216660	126.00
0.216680	125.00
0.216700	125.00
0.216720	125.00
0.216740	126.00
0.216760	127.00
0.216780	126.00
0.216800	125.00
0.216820	125.00
0.216840	124.00
0.216860	125.00
0.216880	125.00
0.216900	126.00
0.216920	127.00
0.216940	128.00
0.216960	128.00
0.216980	128.00
0.217000	128.00
0.217020	127.00
0.217040	126.00
0.217060	125.00
0.217080	125.00
0.217100	125.00
0.217120	125.00
0.217140	125.00
0.217160	125.00
0.217180	125.00
0.217200	125.00
0.217220	124.00
0.217240	124.00
0.217260	124.00
0.217280	125.00
0.217300	125.00
0.217320	126.00
0.217340	126.00
0.217360	125.00
0.217380	125.00
0.217400	125.00
0.217420	125.00
0.217440	125.00
0.217460	124.00
0.217480	123.00
0.217500	122.00
0.217520	122.00
0.217540	123.00
0.217560	124.00
0.217580	124.00
0.217600	125.00
0.217620	126.00
0.217640	127.00
0.217660	128.00
0.217680	128.00
0.217700	127.00
0.217720	127.00
0.217740	127.00
0.217760	127.00
0.217780	126.00
0.217800	125.00
0.217820	125.00
0.217840	125.00
0.217860	126.00
0.217880	126.00
0.217900	126.00
0.217920	126.00
0.217940	126.00
0.217960	126.00
0.217980	127.00
0.218000	127.00
0.218020	126.00
0.218040	125.00
0.218060	125.00
0.218080	124.00
0.218100	124.00
0.218120	125.00
0.218140	125.00
0.218160	125.00
0.218180	125.00
0.218200	125.00
0.218220	125.00
0.218240	125.00
0.218260	125.00
0.218280	125.00
0.218300	124.00
0.218320	124.00
0.218340	124.00
0.218360	123.00
0.218380	123.00
0.218400	123.00
0.218420	124.00
0.218440	125.00
0.218460	125.00
0.218480	125.00
0.218500	124.00
0.218520	124.00
0.218540	125.00
0.218560	126.00
0.218580	127.00
0.218600	127.00
0.218620	127.00
0.218640	126.00
0.218660	125.00
0.218680	125.00
0.218700	125.00
0.218720	126.00
0.218740	126.00
0.218760	126.00
0.218780	126.00
0.218800	125.00
0.218820	125.00
0.218840	125.00
0.218860	124.00
0.218880	124.00
0.218900	124.00
0.218920	124.00
0.218940	125.00
0.218960	126.00
0.218980	127.00
0.219000	127.00
0.219020	126.00
0.219040	126.00
0.219060	126.00
0.219080	126.00
0.219100	125.00
0.219120	125.00
0.219140	125.00
0.219160	125.00
0.219180	126.00
0.219200	126.00
0.219220	125.00
0.219240	124.00
0.219260	123.00
0.219280	124.00
0.219300	125.00
0.219320	126.00
0.219340	126.00
0.219360	126.00
0.219380	125.00
0.219400	124.00
0.219420	123.00
0.219440	123.00
0.219460	123.00
0.219480	123.00
0.219500	125.00
0.219520	126.00
0.219540	127.00
0.219560	126.00
0.219580	126.00
0.219600	126.00
0.219620	126.00
0.219640	126.00
0.219660	127.00
0.219680	127.00
0.219700	128.00
0.219720	127.00
0.219740	127.00
0.219760	125.00
0.219780	124.00
0.219800	124.00
0.219820	125.00
0.219840	126.00
0.219860	126.00
0.219880	125.00
0.219900	125.00
0.219920	125.00
0.219940	126.00
0.219960	126.00
0.219980	126.00
0.220000	126.00
0.220020	127.00
0.220040	127.00
0.220060	127.00
0.220080	125.00
0.220100	124.00
0.220120	123.00
0.220140	123.00
0.220160	123.00
0.220180	123.00
0.220200	124.00
0.220220	124.00
0.220240	125.00
0.220260	126.00
0.220280	126.00
0.220300	126.00
0.220320	125.00
0.220340	126.00
0.220360	126.00
0.220380	126.00
0.220400	125.00
0.220420	124.00
0.220440	123.00
0.220460	122.00
0.220480	123.00
0.220500	123.00
0.220520	124.00
0.220540	124.00
0.220560	125.00
0.220580	125.00
0.220600	125.00
0.220620	126.00
0.220640	126.00
0.220660	126.00
0.220680	126.00
0.220700	126.00
0.220720	126.00
0.220740	127.00
0.220760	127.00
0.220780	127.00
0.220800	127.00
0.220820	127.00
0.220840	128.00
0.220860	128.00
0.220880	127.00
0.220900	126.00
0.220920	126.00
0.220940	127.00
0.220960	127.00
0.220980	127.00
0.221000	126.00
0.221020	125.00
0.221040	124.00
0.221060	124.00
0.221080	123.00
0.221100	123.00
0.221120	122.00
0.221140	122.00
0.221160	123.00
0.221180	123.00
0.221200	124.00
0.221220	124.00
0.221240	124.00
0.221260	125.00
0.221280	125.00
0.221300	126.00
0.221320	127.00
0.221340	126.00
0.221360	126.00
0.221380	125.00
0.221400	125.00
0.221420	125.00
0.221440	126.00
0.221460	126.00
0.221480	125.00
0.221500	124.00
0.221520	124.00
0.221540	125.00
0.221560	126.00
0.221580	126.00
0.221600	125.00
0.221620	125.00
0.221640	125.00
0.221660	125.00
0.221680	125.00
0.221700	125.00
0.221720	125.00
0.221740	125.00
0.221760	125.00
0.221780	125.00
0.221800	125.00
0.221820	125.00
0.221840	126.00
0.221860	127.00
0.221880	127.00
0.221900	126.00
0.221920	126.00
0.221940	125.00
0.221960	126.00
0.221980	125.00
0.222000	124.00
0.222020	123.00
0.222040	123.00
0.222060	123.00
0.222080	124.00
0.222100	124.00
0.222120	124.00
0.222140	124.00
0.222160	125.00
0.222180	125.00
0.222200	125.00
0.222220	124.00
0.222240	123.00
0.222260	123.00
0.222280	124.00
0.222300	125.00
0.222320	125.00
0.222340	125.00
0.222360	125.00
0.222380	126.00
0.222400	127.00
0.222420	127.00
0.222440	126.00
0.222460	125.00
0.222480	124.00
0.222500	124.00
0.222520	125.00
0.222540	125.00
0.222560	125.00
0.222580	125.00
0.222600	125.00
0.222620	126.00
0.222640	126.00
0.222660	126.00
0.222680	125.00
0.222700	124.00
0.222720	124.00
0.222740	125.00
0.222760	126.00
0.222780	126.00
0.222800	125.00
0.222820	125.00
0.222840	125.00
0.222860	126.00
0.222880	127.00
0.222900	127.00
0.222920	126.00
0.222940	126.00
0.222960	125.00
0.222980	124.00
0.223000	124.00
0.223020	123.00
0.223040	124.00
0.223060	124.00
0.223080	124.00
0.223100	124.00
0.223120	124.00
0.223140	125.00
0.223160	125.00
0.223180	125.00
0.223200	125.00
0.223220	124.00
0.223240	124.00
0.223260	123.00
0.223280	123.00
0.223300	124.00
0.223320	124.00
0.223340	125.00
0.223360	125.00
0.223380	126.00
0.223400	126.00
0.223420	126.00
0.223440	126.00
0.223460	126.00
0.223480	125.00
0.223500	125.00
0.223520	126.00
0.223540	125.00
0.223560	124.00
0.223580	124.00
0.223600	124.00
0.223620	125.00
0.223640	127.00
0.223660	128.00
0.223680	128.00
0.223700	127.00
0.223720	126.00
0.223740	126.00
0.223760	127.00
0.223780	127.00
0.223800	127.00
0.223820	126.00
0.223840	125.00
0.223860	125.00
0.223880	125.00
0.223900	125.00
0.223920	124.00
0.223940	124.00
0.223960	124.00
0.223980	125.00
0.224000	125.00
0.224020	126.00
0.224040	125.00
0.224060	125.00
0.224080	126.00
0.224100	126.00
0.224120	126.00
0.224140	125.00
0.224160	124.00
0.224180	124.00
0.224200	124.00
0.224220	124.00
0.224240	125.00
0.224260	125.00
0.224280	126.00
0.224300	126.00
0.224320	126.00
0.224340	127.00
0.224360	126.00
0.224380	126.00
0.224400	126.00
0.224420	126.00
0.224440	126.00
0.224460	126.00
0.224480	126.00
0.224500	125.00
0.224520	125.00
0.224540	125.00
0.224560	125.00
0.224580	125.00
0.224600	126.00
0.224620	126.00
0.224640	126.00
0.224660	126.00
0.224680	126.00
0.224700	125.00
0.224720	126.00
0.224740	126.00
0.224760	126.00
0.224780	126.00
0.224800	125.00
0.224820	124.00
0.224840	125.00
0.224860	125.00
0.224880	126.00
0.224900	125.00
0.224920	124.00
0.224940	123.00
0.224960	123.00
0.224980	124.00
0.225000	124.00
0.225020	124.00
0.225040	124.00
0.225060	124.00
0.225080	125.00
0.225100	125.00
0.225120	125.00
0.225140	123.00
0.225160	123.00
0.225180	124.00
0.225200	125.00
0.225220	125.00
0.225240	125.00
0.225260	124.00
0.225280	124.00
0.225300	125.00
0.225320	126.00
0.225340	126.00
0.225360	126.00
0.225380	124.00
0.225400	124.00
0.225420	124.00
0.225440	125.00
0.225460	126.00
0.225480	126.00
0.225500	126.00
0.225520	126.00
0.225540	125.00
0.225560	125.00
0.225580	125.00
0.225600	125.00
0.225620	125.00
0.225640	125.00
0.225660	125.00
0.225680	125.00
0.225700	125.00
0.225720	125.00
0.225740	126.00
0.225760	126.00
0.225780	126.00
0.225800	125.00
0.225820	125.00
0.225840	126.00
0.225860	126.00
0.225880	125.00
0.225900	125.00
0.225920	125.00
0.225940	125.00
0.225960	126.00
0.225980	126.00
0.226000	126.00
0.226020	126.00
0.226040	126.00
0.226060	126.00
0.226080	125.00
0.226100	124.00
0.226120	124.00
0.226140	124.00
0.226160	125.00
0.226180	125.00
0.226200	125.00
0.226220	125.00
0.226240	125.00
0.226260	125.00
0.226280	125.00
0.226300	125.00
0.226320	125.00
0.226340	125.00
0.226360	125.00
0.226380	125.00
0.226400	125.00
0.226420	125.00
0.226440	125.00
0.226460	125.00
0.226480	124.00
0.226500	123.00
0.226520	123.00
0.226540	124.00
0.226560	126.00
0.226580	127.00
0.226600	127.00
0.226620	127.00
0.226640	126.00
0.226660	126.00
0.226680	126.00
0.226700	126.00
0.226720	125.00
0.226740	125.00
0.226760	124.00
0.226780	124.00
0.226800	124.00
0.226820	125.00
0.226840	126.00
0.226860	127.00
0.226880	126.00
0.226900	125.00
0.226920	125.00
0.226940	125.00
0.226960	125.00
0.226980	125.00
0.227000	124.00
0.227020	124.00
0.227040	124.00
0.227060	124.00
0.227080	124.00
0.227100	124.00
0.227120	124.00
0.227140	124.00
0.227160	125.00
0.227180	125.00
0.227200	125.00
0.227220	125.00
0.227240	125.00
0.227260	126.00
0.227280	127.00
0.227300	127.00
0.227320	127.00
0.227340	126.00
0.227360	127.00
0.227380	127.00
0.227400	126.00
0.227420	126.00
0.227440	126.00
0.227460	126.00
0.227480	125.00
0.227500	125.00
0.227520	125.00
0.227540	126.00
0.227560	126.00
0.227580	125.00
0.227600	125.00
0.227620	124.00
0.227640	124.00
0.227660	125.00
0.227680	126.00
0.227700	126.00
0.227720	126.00
0.227740	126.00
0.227760	125.00
0.227780	125.00
0.227800	125.00
0.227820	124.00
0.227840	124.00
0.227860	124.00
0.227880	124.00
0.227900	124.00
0.227920	124.00
0.227940	125.00
0.227960	125.00
0.227980	125.00
0.228000	124.00
0.228020	124.00
0.228040	124.00
0.228060	124.00
0.228080	124.00
0.228100	124.00
0.228120	124.00
0.228140	124.00
0.228160	125.00
0.228180	125.00
0.228200	126.00
0.228220	126.00
0.228240	126.00
0.228260	125.00
0.228280	124.00
0.228300	124.00
0.228320	124.00
0.228340	124.00
0.228360	125.00
0.228380	125.00
0.228400	125.00
0.228420	124.00
0.228440	124.00
0.228460	125.00
0.228480	126.00
0.228500	127.00
0.228520	128.00
0.228540	127.00
0.228560	127.00
0.228580	127.00
0.228600	127.00
0.228620	127.00
0.228640	127.00
0.228660	127.00
0.228680	126.00
0.228700	126.00
0.228720	126.00
0.228740	125.00
0.228760	126.00
0.228780	126.00
0.228800	127.00
0.228820	127.00
0.228840	126.00
0.228860	125.00
0.228880	123.00
0.228900	122.00
0.228920	122.00
0.228940	124.00
0.228960	125.00
0.228980	127.00
