0.173000	101.00
0.173020	50.00
0.173040	102.00
0.173060	142.00
0.173080	145.00
0.173100	126.00
0.173120	113.00
0.173140	118.00
0.173160	131.00
0.173180	134.00
0.173200	125.00
0.173220	119.00
0.173240	122.00
0.173260	130.00
0.173280	132.00
0.173300	127.00
0.173320	122.00
0.173340	125.00
0.173360	130.00
0.173380	130.00
0.173400	125.00
0.173420	121.00
0.173440	123.00
0.173460	128.00
0.173480	130.00
0.173500	127.00
0.173520	125.00
0.173540	125.00
0.173560	129.00
0.173580	129.00
0.173600	126.00
0.173620	123.00
0.173640	124.00
0.173660	127.00
0.173680	127.00
0.173700	124.00
0.173720	121.00
0.173740	122.00
0.173760	125.00
0.173780	127.00
0.173800	125.00
0.173820	123.00
0.173840	124.00
0.173860	127.00
0.173880	128.00
0.173900	126.00
0.173920	124.00
0.173940	124.00
0.173960	125.00
0.173980	126.00
0.174000	124.00
0.174020	123.00
0.174040	123.00
0.174060	126.00
0.174080	127.00
0.174100	127.00
0.174120	126.00
0.174140	125.00
0.174160	126.00
0.174180	127.00
0.174200	126.00
0.174220	124.00
0.174240	125.00
0.174260	126.00
0.174280	126.00
0.174300	126.00
0.174320	125.00
0.174340	126.00
0.174360	128.00
0.174380	129.00
0.174400	128.00
0.174420	126.00
0.174440	126.00
0.174460	126.00
0.174480	126.00
0.174500	125.00
0.174520	124.00
0.174540	124.00
0.174560	125.00
0.174580	125.00
0.174600	124.00
0.174620	123.00
0.174640	123.00
0.174660	125.00
0.174680	126.00
0.174700	126.00
0.174720	125.00
0.174740	124.00
0.174760	124.00
0.174780	124.00
0.174800	124.00
0.174820	124.00
0.174840	125.00
0.174860	125.00
0.174880	124.00
0.174900	123.00
0.174920	123.00
0.174940	124.00
0.174960	126.00
0.174980	127.00
0.175000	127.00
0.175020	126.00
0.175040	126.00
0.175060	127.00
0.175080	127.00
0.175100	126.00
0.175120	126.00
0.175140	126.00
0.175160	126.00
0.175180	125.00
0.175200	124.00
0.175220	123.00
0.175240	125.00
0.175260	126.00
0.175280	126.00
0.175300	125.00
0.175320	124.00
0.175340	124.00
0.175360	126.00
0.175380	127.00
0.175400	126.00
0.175420	124.00
0.175440	124.00
0.175460	126.00
0.175480	127.00
0.175500	127.00
0.175520	126.00
0.175540	126.00
0.175560	126.00
0.175580	127.00
0.175600	127.00
0.175620	126.00
0.175640	126.00
0.175660	127.00
0.175680	128.00
0.175700	127.00
0.175720	125.00
0.175740	125.00
0.175760	126.00
0.175780	127.00
0.175800	127.00
0.175820	126.00
0.175840	125.00
0.175860	125.00
0.175880	125.00
0.175900	125.00
0.175920	124.00
0.175940	124.00
0.175960	125.00
0.175980	125.00
0.176000	125.00
0.176020	124.00
0.176040	124.00
0.176060	125.00
0.176080	125.00
0.176100	125.00
0.176120	125.00
0.176140	125.00
0.176160	126.00
0.176180	126.00
0.176200	126.00
0.176220	126.00
0.176240	126.00
0.176260	127.00
0.176280	127.00
0.176300	127.00
0.176320	127.00
0.176340	126.00
0.176360	125.00
0.176380	125.00
0.176400	125.00
0.176420	126.00
0.176440	126.00
0.176460	126.00
0.176480	126.00
0.176500	125.00
0.176520	124.00
0.176540	124.00
0.176560	123.00
0.176580	123.00
0.176600	123.00
0.176620	124.00
0.176640	124.00
0.176660	124.00
0.176680	125.00
0.176700	125.00
0.176720	125.00
0.176740	125.00
0.176760	125.00
0.176780	124.00
0.176800	124.00
0.176820	123.00
0.176840	124.00
0.176860	125.00
0.176880	126.00
0.176900	126.00
0.176920	126.00
0.176940	127.00
0.176960	128.00
0.176980	128.00
0.177000	127.00
0.177020	125.00
0.177040	125.00
0.177060	125.00
0.177080	125.00
0.177100	126.00
0.177120	126.00
0.177140	125.00
0.177160	125.00
0.177180	124.00
0.177200	124.00
0.177220	124.00
0.177240	125.00
0.177260	126.00
0.177280	127.00
0.177300	126.00
0.177320	126.00
0.177340	126.00
0.177360	127.00
0.177380	128.00
0.177400	128.00
0.177420	127.00
0.177440	125.00
0.177460	125.00
0.177480	125.00
0.177500	124.00
0.177520	125.00
0.177540	125.00
0.177560	126.00
0.177580	126.00
0.177600	126.00
0.177620	125.00
0.177640	125.00
0.177660	125.00
0.177680	125.00
0.177700	125.00
0.177720	124.00
0.177740	124.00
0.177760	124.00
0.177780	125.00
0.177800	125.00
0.177820	125.00
0.177840	125.00
0.177860	125.00
0.177880	126.00
0.177900	126.00
0.177920	127.00
0.177940	127.00
0.177960	128.00
0.177980	128.00
0.178000	126.00
0.178020	125.00
0.178040	125.00
0.178060	126.00
0.178080	126.00
0.178100	126.00
0.178120	126.00
0.178140	126.00
0.178160	126.00
0.178180	125.00
0.178200	125.00
0.178220	124.00
0.178240	124.00
0.178260	125.00
0.178280	127.00
0.178300	127.00
0.178320	126.00
0.178340	126.00
0.178360	125.00
0.178380	125.00
0.178400	125.00
0.178420	125.00
0.178440	125.00
0.178460	125.00
0.178480	125.00
0.178500	124.00
0.178520	124.00
0.178540	125.00
0.178560	126.00
0.178580	127.00
0.178600	126.00
0.178620	125.00
0.178640	124.00
0.178660	124.00
0.178680	125.00
0.178700	125.00
0.178720	124.00
0.178740	124.00
0.178760	124.00
0.178780	125.00
0.178800	125.00
0.178820	125.00
0.178840	125.00
0.178860	124.00
0.178880	124.00
0.178900	123.00
0.178920	123.00
0.178940	124.00
0.178960	125.00
0.178980	126.00
0.179000	127.00
0.179020	127.00
0.179040	126.00
0.179060	125.00
0.179080	125.00
0.179100	125.00
0.179120	126.00
0.179140	126.00
0.179160	126.00
0.179180	125.00
0.179200	124.00
0.179220	124.00
0.179240	125.00
0.179260	126.00
0.179280	127.00
0.179300	127.00
0.179320	126.00
0.179340	126.00
0.179360	125.00
0.179380	125.00
0.179400	125.00
0.179420	124.00
0.179440	124.00
0.179460	125.00
0.179480	125.00
0.179500	125.00
0.179520	125.00
0.179540	124.00
0.179560	124.00
0.179580	124.00
0.179600	125.00
0.179620	125.00
0.179640	125.00
0.179660	125.00
0.179680	125.00
0.179700	124.00
0.179720	125.00
0.179740	125.00
0.179760	126.00
0.179780	126.00
0.179800	126.00
0.179820	126.00
0.179840	127.00
0.179860	127.00
0.179880	127.00
0.179900	126.00
0.179920	125.00
0.179940	125.00
0.179960	124.00
0.179980	124.00
0.180000	124.00
0.180020	124.00
0.180040	124.00
0.180060	125.00
0.180080	126.00
0.180100	126.00
0.180120	127.00
0.180140	127.00
0.180160	127.00
0.180180	127.00
0.180200	127.00
0.180220	127.00
0.180240	126.00
0.180260	126.00
0.180280	126.00
0.180300	125.00
0.180320	125.00
0.180340	125.00
0.180360	126.00
0.180380	127.00
0.180400	127.00
0.180420	127.00
0.180440	126.00
0.180460	126.00
0.180480	126.00
0.180500	126.00
0.180520	126.00
0.180540	125.00
0.180560	125.00
0.180580	125.00
0.180600	126.00
0.180620	126.00
0.180640	126.00
0.180660	125.00
0.180680	124.00
0.180700	123.00
0.180720	123.00
0.180740	124.00
0.180760	125.00
0.180780	125.00
0.180800	125.00
0.180820	125.00
0.180840	126.00
0.180860	127.00
0.180880	128.00
0.180900	127.00
0.180920	127.00
0.180940	126.00
0.180960	127.00
0.180980	127.00
0.181000	126.00
0.181020	125.00
0.181040	125.00
0.181060	126.00
0.181080	127.00
0.181100	128.00
0.181120	127.00
0.181140	126.00
0.181160	125.00
0.181180	125.00
0.181200	125.00
0.181220	125.00
0.181240	124.00
0.181260	124.00
0.181280	124.00
0.181300	124.00
0.181320	125.00
0.181340	126.00
0.181360	126.00
0.181380	127.00
0.181400	127.00
0.181420	127.00
0.181440	127.00
0.181460	126.00
0.181480	126.00
0.181500	126.00
0.181520	126.00
0.181540	126.00
0.181560	125.00
0.181580	124.00
0.181600	123.00
0.181620	122.00
0.181640	123.00
0.181660	123.00
0.181680	124.00
0.181700	124.00
0.181720	124.00
0.181740	125.00
0.181760	126.00
0.181780	127.00
0.181800	127.00
0.181820	127.00
0.181840	126.00
0.181860	126.00
0.181880	125.00
0.181900	124.00
0.181920	124.00
0.181940	125.00
0.181960	127.00
0.181980	128.00
0.182000	127.00
0.182020	125.00
0.182040	124.00
0.182060	124.00
0.182080	125.00
0.182100	126.00
0.182120	126.00
0.182140	126.00
0.182160	125.00
0.182180	125.00
0.182200	125.00
0.182220	125.00
0.182240	125.00
0.182260	126.00
0.182280	126.00
0.182300	126.00
0.182320	125.00
0.182340	125.00
0.182360	124.00
0.182380	124.00
0.182400	125.00
0.182420	125.00
0.182440	125.00
0.182460	125.00
0.182480	125.00
0.182500	125.00
0.182520	125.00
0.182540	124.00
0.182560	124.00
0.182580	124.00
0.182600	124.00
0.182620	123.00
0.182640	123.00
0.182660	124.00
0.182680	125.00
0.182700	126.00
0.182720	126.00
0.182740	126.00
0.182760	126.00
0.182780	126.00
0.182800	125.00
0.182820	124.00
0.182840	124.00
0.182860	124.00
0.182880	125.00
0.182900	125.00
0.182920	125.00
0.182940	125.00
0.182960	125.00
0.182980	125.00
0.183000	126.00
0.183020	126.00
0.183040	126.00
0.183060	126.00
0.183080	125.00
0.183100	125.00
0.183120	126.00
0.183140	127.00
0.183160	128.00
0.183180	127.00
0.183200	127.00
0.183220	126.00
0.183240	126.00
0.183260	126.00
0.183280	125.00
0.183300	125.00
0.183320	125.00
0.183340	125.00
0.183360	126.00
0.183380	127.00
0.183400	127.00
0.183420	127.00
0.183440	126.00
0.183460	125.00
0.183480	125.00
0.183500	125.00
0.183520	125.00
0.183540	124.00
0.183560	124.00
0.183580	123.00
0.183600	123.00
0.183620	124.00
0.183640	125.00
0.183660	124.00
0.183680	124.00
0.183700	124.00
0.183720	125.00
0.183740	126.00
0.183760	127.00
0.183780	127.00
0.183800	126.00
0.183820	124.00
0.183840	123.00
0.183860	124.00
0.183880	124.00
0.183900	124.00
0.183920	125.00
0.183940	125.00
0.183960	126.00
0.183980	126.00
0.184000	126.00
0.184020	127.00
0.184040	127.00
0.184060	127.00
0.184080	127.00
0.184100	126.00
0.184120	126.00
0.184140	126.00
0.184160	126.00
0.184180	125.00
0.184200	125.00
0.184220	124.00
0.184240	124.00
0.184260	125.00
0.184280	126.00
0.184300	126.00
0.184320	126.00
0.184340	125.00
0.184360	124.00
0.184380	124.00
0.184400	123.00
0.184420	123.00
0.184440	123.00
0.184460	123.00
0.184480	124.00
0.184500	124.00
0.184520	125.00
0.184540	126.00
0.184560	126.00
0.184580	125.00
0.184600	124.00
0.184620	124.00
0.184640	125.00
0.184660	126.00
0.184680	127.00
0.184700	126.00
0.184720	125.00
0.184740	124.00
0.184760	125.00
0.184780	126.00
0.184800	126.00
0.184820	126.00
0.184840	125.00
0.184860	125.00
0.184880	125.00
0.184900	126.00
0.184920	126.00
0.184940	127.00
0.184960	127.00
0.184980	127.00
0.185000	127.00
0.185020	126.00
0.185040	126.00
0.185060	126.00
0.185080	127.00
0.185100	128.00
0.185120	127.00
0.185140	126.00
0.185160	125.00
0.185180	125.00
0.185200	126.00
0.185220	126.00
0.185240	125.00
0.185260	124.00
0.185280	124.00
0.185300	123.00
0.185320	123.00
0.185340	123.00
0.185360	123.00
0.185380	123.00
0.185400	123.00
0.185420	123.00
0.185440	124.00
0.185460	124.00
0.185480	124.00
0.185500	125.00
0.185520	125.00
0.185540	126.00
0.185560	126.00
0.185580	126.00
0.185600	126.00
0.185620	126.00
0.185640	126.00
0.185660	126.00
0.185680	126.00
0.185700	126.00
0.185720	126.00
0.185740	126.00
0.185760	125.00
0.185780	125.00
0.185800	125.00
0.185820	126.00
0.185840	126.00
0.185860	126.00
0.185880	127.00
0.185900	127.00
0.185920	127.00
0.185940	127.00
0.185960	126.00
0.185980	125.00
0.186000	125.00
0.186020	126.00
0.186040	126.00
0.186060	126.00
0.186080	125.00
0.186100	125.00
0.186120	125.00
0.186140	125.00
0.186160	125.00
0.186180	126.00
0.186200	126.00
0.186220	126.00
0.186240	125.00
0.186260	124.00
0.186280	122.00
0.186300	121.00
0.186320	122.00
0.186340	124.00
0.186360	125.00
0.186380	124.00
0.186400	122.00
0.186420	121.00
0.186440	121.00
0.186460	123.00
0.186480	126.00
0.186500	129.00
0.186520	131.00
0.186540	131.00
0.186560	127.00
0.186580	122.00
0.186600	117.00
0.186620	115.00
0.186640	118.00
0.186660	125.00
0.186680	133.00
0.186700	139.00
0.186720	142.00
0.186740	143.00
0.186760	140.00
0.186780	135.00
0.186800	127.00
0.186820	118.00
0.186840	110.00
0.186860	107.00
0.186880	108.00
0.186900	115.00
0.186920	128.00
0.186940	144.00
0.186960	157.00
0.186980	162.00
0.187000	155.00
0.187020	133.00
0.187040	104.00
0.187060	76.00
0.187080	59.00
0.187100	60.00
0.187120	82.00
0.187140	119.00
0.187160	160.00
0.187180	191.00
0.187200	201.00
0.187220	188.00
0.187240	155.00
0.187260	114.00
0.187280	78.00
0.187300	58.00
0.187320	61.00
0.187340	85.00
0.187360	120.00
0.187380	156.00
0.187400	179.00
0.187420	182.00
0.187440	167.00
0.187460	140.00
0.187480	111.00
0.187500	88.00
0.187520	78.00
0.187540	83.00
0.187560	100.00
0.187580	123.00
0.187600	143.00
0.187620	155.00
0.187640	157.00
0.187660	150.00
0.187680	138.00
0.187700	124.00
0.187720	113.00
0.187740	108.00
0.187760	108.00
0.187780	115.00
0.187800	125.00
0.187820	133.00
0.187840	138.00
0.187860	137.00
0.187880	132.00
0.187900	125.00
0.187920	118.00
0.187940	113.00
0.187960	113.00
0.187980	117.00
0.188000	126.00
0.188020	135.00
0.188040	142.00
0.188060	144.00
0.188080	141.00
0.188100	133.00
0.188120	122.00
0.188140	112.00
0.188160	106.00
0.188180	107.00
0.188200	114.00
0.188220	125.00
0.188240	135.00
0.188260	141.00
0.188280	140.00
0.188300	135.00
0.188320	126.00
0.188340	117.00
0.188360	112.00
0.188380	111.00
0.188400	116.00
0.188420	123.00
0.188440	130.00
0.188460	135.00
0.188480	136.00
0.188500	133.00
0.188520	127.00
0.188540	123.00
0.188560	120.00
0.188580	120.00
0.188600	122.00
0.188620	125.00
0.188640	127.00
0.188660	127.00
0.188680	125.00
0.188700	123.00
0.188720	123.00
0.188740	126.00
0.188760	130.00
0.188780	133.00
0.188800	134.00
0.188820	130.00
0.188840	124.00
0.188860	117.00
0.188880	113.00
0.188900	114.00
0.188920	120.00
0.188940	127.00
0.188960	134.00
0.188980	138.00
0.189000	138.00
0.189020	134.00
0.189040	127.00
0.189060	118.00
0.189080	111.00
0.189100	109.00
0.189120	112.00
0.189140	119.00
0.189160	128.00
0.189180	134.00
0.189200	136.00
0.189220	135.00
0.189240	130.00
0.189260	125.00
0.189280	119.00
0.189300	116.00
0.189320	116.00
0.189340	119.00
0.189360	124.00
0.189380	128.00
0.189400	130.00
0.189420	129.00
0.189440	128.00
0.189460	127.00
0.189480	127.00
0.189500	126.00
0.189520	126.00
0.189540	125.00
0.189560	125.00
0.189580	124.00
0.189600	124.00
0.189620	124.00
0.189640	126.00
0.189660	128.00
0.189680	130.00
0.189700	130.00
0.189720	129.00
0.189740	127.00
0.189760	125.00
0.189780	123.00
0.189800	121.00
0.189820	120.00
0.189840	121.00
0.189860	124.00
0.189880	127.00
0.189900	130.00
0.189920	131.00
0.189940	131.00
0.189960	129.00
0.189980	127.00
0.190000	123.00
0.190020	120.00
0.190040	119.00
0.190060	120.00
0.190080	123.00
0.190100	126.00
0.190120	129.00
0.190140	131.00
0.190160	132.00
0.190180	130.00
0.190200	127.00
0.190220	122.00
0.190240	119.00
0.190260	118.00
0.190280	119.00
0.190300	121.00
0.190320	124.00
0.190340	128.00
0.190360	131.00
0.190380	131.00
0.190400	130.00
0.190420	126.00
0.190440	122.00
0.190460	119.00
0.190480	119.00
0.190500	121.00
0.190520	125.00
0.190540	129.00
0.190560	132.00
0.190580	133.00
0.190600	130.00
0.190620	125.00
0.190640	120.00
0.190660	117.00
0.190680	116.00
0.190700	119.00
0.190720	125.00
0.190740	131.00
0.190760	137.00
0.190780	138.00
0.190800	136.00
0.190820	131.00
0.190840	124.00
0.190860	119.00
0.190880	116.00
0.190900	117.00
0.190920	119.00
0.190940	124.00
0.190960	128.00
0.190980	130.00
0.191000	130.00
0.191020	129.00
0.191040	128.00
0.191060	128.00
0.191080	127.00
0.191100	126.00
0.191120	124.00
0.191140	122.00
0.191160	122.00
0.191180	122.00
0.191200	122.00
0.191220	122.00
0.191240	122.00
0.191260	124.00
0.191280	126.00
0.191300	129.00
0.191320	131.00
0.191340	130.00
0.191360	128.00
0.191380	126.00
0.191400	124.00
0.191420	124.00
0.191440	124.00
0.191460	123.00
0.191480	122.00
0.191500	122.00
0.191520	123.00
0.191540	124.00
0.191560	126.00
0.191580	127.00
0.191600	129.00
0.191620	131.00
0.191640	132.00
0.191660	131.00
0.191680	129.00
0.191700	125.00
0.191720	122.00
0.191740	120.00
0.191760	119.00
0.191780	120.00
0.191800	121.00
0.191820	125.00
0.191840	129.00
0.191860	133.00
0.191880	135.00
0.191900	135.00
0.191920	131.00
0.191940	126.00
0.191960	121.00
0.191980	116.00
0.192000	114.00
0.192020	114.00
0.192040	118.00
0.192060	124.00
0.192080	129.00
0.192100	133.00
0.192120	135.00
0.192140	133.00
0.192160	130.00
0.192180	124.00
0.192200	119.00
0.192220	114.00
0.192240	113.00
0.192260	116.00
0.192280	120.00
0.192300	125.00
0.192320	129.00
0.192340	131.00
0.192360	131.00
0.192380	131.00
0.192400	130.00
0.192420	128.00
0.192440	127.00
0.192460	125.00
0.192480	124.00
0.192500	123.00
0.192520	122.00
0.192540	122.00
0.192560	122.00
0.192580	123.00
0.192600	124.00
0.192620	126.00
0.192640	127.00
0.192660	129.00
0.192680	130.00
0.192700	131.00
0.192720	131.00
0.192740	129.00
0.192760	126.00
0.192780	123.00
0.192800	122.00
0.192820	121.00
0.192840	123.00
0.192860	125.00
0.192880	126.00
0.192900	127.00
0.192920	127.00
0.192940	127.00
0.192960	126.00
0.192980	126.00
0.193000	125.00
0.193020	124.00
0.193040	124.00
0.193060	125.00
0.193080	125.00
0.193100	125.00
0.193120	125.00
0.193140	125.00
0.193160	126.00
0.193180	126.00
0.193200	126.00
0.193220	125.00
0.193240	125.00
0.193260	125.00
0.193280	124.00
0.193300	124.00
0.193320	125.00
0.193340	126.00
0.193360	127.00
0.193380	127.00
0.193400	127.00
0.193420	126.00
0.193440	126.00
0.193460	125.00
0.193480	124.00
0.193500	123.00
0.193520	122.00
0.193540	123.00
0.193560	124.00
0.193580	126.00
0.193600	127.00
0.193620	127.00
0.193640	127.00
0.193660	126.00
0.193680	126.00
0.193700	126.00
0.193720	127.00
0.193740	128.00
0.193760	128.00
0.193780	128.00
0.193800	127.00
0.193820	126.00
0.193840	126.00
0.193860	126.00
0.193880	126.00
0.193900	126.00
0.193920	124.00
0.193940	123.00
0.193960	123.00
0.193980	123.00
0.194000	124.00
0.194020	126.00
0.194040	127.00
0.194060	128.00
0.194080	128.00
0.194100	127.00
0.194120	125.00
0.194140	122.00
0.194160	121.00
0.194180	121.00
0.194200	121.00
0.194220	122.00
0.194240	123.00
0.194260	125.00
0.194280	125.00
0.194300	126.00
0.194320	125.00
0.194340	124.00
0.194360	124.00
0.194380	124.00
0.194400	124.00
0.194420	125.00
0.194440	127.00
0.194460	127.00
0.194480	127.00
0.194500	126.00
0.194520	125.00
0.194540	124.00
0.194560	124.00
0.194580	125.00
0.194600	127.00
0.194620	129.00
0.194640	130.00
0.194660	130.00
0.194680	128.00
0.194700	126.00
0.194720	124.00
0.194740	123.00
0.194760	123.00
0.194780	124.00
0.194800	126.00
0.194820	128.00
0.194840	130.00
0.194860	129.00
0.194880	128.00
0.194900	126.00
0.194920	125.00
0.194940	124.00
0.194960	123.00
0.194980	122.00
0.195000	121.00
0.195020	122.00
0.195040	124.00
0.195060	127.00
0.195080	130.00
0.195100	130.00
0.195120	128.00
0.195140	126.00
0.195160	124.00
0.195180	122.00
0.195200	120.00
0.195220	120.00
0.195240	121.00
0.195260	123.00
0.195280	125.00
0.195300	127.00
0.195320	127.00
0.195340	126.00
0.195360	125.00
0.195380	125.00
0.195400	125.00
0.195420	125.00
0.195440	125.00
0.195460	125.00
0.195480	126.00
0.195500	126.00
0.195520	127.00
0.195540	127.00
0.195560	128.00
0.195580	128.00
0.195600	126.00
0.195620	125.00
0.195640	123.00
0.195660	123.00
0.195680	123.00
0.195700	124.00
0.195720	125.00
0.195740	126.00
0.195760	127.00
0.195780	127.00
0.195800	127.00
0.195820	126.00
0.195840	125.00
0.195860	124.00
0.195880	123.00
0.195900	122.00
0.195920	122.00
0.195940	123.00
0.195960	125.00
0.195980	126.00
0.196000	126.00
0.196020	126.00
0.196040	127.00
0.196060	127.00
0.196080	126.00
0.196100	124.00
0.196120	121.00
0.196140	119.00
0.196160	120.00
0.196180	121.00
0.196200	124.00
0.196220	125.00
0.196240	126.00
0.196260	127.00
0.196280	128.00
0.196300	128.00
0.196320	127.00
0.196340	125.00
0.196360	125.00
0.196380	124.00
0.196400	125.00
0.196420	125.00
0.196440	125.00
0.196460	125.00
0.196480	125.00
0.196500	125.00
0.196520	126.00
0.196540	126.00
0.196560	128.00
0.196580	129.00
0.196600	130.00
0.196620	130.00
0.196640	129.00
0.196660	127.00
0.196680	125.00
0.196700	123.00
0.196720	122.00
0.196740	123.00
0.196760	123.00
0.196780	124.00
0.196800	125.00
0.196820	126.00
0.196840	127.00
0.196860	128.00
0.196880	128.00
0.196900	128.00
0.196920	127.00
0.196940	126.00
0.196960	126.00
0.196980	125.00
0.197000	125.00
0.197020	124.00
0.197040	124.00
0.197060	125.00
0.197080	125.00
0.197100	126.00
0.197120	126.00
0.197140	126.00
0.197160	126.00
0.197180	126.00
0.197200	125.00
0.197220	125.00
0.197240	124.00
0.197260	124.00
0.197280	124.00
0.197300	125.00
0.197320	126.00
0.197340	126.00
0.197360	126.00
0.197380	125.00
0.197400	125.00
0.197420	125.00
0.197440	125.00
0.197460	126.00
0.197480	126.00
0.197500	127.00
0.197520	128.00
0.197540	128.00
0.197560	128.00
0.197580	127.00
0.197600	126.00
0.197620	126.00
0.197640	126.00
0.197660	126.00
0.197680	126.00
0.197700	125.00
0.197720	125.00
0.197740	125.00
0.197760	126.00
0.197780	125.00
0.197800	124.00
0.197820	123.00
0.197840	123.00
0.197860	124.00
0.197880	125.00
0.197900	124.00
0.197920	122.00
0.197940	120.00
0.197960	121.00
0.197980	122.00
0.198000	123.00
0.198020	124.00
0.198040	124.00
0.198060	125.00
0.198080	126.00
0.198100	127.00
0.198120	128.00
0.198140	128.00
0.198160	127.00
0.198180	127.00
0.198200	126.00
0.198220	124.00
0.198240	124.00
0.198260	124.00
0.198280	124.00
0.198300	125.00
0.198320	125.00
0.198340	126.00
0.198360	127.00
0.198380	127.00
0.198400	127.00
0.198420	126.00
0.198440	125.00
0.198460	125.00
0.198480	125.00
0.198500	125.00
0.198520	124.00
0.198540	125.00
0.198560	126.00
0.198580	127.00
0.198600	128.00
0.198620	128.00
0.198640	127.00
0.198660	126.00
0.198680	126.00
0.198700	126.00
0.198720	126.00
0.198740	126.00
0.198760	125.00
0.198780	125.00
0.198800	125.00
0.198820	125.00
0.198840	125.00
0.198860	124.00
0.198880	124.00
0.198900	125.00
0.198920	125.00
0.198940	125.00
0.198960	125.00
0.198980	125.00
0.199000	124.00
0.199020	124.00
0.199040	125.00
0.199060	125.00
0.199080	126.00
0.199100	126.00
0.199120	126.00
0.199140	126.00
0.199160	125.00
0.199180	125.00
0.199200	125.00
0.199220	125.00
0.199240	126.00
0.199260	126.00
0.199280	125.00
0.199300	125.00
0.199320	124.00
0.199340	123.00
0.199360	123.00
0.199380	125.00
0.199400	126.00
0.199420	127.00
0.199440	128.00
0.199460	128.00
0.199480	127.00
0.199500	126.00
0.199520	125.00
0.199540	124.00
0.199560	123.00
0.199580	124.00
0.199600	125.00
0.199620	126.00
0.199640	128.00
0.199660	129.00
0.199680	129.00
0.199700	128.00
0.199720	127.00
0.199740	125.00
0.199760	123.00
0.199780	120.00
0.199800	119.00
0.199820	119.00
0.199840	120.00
0.199860	122.00
0.199880	124.00
0.199900	125.00
0.199920	125.00
0.199940	125.00
0.199960	125.00
0.199980	125.00
0.200000	125.00
0.200020	124.00
0.200040	124.00
0.200060	124.00
0.200080	124.00
0.200100	125.00
0.200120	125.00
0.200140	125.00
0.200160	125.00
0.200180	124.00
0.200200	125.00
0.200220	125.00
0.200240	125.00
0.200260	125.00
0.200280	125.00
0.200300	125.00
0.200320	125.00
0.200340	125.00
0.200360	125.00
0.200380	126.00
0.200400	127.00
0.200420	128.00
0.200440	128.00
0.200460	127.00
0.200480	126.00
0.200500	125.00
0.200520	124.00
0.200540	123.00
0.200560	123.00
0.200580	123.00
0.200600	125.00
0.200620	126.00
0.200640	126.00
0.200660	126.00
0.200680	126.00
0.200700	126.00
0.200720	125.00
0.200740	124.00
0.200760	123.00
0.200780	122.00
0.200800	123.00
0.200820	124.00
0.200840	125.00
0.200860	126.00
0.200880	126.00
0.200900	127.00
0.200920	127.00
0.200940	127.00
0.200960	127.00
0.200980	127.00
0.201000	128.00
0.201020	129.00
0.201040	128.00
0.201060	126.00
0.201080	124.00
0.201100	124.00
0.201120	125.00
0.201140	126.00
0.201160	127.00
0.201180	127.00
0.201200	126.00
0.201220	126.00
0.201240	125.00
0.201260	125.00
0.201280	124.00
0.201300	125.00
0.201320	126.00
0.201340	127.00
0.201360	128.00
0.201380	127.00
0.201400	127.00
0.201420	126.00
0.201440	126.00
0.201460	125.00
0.201480	125.00
0.201500	125.00
0.201520	125.00
0.201540	124.00
0.201560	124.00
0.201580	124.00
0.201600	125.00
0.201620	125.00
0.201640	125.00
0.201660	125.00
0.201680	124.00
0.201700	124.00
0.201720	124.00
0.201740	124.00
0.201760	123.00
0.201780	123.00
0.201800	124.00
0.201820	124.00
0.201840	125.00
0.201860	125.00
0.201880	125.00
0.201900	125.00
0.201920	125.00
0.201940	126.00
0.201960	125.00
0.201980	125.00
0.202000	125.00
0.202020	125.00
0.202040	125.00
0.202060	125.00
0.202080	125.00
0.202100	126.00
0.202120	127.00
0.202140	127.00
0.202160	126.00
0.202180	125.00
0.202200	123.00
0.202220	123.00
0.202240	124.00
0.202260	125.00
0.202280	126.00
0.202300	125.00
0.202320	126.00
0.202340	128.00
0.202360	129.00
0.202380	130.00
0.202400	129.00
0.202420	127.00
0.202440	126.00
0.202460	125.00
0.202480	125.00
0.202500	124.00
0.202520	124.00
0.202540	125.00
0.202560	126.00
0.202580	126.00
0.202600	126.00
0.202620	125.00
0.202640	124.00
0.202660	124.00
0.202680	123.00
0.202700	123.00
0.202720	122.00
0.202740	122.00
0.202760	122.00
0.202780	123.00
0.202800	123.00
0.202820	123.00
0.202840	123.00
0.202860	124.00
0.202880	125.00
0.202900	126.00
0.202920	126.00
0.202940	126.00
0.202960	125.00
0.202980	124.00
0.203000	124.00
0.203020	125.00
0.203040	125.00
0.203060	125.00
0.203080	125.00
0.203100	124.00
0.203120	124.00
0.203140	124.00
0.203160	124.00
0.203180	124.00
0.203200	124.00
0.203220	124.00
0.203240	125.00
0.203260	125.00
0.203280	126.00
0.203300	126.00
0.203320	126.00
0.203340	126.00
0.203360	125.00
0.203380	125.00
0.203400	125.00
0.203420	125.00
0.203440	125.00
0.203460	125.00
0.203480	125.00
0.203500	126.00
0.203520	126.00
0.203540	126.00
0.203560	126.00
0.203580	126.00
0.203600	125.00
0.203620	125.00
0.203640	125.00
0.203660	125.00
0.203680	125.00
0.203700	124.00
0.203720	124.00
0.203740	124.00
0.203760	124.00
0.203780	125.00
0.203800	125.00
0.203820	126.00
0.203840	126.00
0.203860	125.00
0.203880	125.00
0.203900	124.00
0.203920	124.00
0.203940	126.00
0.203960	127.00
0.203980	128.00
0.204000	128.00
0.204020	127.00
0.204040	127.00
0.204060	126.00
0.204080	126.00
0.204100	126.00
0.204120	127.00
0.204140	127.00
0.204160	127.00
0.204180	127.00
0.204200	126.00
0.204220	126.00
0.204240	126.00
0.204260	126.00
0.204280	126.00
0.204300	125.00
0.204320	125.00
0.204340	124.00
0.204360	125.00
0.204380	125.00
0.204400	125.00
0.204420	126.00
0.204440	126.00
0.204460	126.00
0.204480	126.00
0.204500	125.00
0.204520	125.00
0.204540	124.00
0.204560	124.00
0.204580	125.00
0.204600	126.00
0.204620	126.00
0.204640	125.00
0.204660	124.00
0.204680	123.00
0.204700	123.00
0.204720	123.00
0.204740	123.00
0.204760	123.00
0.204780	122.00
0.204800	123.00
0.204820	123.00
0.204840	125.00
0.204860	126.00
0.204880	127.00
0.204900	127.00
0.204920	127.00
0.204940	127.00
0.204960	126.00
0.204980	126.00
0.205000	125.00
0.205020	124.00
0.205040	124.00
0.205060	124.00
0.205080	125.00
0.205100	125.00
0.205120	126.00
0.205140	126.00
0.205160	127.00
0.205180	128.00
0.205200	128.00
0.205220	127.00
0.205240	127.00
0.205260	126.00
0.205280	126.00
0.205300	125.00
0.205320	124.00
0.205340	124.00
0.205360	125.00
0.205380	126.00
0.205400	126.00
0.205420	126.00
0.205440	126.00
0.205460	125.00
0.205480	125.00
0.205500	124.00
0.205520	124.00
0.205540	123.00
0.205560	122.00
0.205580	122.00
0.205600	124.00
0.205620	125.00
0.205640	125.00
0.205660	125.00
0.205680	124.00
0.205700	125.00
0.205720	125.00
0.205740	125.00
0.205760	124.00
0.205780	124.00
0.205800	124.00
0.205820	125.00
0.205840	127.00
0.205860	128.00
0.205880	128.00
0.205900	127.00
0.205920	126.00
0.205940	125.00
0.205960	125.00
0.205980	125.00
0.206000	124.00
0.206020	124.00
0.206040	125.00
0.206060	125.00
0.206080	126.00
0.206100	127.00
0.206120	126.00
0.206140	126.00
0.206160	125.00
0.206180	125.00
0.206200	125.00
0.206220	126.00
0.206240	126.00
0.206260	125.00
0.206280	125.00
0.206300	125.00
0.206320	125.00
0.206340	125.00
0.206360	125.00
0.206380	124.00
0.206400	124.00
0.206420	124.00
0.206440	125.00
0.206460	127.00
0.206480	127.00
0.206500	127.00
0.206520	126.00
0.206540	126.00
0.206560	125.00
0.206580	125.00
0.206600	125.00
0.206620	125.00
0.206640	125.00
0.206660	125.00
0.206680	124.00
0.206700	124.00
0.206720	123.00
0.206740	124.00
0.206760	125.00
0.206780	125.00
0.206800	126.00
0.206820	126.00
0.206840	126.00
0.206860	127.00
0.206880	127.00
0.206900	126.00
0.206920	126.00
0.206940	126.00
0.206960	126.00
0.206980	126.00
0.207000	126.00
0.207020	125.00
0.207040	124.00
0.207060	124.00
0.207080	124.00
0.207100	125.00
0.207120	125.00
0.207140	126.00
0.207160	126.00
0.207180	127.00
0.207200	126.00
0.207220	126.00
0.207240	126.00
0.207260	127.00
0.207280	128.00
0.207300	128.00
0.207320	128.00
0.207340	126.00
0.207360	125.00
0.207380	125.00
0.207400	126.00
0.207420	126.00
0.207440	125.00
0.207460	125.00
0.207480	125.00
0.207500	125.00
0.207520	126.00
0.207540	126.00
0.207560	125.00
0.207580	124.00
0.207600	124.00
0.207620	124.00
0.207640	123.00
0.207660	123.00
0.207680	123.00
0.207700	124.00
0.207720	125.00
0.207740	126.00
0.207760	126.00
0.207780	125.00
0.207800	125.00
0.207820	124.00
0.207840	125.00
0.207860	125.00
0.207880	125.00
0.207900	125.00
0.207920	124.00
0.207940	125.00
0.207960	125.00
0.207980	126.00
0.208000	127.00
0.208020	127.00
0.208040	127.00
0.208060	126.00
0.208080	125.00
0.208100	125.00
0.208120	125.00
0.208140	126.00
0.208160	127.00
0.208180	127.00
0.208200	127.00
0.208220	127.00
0.208240	127.00
0.208260	127.00
0.208280	126.00
0.208300	125.00
0.208320	125.00
0.208340	125.00
0.208360	125.00
0.208380	126.00
0.208400	127.00
0.208420	127.00
0.208440	127.00
0.208460	126.00
0.208480	126.00
0.208500	126.00
0.208520	126.00
0.208540	126.00
0.208560	126.00
0.208580	125.00
0.208600	125.00
0.208620	124.00
0.208640	124.00
0.208660	124.00
0.208680	124.00
0.208700	123.00
0.208720	124.00
0.208740	125.00
0.208760	126.00
0.208780	127.00
0.208800	127.00
0.208820	126.00
0.208840	125.00
0.208860	124.00
0.208880	124.00
0.208900	124.00
0.208920	124.00
0.208940	124.00
0.208960	124.00
0.208980	124.00
0.209000	125.00
0.209020	125.00
0.209040	125.00
0.209060	125.00
0.209080	125.00
0.209100	125.00
0.209120	125.00
0.209140	125.00
0.209160	125.00
0.209180	125.00
0.209200	125.00
0.209220	125.00
0.209240	125.00
0.209260	126.00
0.209280	127.00
0.209300	127.00
0.209320	126.00
0.209340	125.00
0.209360	124.00
0.209380	124.00
0.209400	124.00
0.209420	125.00
0.209440	125.00
0.209460	125.00
0.209480	124.00
0.209500	124.00
0.209520	123.00
0.209540	123.00
0.209560	123.00
0.209580	123.00
0.209600	124.00
0.209620	124.00
0.209640	125.00
0.209660	125.00
0.209680	125.00
0.209700	125.00
0.209720	124.00
0.209740	124.00
0.209760	124.00
0.209780	125.00
0.209800	126.00
0.209820	126.00
0.209840	126.00
0.209860	125.00
0.209880	125.00
0.209900	125.00
0.209920	126.00
0.209940	127.00
0.209960	128.00
0.209980	127.00
0.210000	127.00
0.210020	127.00
0.210040	127.00
0.210060	127.00
0.210080	127.00
0.210100	127.00
0.210120	127.00
0.210140	127.00
0.210160	128.00
0.210180	128.00
0.210200	127.00
0.210220	126.00
0.210240	126.00
0.210260	125.00
0.210280	125.00
0.210300	126.00
0.210320	126.00
0.210340	126.00
0.210360	125.00
0.210380	125.00
0.210400	124.00
0.210420	124.00
0.210440	124.00
0.210460	124.00
0.210480	125.00
0.210500	124.00
0.210520	123.00
0.210540	123.00
0.210560	123.00
0.210580	124.00
0.210600	124.00
0.210620	124.00
0.210640	124.00
0.210660	123.00
0.210680	124.00
0.210700	124.00
0.210720	125.00
0.210740	125.00
0.210760	125.00
0.210780	125.00
0.210800	125.00
0.210820	125.00
0.210840	125.00
0.210860	125.00
0.210880	125.00
0.210900	124.00
0.210920	124.00
0.210940	125.00
0.210960	126.00
0.210980	128.00
0.211000	129.00
0.211020	129.00
0.211040	128.00
0.211060	128.00
0.211080	128.00
0.211100	128.00
0.211120	127.00
0.211140	126.00
0.211160	124.00
0.211180	123.00
0.211200	123.00
0.211220	124.00
0.211240	124.00
0.211260	125.00
0.211280	124.00
0.211300	124.00
0.211320	124.00
0.211340	124.00
0.211360	125.00
0.211380	125.00
0.211400	125.00
0.211420	125.00
0.211440	125.00
0.211460	125.00
0.211480	125.00
0.211500	124.00
0.211520	124.00
0.211540	123.00
0.211560	124.00
0.211580	126.00
0.211600	127.00
0.211620	128.00
0.211640	127.00
0.211660	127.00
0.211680	126.00
0.211700	126.00
0.211720	125.00
0.211740	124.00
0.211760	123.00
0.211780	123.00
0.211800	123.00
0.211820	124.00
0.211840	125.00
0.211860	125.00
0.211880	126.00
0.211900	126.00
0.211920	125.00
0.211940	125.00
0.211960	125.00
0.211980	126.00
0.212000	126.00
0.212020	126.00
0.212040	125.00
0.212060	124.00
0.212080	124.00
0.212100	124.00
0.212120	125.00
0.212140	125.00
0.212160	125.00
0.212180	126.00
0.212200	126.00
0.212220	126.00
0.212240	126.00
0.212260	126.00
0.212280	125.00
0.212300	124.00
0.212320	124.00
0.212340	123.00
0.212360	123.00
0.212380	123.00
0.212400	124.00
0.212420	124.00
0.212440	125.00
0.212460	125.00
0.212480	125.00
0.212500	125.00
0.212520	125.00
0.212540	125.00
0.212560	125.00
0.212580	125.00
0.212600	126.00
0.212620	127.00
0.212640	127.00
0.212660	128.00
0.212680	127.00
0.212700	126.00
0.212720	126.00
0.212740	126.00
0.212760	126.00
0.212780	126.00
0.212800	125.00
0.212820	125.00
0.212840	125.00
0.212860	125.00
0.212880	125.00
0.212900	125.00
0.212920	125.00
0.212940	126.00
0.212960	127.00
0.212980	127.00
0.213000	126.00
0.213020	124.00
0.213040	124.00
0.213060	124.00
0.213080	125.00
0.213100	126.00
0.213120	126.00
0.213140	125.00
0.213160	125.00
0.213180	125.00
0.213200	125.00
0.213220	125.00
0.213240	124.00
0.213260	124.00
0.213280	124.00
0.213300	125.00
0.213320	125.00
0.213340	124.00
0.213360	124.00
0.213380	124.00
0.213400	125.00
0.213420	126.00
0.213440	126.00
0.213460	126.00
0.213480	126.00
0.213500	126.00
0.213520	125.00
0.213540	125.00
0.213560	125.00
0.213580	127.00
0.213600	128.00
0.213620	128.00
0.213640	127.00
0.213660	126.00
0.213680	125.00
0.213700	125.00
0.213720	125.00
0.213740	125.00
0.213760	125.00
0.213780	125.00
0.213800	125.00
0.213820	126.00
0.213840	126.00
0.213860	125.00
0.213880	125.00
0.213900	126.00
0.213920	127.00
0.213940	127.00
0.213960	127.00
0.213980	126.00
0.214000	125.00
0.214020	125.00
0.214040	126.00
0.214060	126.00
0.214080	126.00
0.214100	125.00
0.214120	125.00
0.214140	125.00
0.214160	124.00
0.214180	124.00
0.214200	123.00
0.214220	123.00
0.214240	123.00
0.214260	124.00
0.214280	125.00
0.214300	125.00
0.214320	126.00
0.214340	125.00
0.214360	125.00
0.214380	124.00
0.214400	124.00
0.214420	124.00
0.214440	124.00
0.214460	125.00
0.214480	125.00
0.214500	126.00
0.214520	126.00
0.214540	126.00
0.214560	125.00
0.214580	126.00
0.214600	126.00
0.214620	126.00
0.214640	126.00
0.214660	125.00
0.214680	124.00
0.214700	124.00
0.214720	124.00
0.214740	124.00
0.214760	125.00
0.214780	125.00
0.214800	125.00
0.214820	125.00
0.214840	125.00
0.214860	125.00
0.214880	125.00
0.214900	125.00
0.214920	125.00
0.214940	126.00
0.214960	126.00
0.214980	126.00
0.215000	126.00
0.215020	126.00
0.215040	126.00
0.215060	125.00
0.215080	125.00
0.215100	125.00
0.215120	125.00
0.215140	125.00
0.215160	125.00
0.215180	124.00
0.215200	123.00
0.215220	123.00
0.215240	124.00
0.215260	125.00
0.215280	125.00
0.215300	124.00
0.215320	124.00
0.215340	124.00
0.215360	124.00
0.215380	124.00
0.215400	124.00
0.215420	123.00
0.215440	124.00
0.215460	125.00
0.215480	127.00
0.215500	128.00
0.215520	127.00
0.215540	127.00
0.215560	126.00
0.215580	125.00
0.215600	125.00
0.215620	124.00
0.215640	124.00
0.215660	125.00
0.215680	125.00
0.215700	126.00
0.215720	126.00
0.215740	125.00
0.215760	125.00
0.215780	125.00
0.215800	125.00
0.215820	126.00
0.215840	126.00
0.215860	126.00
0.215880	125.00
0.215900	125.00
0.215920	125.00
0.215940	125.00
0.215960	126.00
0.215980	126.00
0.216000	126.00
0.216020	126.00
0.216040	126.00
0.216060	126.00
0.216080	126.00
0.216100	125.00
0.216120	125.00
0.216140	124.00
0.216160	124.00
0.216180	124.00
0.216200	125.00
0.216220	125.00
0.216240	125.00
0.216260	125.00
0.216280	125.00
0.216300	124.00
0.216320	123.00
0.216340	122.00
0.216360	122.00
0.216380	123.00
0.216400	125.00
0.216420	126.00
0.216440	126.00
0.216460	126.00
0.216480	126.00
0.216500	125.00
0.216520	126.00
0.216540	126.00
0.216560	126.00
0.216580	126.00
0.216600	126.00
0.216620	125.00
0.216640	125.00
0.216660	125.00
0.216680	126.00
0.216700	127.00
0.216720	127.00
0.216740	126.00
0.216760	126.00
0.216780	126.00
0.216800	126.00
0.216820	126.00
0.216840	126.00
0.216860	125.00
0.216880	125.00
0.216900	126.00
0.216920	127.00
0.216940	128.00
0.216960	127.00
0.216980	126.00
0.217000	125.00
0.217020	125.00
0.217040	125.00
0.217060	125.00
0.217080	125.00
0.217100	125.00
0.217120	126.00
0.217140	127.00
0.217160	127.00
0.217180	126.00
0.217200	124.00
0.217220	124.00
0.217240	124.00
0.217260	124.00
0.217280	124.00
0.217300	124.00
0.217320	124.00
0.217340	125.00
0.217360	125.00
0.217380	125.00
0.217400	124.00
0.217420	124.00
0.217440	124.00
0.217460	125.00
0.217480	126.00
0.217500	125.00
0.217520	124.00
0.217540	123.00
0.217560	123.00
0.217580	124.00
0.217600	125.00
0.217620	125.00
0.217640	125.00
0.217660	125.00
0.217680	125.00
0.217700	125.00
0.217720	125.00
0.217740	125.00
0.217760	124.00
0.217780	124.00
0.217800	125.00
0.217820	126.00
0.217840	126.00
0.217860	126.00
0.217880	125.00
0.217900	125.00
0.217920	125.00
0.217940	125.00
0.217960	124.00
0.217980	124.00
0.218000	124.00
0.218020	125.00
0.218040	126.00
0.218060	126.00
0.218080	124.00
0.218100	122.00
0.218120	123.00
0.218140	124.00
0.218160	126.00
0.218180	126.00
0.218200	126.00
0.218220	125.00
0.218240	125.00
0.218260	126.00
0.218280	125.00
0.218300	124.00
0.218320	124.00
0.218340	124.00
0.218360	125.00
0.218380	126.00
0.218400	125.00
0.218420	125.00
0.218440	125.00
0.218460	126.00
0.218480	127.00
0.218500	126.00
0.218520	125.00
0.218540	124.00
0.218560	125.00
0.218580	127.00
0.218600	127.00
0.218620	127.00
0.218640	127.00
0.218660	126.00
0.218680	127.00
0.218700	127.00
0.218720	127.00
0.218740	127.00
0.218760	127.00
0.218780	127.00
0.218800	127.00
0.218820	126.00
0.218840	125.00
0.218860	123.00
0.218880	122.00
0.218900	123.00
0.218920	124.00
0.218940	125.00
0.218960	126.00
0.218980	126.00
0.219000	125.00
0.219020	125.00
0.219040	125.00
0.219060	125.00
0.219080	125.00
0.219100	125.00
0.219120	124.00
0.219140	123.00
0.219160	123.00
0.219180	124.00
0.219200	125.00
0.219220	125.00
0.219240	124.00
0.219260	123.00
0.219280	123.00
0.219300	124.00
0.219320	126.00
0.219340	127.00
0.219360	127.00
0.219380	126.00
0.219400	125.00
0.219420	125.00
0.219440	126.00
0.219460	126.00
0.219480	126.00
0.219500	126.00
0.219520	125.00
0.219540	124.00
0.219560	124.00
0.219580	124.00
0.219600	126.00
0.219620	127.00
0.219640	128.00
0.219660	128.00
0.219680	128.00
0.219700	128.00
0.219720	128.00
0.219740	128.00
0.219760	127.00
0.219780	125.00
0.219800	124.00
0.219820	124.00
0.219840	125.00
0.219860	126.00
0.219880	126.00
0.219900	126.00
0.219920	126.00
0.219940	126.00
0.219960	126.00
0.219980	125.00
0.220000	125.00
0.220020	124.00
0.220040	123.00
0.220060	123.00
0.220080	123.00
0.220100	123.00
0.220120	123.00
0.220140	123.00
0.220160	124.00
0.220180	124.00
0.220200	124.00
0.220220	123.00
0.220240	123.00
0.220260	123.00
0.220280	124.00
0.220300	125.00
0.220320	126.00
0.220340	126.00
0.220360	126.00
0.220380	126.00
0.220400	126.00
0.220420	126.00
0.220440	125.00
0.220460	124.00
0.220480	124.00
0.220500	124.00
0.220520	125.00
0.220540	125.00
0.220560	125.00
0.220580	126.00
0.220600	126.00
0.220620	127.00
0.220640	127.00
0.220660	127.00
0.220680	127.00
0.220700	127.00
0.220720	126.00
0.220740	126.00
0.220760	126.00
0.220780	125.00
0.220800	125.00
0.220820	124.00
0.220840	123.00
0.220860	123.00
0.220880	123.00
0.220900	123.00
0.220920	125.00
0.220940	126.00
0.220960	127.00
0.220980	127.00
0.221000	127.00
0.221020	126.00
0.221040	125.00
0.221060	124.00
0.221080	123.00
0.221100	123.00
0.221120	123.00
0.221140	122.00
0.221160	123.00
0.221180	124.00
0.221200	125.00
0.221220	127.00
0.221240	127.00
0.221260	128.00
0.221280	128.00
0.221300	128.00
0.221320	128.00
0.221340	127.00
0.221360	126.00
0.221380	124.00
0.221400	123.00
0.221420	123.00
0.221440	124.00
0.221460	124.00
0.221480	124.00
0.221500	125.00
0.221520	126.00
0.221540	127.00
0.221560	128.00
0.221580	127.00
0.221600	127.00
0.221620	126.00
0.221640	126.00
0.221660	125.00
0.221680	125.00
0.221700	125.00
0.221720	125.00
0.221740	125.00
0.221760	124.00
0.221780	124.00
0.221800	124.00
0.221820	124.00
0.221840	124.00
0.221860	124.00
0.221880	124.00
0.221900	124.00
0.221920	124.00
0.221940	124.00
0.221960	123.00
0.221980	123.00
0.222000	123.00
0.222020	123.00
0.222040	123.00
0.222060	123.00
0.222080	123.00
0.222100	124.00
0.222120	124.00
0.222140	124.00
0.222160	124.00
0.222180	123.00
0.222200	123.00
0.222220	124.00
0.222240	125.00
0.222260	126.00
0.222280	127.00
0.222300	127.00
0.222320	126.00
0.222340	126.00
0.222360	125.00
0.222380	124.00
0.222400	124.00
0.222420	125.00
0.222440	126.00
0.222460	126.00
0.222480	126.00
0.222500	126.00
0.222520	125.00
0.222540	125.00
0.222560	125.00
0.222580	126.00
0.222600	126.00
0.222620	126.00
0.222640	125.00
0.222660	125.00
0.222680	125.00
0.222700	126.00
0.222720	126.00
0.222740	126.00
0.222760	126.00
0.222780	127.00
0.222800	127.00
0.222820	127.00
0.222840	126.00
0.222860	125.00
0.222880	124.00
0.222900	123.00
0.222920	124.00
0.222940	125.00
0.222960	125.00
0.222980	125.00
0.223000	125.00
0.223020	124.00
0.223040	124.00
0.223060	124.00
0.223080	124.00
0.223100	124.00
0.223120	124.00
0.223140	124.00
0.223160	125.00
0.223180	125.00
0.223200	125.00
0.223220	126.00
0.223240	127.00
0.223260	127.00
0.223280	128.00
0.223300	127.00
0.223320	126.00
0.223340	125.00
0.223360	124.00
0.223380	124.00
0.223400	124.00
0.223420	125.00
0.223440	126.00
0.223460	126.00
0.223480	125.00
0.223500	125.00
0.223520	124.00
0.223540	125.00
0.223560	126.00
0.223580	126.00
0.223600	126.00
0.223620	125.00
0.223640	124.00
0.223660	125.00
0.223680	125.00
0.223700	126.00
0.223720	126.00
0.223740	126.00
0.223760	125.00
0.223780	125.00
0.223800	124.00
0.223820	124.00
0.223840	124.00
0.223860	125.00
0.223880	125.00
0.223900	126.00
0.223920	127.00
0.223940	126.00
0.223960	125.00
0.223980	125.00
0.224000	124.00
0.224020	124.00
0.224040	124.00
0.224060	124.00
0.224080	125.00
0.224100	126.00
0.224120	127.00
0.224140	127.00
0.224160	127.00
0.224180	126.00
0.224200	125.00
0.224220	126.00
0.224240	126.00
0.224260	127.00
0.224280	127.00
0.224300	127.00
0.224320	127.00
0.224340	126.00
0.224360	125.00
0.224380	125.00
0.224400	125.00
0.224420	126.00
0.224440	126.00
0.224460	126.00
0.224480	126.00
0.224500	125.00
0.224520	125.00
0.224540	125.00
0.224560	124.00
0.224580	125.00
0.224600	125.00
0.224620	126.00
0.224640	127.00
0.224660	126.00
0.224680	125.00
0.224700	124.00
0.224720	124.00
0.224740	125.00
0.224760	126.00
0.224780	126.00
0.224800	125.00
0.224820	124.00
0.224840	123.00
0.224860	123.00
0.224880	123.00
0.224900	124.00
0.224920	124.00
0.224940	125.00
0.224960	125.00
0.224980	125.00
0.225000	125.00
0.225020	124.00
0.225040	124.00
0.225060	123.00
0.225080	123.00
0.225100	124.00
0.225120	124.00
0.225140	125.00
0.225160	126.00
0.225180	126.00
0.225200	127.00
0.225220	127.00
0.225240	127.00
0.225260	127.00
0.225280	127.00
0.225300	127.00
0.225320	127.00
0.225340	127.00
0.225360	127.00
0.225380	126.00
0.225400	126.00
0.225420	126.00
0.225440	126.00
0.225460	126.00
0.225480	125.00
0.225500	126.00
0.225520	127.00
0.225540	128.00
0.225560	128.00
0.225580	127.00
0.225600	126.00
0.225620	125.00
0.225640	125.00
0.225660	125.00
0.225680	125.00
0.225700	125.00
0.225720	126.00
0.225740	126.00
0.225760	125.00
0.225780	123.00
0.225800	122.00
0.225820	123.00
0.225840	124.00
0.225860	125.00
0.225880	124.00
0.225900	122.00
0.225920	121.00
0.225940	122.00
0.225960	123.00
0.225980	123.00
0.226000	123.00
0.226020	123.00
0.226040	124.00
0.226060	125.00
0.226080	126.00
0.226100	126.00
0.226120	126.00
0.226140	127.00
0.226160	128.00
0.226180	128.00
0.226200	127.00
0.226220	125.00
0.226240	124.00
0.226260	124.00
0.226280	124.00
0.226300	124.00
0.226320	124.00
0.226340	125.00
0.226360	125.00
0.226380	126.00
0.226400	127.00
0.226420	126.00
0.226440	126.00
0.226460	125.00
0.226480	125.00
0.226500	125.00
0.226520	124.00
0.226540	124.00
0.226560	124.00
0.226580	125.00
0.226600	125.00
0.226620	125.00
0.226640	125.00
0.226660	124.00
0.226680	123.00
0.226700	123.00
0.226720	123.00
0.226740	123.00
0.226760	124.00
0.226780	124.00
0.226800	125.00
0.226820	126.00
0.226840	127.00
0.226860	126.00
0.226880	125.00
0.226900	124.00
0.226920	123.00
0.226940	123.00
0.226960	123.00
0.226980	123.00
0.227000	123.00
0.227020	123.00
0.227040	124.00
0.227060	125.00
0.227080	126.00
0.227100	127.00
0.227120	128.00
0.227140	127.00
0.227160	126.00
0.227180	126.00
0.227200	125.00
0.227220	126.00
0.227240	127.00
0.227260	127.00
0.227280	127.00
0.227300	125.00
0.227320	125.00
0.227340	124.00
0.227360	125.00
0.227380	125.00
0.227400	125.00
0.227420	124.00
0.227440	124.00
0.227460	125.00
0.227480	126.00
0.227500	127.00
0.227520	126.00
0.227540	126.00
0.227560	126.00
0.227580	126.00
0.227600	125.00
0.227620	125.00
0.227640	124.00
0.227660	123.00
0.227680	123.00
0.227700	124.00
0.227720	124.00
0.227740	124.00
0.227760	124.00
0.227780	124.00
0.227800	124.00
0.227820	124.00
0.227840	124.00
0.227860	123.00
0.227880	124.00
0.227900	124.00
0.227920	125.00
0.227940	125.00
0.227960	125.00
0.227980	125.00
0.228000	124.00
0.228020	124.00
0.228040	124.00
0.228060	125.00
0.228080	126.00
0.228100	126.00
0.228120	126.00
0.228140	126.00
0.228160	125.00
0.228180	125.00
0.228200	125.00
0.228220	126.00
0.228240	126.00
0.228260	127.00
0.228280	128.00
0.228300	129.00
0.228320	128.00
0.228340	127.00
0.228360	127.00
0.228380	127.00
0.228400	127.00
0.228420	127.00
0.228440	127.00
0.228460	127.00
0.228480	127.00
0.228500	127.00
0.228520	126.00
0.228540	126.00
0.228560	126.00
0.228580	126.00
0.228600	125.00
0.228620	124.00
0.228640	124.00
0.228660	124.00
0.228680	124.00
0.228700	124.00
0.228720	124.00
0.228740	123.00
0.228760	123.00
0.228780	124.00
0.228800	124.00
0.228820	124.00
0.228840	124.00
0.228860	123.00
0.228880	123.00
0.228900	123.00
0.228920	123.00
0.228940	124.00
0.228960	125.00
0.228980	126.00
