0.173000	101.00
0.173020	49.00
0.173040	101.00
0.173060	140.00
0.173080	143.00
0.173100	124.00
0.173120	111.00
0.173140	116.00
0.173160	128.00
0.173180	132.00
0.173200	125.00
0.173220	120.00
0.173240	123.00
0.173260	129.00
0.173280	130.00
0.173300	124.00
0.173320	120.00
0.173340	122.00
0.173360	127.00
0.173380	127.00
0.173400	123.00
0.173420	119.00
0.173440	122.00
0.173460	127.00
0.173480	129.00
0.173500	126.00
0.173520	123.00
0.173540	124.00
0.173560	128.00
0.173580	129.00
0.173600	127.00
0.173620	124.00
0.173640	125.00
0.173660	128.00
0.173680	129.00
0.173700	128.00
0.173720	126.00
0.173740	127.00
0.173760	128.00
0.173780	129.00
0.173800	127.00
0.173820	125.00
0.173840	126.00
0.173860	127.00
0.173880	127.00
0.173900	124.00
0.173920	122.00
0.173940	123.00
0.173960	126.00
0.173980	127.00
0.174000	126.00
0.174020	125.00
0.174040	125.00
0.174060	126.00
0.174080	126.00
0.174100	125.00
0.174120	124.00
0.174140	125.00
0.174160	126.00
0.174180	127.00
0.174200	125.00
0.174220	124.00
0.174240	124.00
0.174260	124.00
0.174280	124.00
0.174300	123.00
0.174320	123.00
0.174340	124.00
0.174360	125.00
0.174380	125.00
0.174400	124.00
0.174420	124.00
0.174440	126.00
0.174460	127.00
0.174480	128.00
0.174500	126.00
0.174520	125.00
0.174540	126.00
0.174560	126.00
0.174580	126.00
0.174600	124.00
0.174620	124.00
0.174640	124.00
0.174660	126.00
0.174680	126.00
0.174700	125.00
0.174720	124.00
0.174740	124.00
0.174760	126.00
0.174780	126.00
0.174800	126.00
0.174820	126.00
0.174840	126.00
0.174860	128.00
0.174880	127.00
0.174900	126.00
0.174920	124.00
0.174940	125.00
0.174960	127.00
0.174980	128.00
0.175000	127.00
0.175020	125.00
0.175040	125.00
0.175060	126.00
0.175080	126.00
0.175100	126.00
0.175120	125.00
0.175140	126.00
0.175160	126.00
0.175180	126.00
0.175200	124.00
0.175220	124.00
0.175240	124.00
0.175260	125.00
0.175280	125.00
0.175300	124.00
0.175320	122.00
0.175340	122.00
0.175360	124.00
0.175380	125.00
0.175400	125.00
0.175420	125.00
0.175440	126.00
0.175460	127.00
0.175480	128.00
0.175500	127.00
0.175520	126.00
0.175540	126.00
0.175560	126.00
0.175580	125.00
0.175600	124.00
0.175620	123.00
0.175640	123.00
0.175660	124.00
0.175680	125.00
0.175700	125.00
0.175720	124.00
0.175740	125.00
0.175760	126.00
0.175780	126.00
0.175800	125.00
0.175820	124.00
0.175840	125.00
0.175860	126.00
0.175880	127.00
0.175900	127.00
0.175920	127.00
0.175940	127.00
0.175960	128.00
0.175980	127.00
0.176000	125.00
0.176020	123.00
0.176040	123.00
0.176060	124.00
0.176080	125.00
0.176100	124.00
0.176120	123.00
0.176140	122.00
0.176160	123.00
0.176180	124.00
0.176200	125.00
0.176220	126.00
0.176240	126.00
0.176260	126.00
0.176280	126.00
0.176300	126.00
0.176320	126.00
0.176340	126.00
0.176360	127.00
0.176380	127.00
0.176400	126.00
0.176420	127.00
0.176440	127.00
0.176460	127.00
0.176480	127.00
0.176500	127.00
0.176520	127.00
0.176540	127.00
0.176560	127.00
0.176580	126.00
0.176600	125.00
0.176620	125.00
0.176640	127.00
0.176660	127.00
0.176680	126.00
0.176700	124.00
0.176720	123.00
0.176740	124.00
0.176760	125.00
0.176780	126.00
0.176800	125.00
0.176820	125.00
0.176840	126.00
0.176860	127.00
0.176880	127.00
0.176900	127.00
0.176920	126.00
0.176940	125.00
0.176960	125.00
0.176980	125.00
0.177000	124.00
0.177020	124.00
0.177040	124.00
0.177060	124.00
0.177080	124.00
0.177100	122.00
0.177120	121.00
0.177140	122.00
0.177160	124.00
0.177180	125.00
0.177200	124.00
0.177220	123.00
0.177240	123.00
0.177260	124.00
0.177280	124.00
0.177300	124.00
0.177320	124.00
0.177340	125.00
0.177360	126.00
0.177380	127.00
0.177400	127.00
0.177420	126.00
0.177440	125.00
0.177460	125.00
0.177480	125.00
0.177500	125.00
0.177520	125.00
0.177540	126.00
0.177560	127.00
0.177580	128.00
0.177600	128.00
0.177620	127.00
0.177640	127.00
0.177660	127.00
0.177680	127.00
0.177700	127.00
0.177720	127.00
0.177740	127.00
0.177760	128.00
0.177780	127.00
0.177800	126.00
0.177820	125.00
0.177840	125.00
0.177860	126.00
0.177880	127.00
0.177900	127.00
0.177920	125.00
0.177940	123.00
0.177960	123.00
0.177980	124.00
0.178000	125.00
0.178020	126.00
0.178040	126.00
0.178060	126.00
0.178080	125.00
0.178100	123.00
0.178120	122.00
0.178140	123.00
0.178160	124.00
0.178180	125.00
0.178200	125.00
0.178220	125.00
0.178240	124.00
0.178260	125.00
0.178280	126.00
0.178300	126.00
0.178320	126.00
0.178340	125.00
0.178360	125.00
0.178380	126.00
0.178400	126.00
0.178420	126.00
0.178440	126.00
0.178460	126.00
0.178480	127.00
0.178500	126.00
0.178520	126.00
0.178540	125.00
0.178560	124.00
0.178580	125.00
0.178600	126.00
0.178620	127.00
0.178640	128.00
0.178660	127.00
0.178680	126.00
0.178700	125.00
0.178720	125.00
0.178740	126.00
0.178760	127.00
0.178780	128.00
0.178800	127.00
0.178820	126.00
0.178840	125.00
0.178860	126.00
0.178880	126.00
0.178900	126.00
0.178920	125.00
0.178940	125.00
0.178960	126.00
0.178980	126.00
0.179000	125.00
0.179020	124.00
0.179040	124.00
0.179060	125.00
0.179080	126.00
0.179100	126.00
0.179120	125.00
0.179140	124.00
0.179160	123.00
0.179180	123.00
0.179200	123.00
0.179220	124.00
0.179240	125.00
0.179260	125.00
0.179280	126.00
0.179300	127.00
0.179320	127.00
0.179340	126.00
0.179360	126.00
0.179380	125.00
0.179400	125.00
0.179420	125.00
0.179440	125.00
0.179460	125.00
0.179480	124.00
0.179500	124.00
0.179520	124.00
0.179540	125.00
0.179560	126.00
0.179580	125.00
0.179600	124.00
0.179620	124.00
0.179640	125.00
0.179660	126.00
0.179680	127.00
0.179700	127.00
0.179720	127.00
0.179740	126.00
0.179760	126.00
0.179780	126.00
0.179800	125.00
0.179820	124.00
0.179840	123.00
0.179860	123.00
0.179880	124.00
0.179900	124.00
0.179920	124.00
0.179940	125.00
0.179960	125.00
0.179980	126.00
0.180000	126.00
0.180020	125.00
0.180040	125.00
0.180060	126.00
0.180080	126.00
0.180100	126.00
0.180120	126.00
0.180140	125.00
0.180160	125.00
0.180180	125.00
0.180200	124.00
0.180220	124.00
0.180240	125.00
0.180260	126.00
0.180280	128.00
0.180300	128.00
0.180320	127.00
0.180340	126.00
0.180360	125.00
0.180380	125.00
0.180400	125.00
0.180420	125.00
0.180440	124.00
0.180460	124.00
0.180480	125.00
0.180500	126.00
0.180520	126.00
0.180540	126.00
0.180560	126.00
0.180580	125.00
0.180600	125.00
0.180620	125.00
0.180640	125.00
0.180660	125.00
0.180680	126.00
0.180700	126.00
0.180720	127.00
0.180740	127.00
0.180760	128.00
0.180780	127.00
0.180800	127.00
0.180820	126.00
0.180840	126.00
0.180860	126.00
0.180880	126.00
0.180900	126.00
0.180920	126.00
0.180940	126.00
0.180960	125.00
0.180980	124.00
0.181000	123.00
0.181020	123.00
0.181040	124.00
0.181060	125.00
0.181080	125.00
0.181100	125.00
0.181120	125.00
0.181140	125.00
0.181160	125.00
0.181180	125.00
0.181200	125.00
0.181220	125.00
0.181240	126.00
0.181260	127.00
0.181280	127.00
0.181300	126.00
0.181320	125.00
0.181340	124.00
0.181360	124.00
0.181380	125.00
0.181400	126.00
0.181420	126.00
0.181440	126.00
0.181460	126.00
0.181480	126.00
0.181500	127.00
0.181520	126.00
0.181540	126.00
0.181560	125.00
0.181580	126.00
0.181600	127.00
0.181620	129.00
0.181640	129.00
0.181660	128.00
0.181680	127.00
0.181700	126.00
0.181720	126.00
0.181740	125.00
0.181760	125.00
0.181780	124.00
0.181800	124.00
0.181820	124.00
0.181840	124.00
0.181860	125.00
0.181880	126.00
0.181900	126.00
0.181920	125.00
0.181940	125.00
0.181960	124.00
0.181980	124.00
0.182000	125.00
0.182020	126.00
0.182040	126.00
0.182060	126.00
0.182080	125.00
0.182100	124.00
0.182120	124.00
0.182140	123.00
0.182160	124.00
0.182180	125.00
0.182200	126.00
0.182220	127.00
0.182240	126.00
0.182260	125.00
0.182280	124.00
0.182300	124.00
0.182320	125.00
0.182340	126.00
0.182360	126.00
0.182380	125.00
0.182400	125.00
0.182420	126.00
0.182440	127.00
0.182460	127.00
0.182480	127.00
0.182500	126.00
0.182520	126.00
0.182540	126.00
0.182560	126.00
0.182580	126.00
0.182600	125.00
0.182620	125.00
0.182640	125.00
0.182660	126.00
0.182680	126.00
0.182700	126.00
0.182720	125.00
0.182740	125.00
0.182760	125.00
0.182780	125.00
0.182800	125.00
0.182820	125.00
0.182840	125.00
0.182860	125.00
0.182880	125.00
0.182900	125.00
0.182920	125.00
0.182940	126.00
0.182960	126.00
0.182980	126.00
0.183000	125.00
0.183020	124.00
0.183040	124.00
0.183060	125.00
0.183080	125.00
0.183100	124.00
0.183120	125.00
0.183140	126.00
0.183160	127.00
0.183180	128.00
0.183200	127.00
0.183220	126.00
0.183240	125.00
0.183260	125.00
0.183280	126.00
0.183300	127.00
0.183320	127.00
0.183340	127.00
0.183360	127.00
0.183380	127.00
0.183400	126.00
0.183420	126.00
0.183440	125.00
0.183460	124.00
0.183480	124.00
0.183500	125.00
0.183520	126.00
0.183540	126.00
0.183560	126.00
0.183580	125.00
0.183600	124.00
0.183620	124.00
0.183640	124.00
0.183660	124.00
0.183680	124.00
0.183700	125.00
0.183720	125.00
0.183740	125.00
0.183760	125.00
0.183780	125.00
0.183800	124.00
0.183820	124.00
0.183840	124.00
0.183860	124.00
0.183880	124.00
0.183900	124.00
0.183920	125.00
0.183940	125.00
0.183960	125.00
0.183980	124.00
0.184000	124.00
0.184020	124.00
0.184040	125.00
0.184060	125.00
0.184080	124.00
0.184100	124.00
0.184120	124.00
0.184140	126.00
0.184160	128.00
0.184180	128.00
0.184200	127.00
0.184220	125.00
0.184240	125.00
0.184260	125.00
0.184280	125.00
0.184300	125.00
0.184320	125.00
0.184340	125.00
0.184360	126.00
0.184380	125.00
0.184400	124.00
0.184420	124.00
0.184440	124.00
0.184460	126.00
0.184480	127.00
0.184500	127.00
0.184520	126.00
0.184540	125.00
0.184560	126.00
0.184580	126.00
0.184600	125.00
0.184620	125.00
0.184640	124.00
0.184660	125.00
0.184680	125.00
0.184700	125.00
0.184720	125.00
0.184740	124.00
0.184760	125.00
0.184780	125.00
0.184800	126.00
0.184820	126.00
0.184840	125.00
0.184860	125.00
0.184880	125.00
0.184900	126.00
0.184920	126.00
0.184940	126.00
0.184960	126.00
0.184980	125.00
0.185000	124.00
0.185020	124.00
0.185040	125.00
0.185060	126.00
0.185080	128.00
0.185100	128.00
0.185120	128.00
0.185140	127.00
0.185160	126.00
0.185180	125.00
0.185200	125.00
0.185220	126.00
0.185240	126.00
0.185260	126.00
0.185280	125.00
0.185300	124.00
0.185320	124.00
0.185340	124.00
0.185360	125.00
0.185380	126.00
0.185400	127.00
0.185420	127.00
0.185440	127.00
0.185460	128.00
0.185480	128.00
0.185500	127.00
0.185520	126.00
0.185540	125.00
0.185560	125.00
0.185580	125.00
0.185600	126.00
0.185620	126.00
0.185640	126.00
0.185660	126.00
0.185680	125.00
0.185700	125.00
0.185720	125.00
0.185740	126.00
0.185760	126.00
0.185780	126.00
0.185800	126.00
0.185820	125.00
0.185840	125.00
0.185860	125.00
0.185880	125.00
0.185900	125.00
0.185920	126.00
0.185940	126.00
0.185960	127.00
0.185980	127.00
0.186000	127.00
0.186020	126.00
0.186040	126.00
0.186060	125.00
0.186080	125.00
0.186100	124.00
0.186120	124.00
0.186140	125.00
0.186160	126.00
0.186180	127.00
0.186200	128.00
0.186220	127.00
0.186240	126.00
0.186260	126.00
0.186280	125.00
0.186300	125.00
0.186320	124.00
0.186340	124.00
0.186360	123.00
0.186380	124.00
0.186400	124.00
0.186420	126.00
0.186440	127.00
0.186460	128.00
0.186480	128.00
0.186500	127.00
0.186520	126.00
0.186540	123.00
0.186560	120.00
0.186580	117.00
0.186600	115.00
0.186620	116.00
0.186640	120.00
0.186660	125.00
0.186680	131.00
0.186700	135.00
0.186720	137.00
0.186740	137.00
0.186760	134.00
0.186780	129.00
0.186800	123.00
0.186820	117.00
0.186840	113.00
0.186860	111.00
0.186880	113.00
0.186900	120.00
0.186920	130.00
0.186940	142.00
0.186960	151.00
0.186980	153.00
0.187000	145.00
0.187020	126.00
0.187040	101.00
0.187060	79.00
0.187080	67.00
0.187100	70.00
0.187120	90.00
0.187140	122.00
0.187160	156.00
0.187180	183.00
0.187200	193.00
0.187220	182.00
0.187240	153.00
0.187260	117.00
0.187280	84.00
0.187300	66.00
0.187320	69.00
0.187340	91.00
0.187360	125.00
0.187380	158.00
0.187400	179.00
0.187420	183.00
0.187440	168.00
0.187460	141.00
0.187480	111.00
0.187500	86.00
0.187520	75.00
0.187540	78.00
0.187560	93.00
0.187580	113.00
0.187600	132.00
0.187620	146.00
0.187640	154.00
0.187660	156.00
0.187680	154.00
0.187700	148.00
0.187720	140.00
0.187740	131.00
0.187760	121.00
0.187780	110.00
0.187800	101.00
0.187820	94.00
0.187840	94.00
0.187860	99.00
0.187880	110.00
0.187900	124.00
0.187920	137.00
0.187940	149.00
0.187960	155.00
0.187980	155.00
0.188000	149.00
0.188020	139.00
0.188040	128.00
0.188060	116.00
0.188080	107.00
0.188100	101.00
0.188120	101.00
0.188140	105.00
0.188160	112.00
0.188180	121.00
0.188200	130.00
0.188220	139.00
0.188240	146.00
0.188260	150.00
0.188280	151.00
0.188300	146.00
0.188320	136.00
0.188340	124.00
0.188360	112.00
0.188380	104.00
0.188400	100.00
0.188420	101.00
0.188440	106.00
0.188460	116.00
0.188480	128.00
0.188500	141.00
0.188520	151.00
0.188540	155.00
0.188560	153.00
0.188580	143.00
0.188600	130.00
0.188620	117.00
0.188640	106.00
0.188660	100.00
0.188680	100.00
0.188700	106.00
0.188720	117.00
0.188740	130.00
0.188760	140.00
0.188780	146.00
0.188800	145.00
0.188820	140.00
0.188840	133.00
0.188860	125.00
0.188880	118.00
0.188900	113.00
0.188920	112.00
0.188940	114.00
0.188960	119.00
0.188980	123.00
0.189000	126.00
0.189020	129.00
0.189040	130.00
0.189060	131.00
0.189080	131.00
0.189100	129.00
0.189120	127.00
0.189140	125.00
0.189160	123.00
0.189180	122.00
0.189200	121.00
0.189220	121.00
0.189240	122.00
0.189260	124.00
0.189280	126.00
0.189300	128.00
0.189320	128.00
0.189340	128.00
0.189360	127.00
0.189380	127.00
0.189400	127.00
0.189420	127.00
0.189440	126.00
0.189460	125.00
0.189480	123.00
0.189500	121.00
0.189520	119.00
0.189540	119.00
0.189560	121.00
0.189580	124.00
0.189600	127.00
0.189620	129.00
0.189640	128.00
0.189660	125.00
0.189680	123.00
0.189700	121.00
0.189720	121.00
0.189740	122.00
0.189760	124.00
0.189780	125.00
0.189800	127.00
0.189820	128.00
0.189840	127.00
0.189860	125.00
0.189880	122.00
0.189900	120.00
0.189920	120.00
0.189940	123.00
0.189960	128.00
0.189980	132.00
0.190000	136.00
0.190020	136.00
0.190040	133.00
0.190060	127.00
0.190080	119.00
0.190100	114.00
0.190120	112.00
0.190140	116.00
0.190160	123.00
0.190180	132.00
0.190200	138.00
0.190220	141.00
0.190240	140.00
0.190260	134.00
0.190280	126.00
0.190300	118.00
0.190320	113.00
0.190340	114.00
0.190360	120.00
0.190380	128.00
0.190400	135.00
0.190420	139.00
0.190440	139.00
0.190460	135.00
0.190480	128.00
0.190500	120.00
0.190520	114.00
0.190540	111.00
0.190560	113.00
0.190580	118.00
0.190600	124.00
0.190620	130.00
0.190640	136.00
0.190660	139.00
0.190680	138.00
0.190700	133.00
0.190720	126.00
0.190740	118.00
0.190760	113.00
0.190780	111.00
0.190800	113.00
0.190820	118.00
0.190840	125.00
0.190860	132.00
0.190880	138.00
0.190900	140.00
0.190920	139.00
0.190940	133.00
0.190960	125.00
0.190980	117.00
0.191000	110.00
0.191020	107.00
0.191040	109.00
0.191060	115.00
0.191080	123.00
0.191100	132.00
0.191120	138.00
0.191140	141.00
0.191160	139.00
0.191180	133.00
0.191200	125.00
0.191220	118.00
0.191240	114.00
0.191260	113.00
0.191280	116.00
0.191300	119.00
0.191320	124.00
0.191340	129.00
0.191360	134.00
0.191380	137.00
0.191400	137.00
0.191420	134.00
0.191440	129.00
0.191460	124.00
0.191480	119.00
0.191500	115.00
0.191520	115.00
0.191540	118.00
0.191560	123.00
0.191580	130.00
0.191600	135.00
0.191620	137.00
0.191640	136.00
0.191660	131.00
0.191680	124.00
0.191700	117.00
0.191720	113.00
0.191740	113.00
0.191760	117.00
0.191780	125.00
0.191800	132.00
0.191820	137.00
0.191840	139.00
0.191860	137.00
0.191880	131.00
0.191900	123.00
0.191920	115.00
0.191940	108.00
0.191960	106.00
0.191980	109.00
0.192000	118.00
0.192020	128.00
0.192040	138.00
0.192060	144.00
0.192080	145.00
0.192100	141.00
0.192120	134.00
0.192140	126.00
0.192160	119.00
0.192180	113.00
0.192200	111.00
0.192220	112.00
0.192240	116.00
0.192260	121.00
0.192280	126.00
0.192300	131.00
0.192320	134.00
0.192340	136.00
0.192360	136.00
0.192380	134.00
0.192400	131.00
0.192420	126.00
0.192440	122.00
0.192460	119.00
0.192480	117.00
0.192500	117.00
0.192520	118.00
0.192540	120.00
0.192560	124.00
0.192580	128.00
0.192600	130.00
0.192620	131.00
0.192640	130.00
0.192660	128.00
0.192680	126.00
0.192700	124.00
0.192720	122.00
0.192740	121.00
0.192760	122.00
0.192780	123.00
0.192800	125.00
0.192820	126.00
0.192840	126.00
0.192860	125.00
0.192880	124.00
0.192900	123.00
0.192920	123.00
0.192940	124.00
0.192960	127.00
0.192980	131.00
0.193000	133.00
0.193020	134.00
0.193040	133.00
0.193060	130.00
0.193080	125.00
0.193100	120.00
0.193120	117.00
0.193140	116.00
0.193160	119.00
0.193180	124.00
0.193200	129.00
0.193220	133.00
0.193240	134.00
0.193260	133.00
0.193280	130.00
0.193300	126.00
0.193320	122.00
0.193340	119.00
0.193360	119.00
0.193380	120.00
0.193400	123.00
0.193420	125.00
0.193440	128.00
0.193460	129.00
0.193480	129.00
0.193500	127.00
0.193520	124.00
0.193540	122.00
0.193560	120.00
0.193580	121.00
0.193600	122.00
0.193620	124.00
0.193640	125.00
0.193660	125.00
0.193680	125.00
0.193700	125.00
0.193720	124.00
0.193740	124.00
0.193760	124.00
0.193780	125.00
0.193800	127.00
0.193820	127.00
0.193840	126.00
0.193860	125.00
0.193880	123.00
0.193900	123.00
0.193920	123.00
0.193940	124.00
0.193960	126.00
0.193980	128.00
0.194000	130.00
0.194020	131.00
0.194040	130.00
0.194060	127.00
0.194080	124.00
0.194100	121.00
0.194120	121.00
0.194140	122.00
0.194160	123.00
0.194180	125.00
0.194200	128.00
0.194220	131.00
0.194240	132.00
0.194260	131.00
0.194280	129.00
0.194300	125.00
0.194320	123.00
0.194340	121.00
0.194360	119.00
0.194380	118.00
0.194400	118.00
0.194420	120.00
0.194440	123.00
0.194460	127.00
0.194480	130.00
0.194500	131.00
0.194520	130.00
0.194540	128.00
0.194560	126.00
0.194580	122.00
0.194600	119.00
0.194620	117.00
0.194640	117.00
0.194660	121.00
0.194680	125.00
0.194700	128.00
0.194720	131.00
0.194740	132.00
0.194760	131.00
0.194780	129.00
0.194800	126.00
0.194820	123.00
0.194840	122.00
0.194860	122.00
0.194880	123.00
0.194900	126.00
0.194920	128.00
0.194940	129.00
0.194960	130.00
0.194980	129.00
0.195000	127.00
0.195020	125.00
0.195040	124.00
0.195060	124.00
0.195080	126.00
0.195100	128.00
0.195120	130.00
0.195140	131.00
0.195160	131.00
0.195180	130.00
0.195200	128.00
0.195220	125.00
0.195240	122.00
0.195260	119.00
0.195280	119.00
0.195300	120.00
0.195320	122.00
0.195340	125.00
0.195360	128.00
0.195380	130.00
0.195400	130.00
0.195420	130.00
0.195440	128.00
0.195460	125.00
0.195480	122.00
0.195500	119.00
0.195520	118.00
0.195540	118.00
0.195560	119.00
0.195580	122.00
0.195600	125.00
0.195620	127.00
0.195640	129.00
0.195660	130.00
0.195680	130.00
0.195700	130.00
0.195720	128.00
0.195740	126.00
0.195760	123.00
0.195780	121.00
0.195800	121.00
0.195820	121.00
0.195840	123.00
0.195860	124.00
0.195880	126.00
0.195900	128.00
0.195920	129.00
0.195940	130.00
0.195960	130.00
0.195980	128.00
0.196000	126.00
0.196020	124.00
0.196040	123.00
0.196060	123.00
0.196080	124.00
0.196100	125.00
0.196120	125.00
0.196140	126.00
0.196160	127.00
0.196180	128.00
0.196200	127.00
0.196220	126.00
0.196240	125.00
0.196260	124.00
0.196280	123.00
0.196300	124.00
0.196320	125.00
0.196340	125.00
0.196360	125.00
0.196380	123.00
0.196400	123.00
0.196420	123.00
0.196440	123.00
0.196460	123.00
0.196480	123.00
0.196500	124.00
0.196520	126.00
0.196540	128.00
0.196560	128.00
0.196580	127.00
0.196600	125.00
0.196620	124.00
0.196640	123.00
0.196660	123.00
0.196680	123.00
0.196700	124.00
0.196720	125.00
0.196740	126.00
0.196760	127.00
0.196780	127.00
0.196800	127.00
0.196820	127.00
0.196840	127.00
0.196860	126.00
0.196880	125.00
0.196900	123.00
0.196920	123.00
0.196940	124.00
0.196960	125.00
0.196980	126.00
0.197000	126.00
0.197020	126.00
0.197040	126.00
0.197060	126.00
0.197080	127.00
0.197100	127.00
0.197120	127.00
0.197140	127.00
0.197160	128.00
0.197180	128.00
0.197200	127.00
0.197220	127.00
0.197240	126.00
0.197260	125.00
0.197280	123.00
0.197300	122.00
0.197320	122.00
0.197340	122.00
0.197360	123.00
0.197380	125.00
0.197400	126.00
0.197420	127.00
0.197440	127.00
0.197460	127.00
0.197480	127.00
0.197500	125.00
0.197520	123.00
0.197540	122.00
0.197560	122.00
0.197580	123.00
0.197600	124.00
0.197620	126.00
0.197640	127.00
0.197660	129.00
0.197680	129.00
0.197700	128.00
0.197720	127.00
0.197740	126.00
0.197760	125.00
0.197780	125.00
0.197800	123.00
0.197820	122.00
0.197840	123.00
0.197860	124.00
0.197880	126.00
0.197900	127.00
0.197920	128.00
0.197940	127.00
0.197960	127.00
0.197980	128.00
0.198000	127.00
0.198020	127.00
0.198040	125.00
0.198060	124.00
0.198080	123.00
0.198100	122.00
0.198120	122.00
0.198140	122.00
0.198160	123.00
0.198180	125.00
0.198200	127.00
0.198220	128.00
0.198240	129.00
0.198260	128.00
0.198280	126.00
0.198300	124.00
0.198320	123.00
0.198340	123.00
0.198360	122.00
0.198380	122.00
0.198400	122.00
0.198420	123.00
0.198440	125.00
0.198460	127.00
0.198480	128.00
0.198500	128.00
0.198520	127.00
0.198540	126.00
0.198560	126.00
0.198580	125.00
0.198600	124.00
0.198620	123.00
0.198640	122.00
0.198660	123.00
0.198680	124.00
0.198700	126.00
0.198720	127.00
0.198740	127.00
0.198760	127.00
0.198780	127.00
0.198800	125.00
0.198820	123.00
0.198840	123.00
0.198860	123.00
0.198880	124.00
0.198900	125.00
0.198920	126.00
0.198940	127.00
0.198960	128.00
0.198980	128.00
0.199000	127.00
0.199020	126.00
0.199040	125.00
0.199060	124.00
0.199080	124.00
0.199100	124.00
0.199120	124.00
0.199140	124.00
0.199160	125.00
0.199180	126.00
0.199200	126.00
0.199220	125.00
0.199240	125.00
0.199260	124.00
0.199280	124.00
0.199300	124.00
0.199320	124.00
0.199340	124.00
0.199360	124.00
0.199380	124.00
0.199400	125.00
0.199420	126.00
0.199440	126.00
0.199460	126.00
0.199480	125.00
0.199500	124.00
0.199520	124.00
0.199540	123.00
0.199560	124.00
0.199580	125.00
0.199600	126.00
0.199620	127.00
0.199640	126.00
0.199660	126.00
0.199680	126.00
0.199700	126.00
0.199720	126.00
0.199740	126.00
0.199760	127.00
0.199780	128.00
0.199800	128.00
0.199820	128.00
0.199840	127.00
0.199860	127.00
0.199880	126.00
0.199900	126.00
0.199920	125.00
0.199940	126.00
0.199960	127.00
0.199980	127.00
0.200000	127.00
0.200020	125.00
0.200040	124.00
0.200060	124.00
0.200080	125.00
0.200100	126.00
0.200120	126.00
0.200140	125.00
0.200160	124.00
0.200180	125.00
0.200200	125.00
0.200220	126.00
0.200240	126.00
0.200260	125.00
0.200280	124.00
0.200300	122.00
0.200320	121.00
0.200340	121.00
0.200360	122.00
0.200380	124.00
0.200400	126.00
0.200420	128.00
0.200440	128.00
0.200460	128.00
0.200480	127.00
0.200500	126.00
0.200520	125.00
0.200540	125.00
0.200560	125.00
0.200580	125.00
0.200600	125.00
0.200620	125.00
0.200640	125.00
0.200660	125.00
0.200680	126.00
0.200700	127.00
0.200720	127.00
0.200740	128.00
0.200760	128.00
0.200780	127.00
0.200800	127.00
0.200820	126.00
0.200840	125.00
0.200860	124.00
0.200880	125.00
0.200900	125.00
0.200920	126.00
0.200940	127.00
0.200960	128.00
0.200980	128.00
0.201000	127.00
0.201020	126.00
0.201040	125.00
0.201060	124.00
0.201080	124.00
0.201100	123.00
0.201120	122.00
0.201140	122.00
0.201160	123.00
0.201180	123.00
0.201200	124.00
0.201220	124.00
0.201240	124.00
0.201260	125.00
0.201280	126.00
0.201300	126.00
0.201320	126.00
0.201340	125.00
0.201360	125.00
0.201380	125.00
0.201400	125.00
0.201420	124.00
0.201440	124.00
0.201460	124.00
0.201480	125.00
0.201500	126.00
0.201520	126.00
0.201540	127.00
0.201560	127.00
0.201580	127.00
0.201600	127.00
0.201620	126.00
0.201640	125.00
0.201660	125.00
0.201680	124.00
0.201700	124.00
0.201720	124.00
0.201740	125.00
0.201760	125.00
0.201780	125.00
0.201800	125.00
0.201820	126.00
0.201840	126.00
0.201860	127.00
0.201880	127.00
0.201900	126.00
0.201920	125.00
0.201940	123.00
0.201960	123.00
0.201980	123.00
0.202000	124.00
0.202020	126.00
0.202040	127.00
0.202060	128.00
0.202080	128.00
0.202100	126.00
0.202120	124.00
0.202140	122.00
0.202160	121.00
0.202180	121.00
0.202200	121.00
0.202220	122.00
0.202240	122.00
0.202260	123.00
0.202280	124.00
0.202300	125.00
0.202320	124.00
0.202340	124.00
0.202360	124.00
0.202380	124.00
0.202400	125.00
0.202420	125.00
0.202440	125.00
0.202460	125.00
0.202480	126.00
0.202500	127.00
0.202520	127.00
0.202540	126.00
0.202560	126.00
0.202580	126.00
0.202600	127.00
0.202620	128.00
0.202640	128.00
0.202660	128.00
0.202680	128.00
0.202700	128.00
0.202720	128.00
0.202740	127.00
0.202760	126.00
0.202780	125.00
0.202800	126.00
0.202820	127.00
0.202840	127.00
0.202860	127.00
0.202880	127.00
0.202900	127.00
0.202920	127.00
0.202940	127.00
0.202960	126.00
0.202980	126.00
0.203000	125.00
0.203020	125.00
0.203040	125.00
0.203060	125.00
0.203080	125.00
0.203100	126.00
0.203120	126.00
0.203140	125.00
0.203160	125.00
0.203180	124.00
0.203200	123.00
0.203220	123.00
0.203240	124.00
0.203260	124.00
0.203280	125.00
0.203300	125.00
0.203320	125.00
0.203340	124.00
0.203360	124.00
0.203380	125.00
0.203400	126.00
0.203420	127.00
0.203440	128.00
0.203460	127.00
0.203480	125.00
0.203500	124.00
0.203520	123.00
0.203540	123.00
0.203560	124.00
0.203580	124.00
0.203600	124.00
0.203620	125.00
0.203640	126.00
0.203660	126.00
0.203680	126.00
0.203700	125.00
0.203720	125.00
0.203740	125.00
0.203760	125.00
0.203780	126.00
0.203800	126.00
0.203820	126.00
0.203840	125.00
0.203860	124.00
0.203880	124.00
0.203900	125.00
0.203920	126.00
0.203940	126.00
0.203960	126.00
0.203980	126.00
0.204000	125.00
0.204020	125.00
0.204040	124.00
0.204060	123.00
0.204080	122.00
0.204100	122.00
0.204120	122.00
0.204140	123.00
0.204160	124.00
0.204180	126.00
0.204200	127.00
0.204220	128.00
0.204240	128.00
0.204260	128.00
0.204280	126.00
0.204300	124.00
0.204320	122.00
0.204340	122.00
0.204360	123.00
0.204380	125.00
0.204400	126.00
0.204420	127.00
0.204440	128.00
0.204460	129.00
0.204480	129.00
0.204500	128.00
0.204520	127.00
0.204540	126.00
0.204560	126.00
0.204580	125.00
0.204600	125.00
0.204620	125.00
0.204640	124.00
0.204660	124.00
0.204680	124.00
0.204700	125.00
0.204720	126.00
0.204740	127.00
0.204760	127.00
0.204780	127.00
0.204800	126.00
0.204820	126.00
0.204840	125.00
0.204860	125.00
0.204880	126.00
0.204900	126.00
0.204920	126.00
0.204940	126.00
0.204960	125.00
0.204980	125.00
0.205000	126.00
0.205020	125.00
0.205040	125.00
0.205060	124.00
0.205080	124.00
0.205100	123.00
0.205120	123.00
0.205140	123.00
0.205160	124.00
0.205180	125.00
0.205200	126.00
0.205220	127.00
0.205240	126.00
0.205260	125.00
0.205280	124.00
0.205300	123.00
0.205320	124.00
0.205340	125.00
0.205360	126.00
0.205380	127.00
0.205400	128.00
0.205420	128.00
0.205440	127.00
0.205460	126.00
0.205480	126.00
0.205500	125.00
0.205520	126.00
0.205540	125.00
0.205560	125.00
0.205580	124.00
0.205600	124.00
0.205620	124.00
0.205640	124.00
0.205660	125.00
0.205680	125.00
0.205700	126.00
0.205720	126.00
0.205740	126.00
0.205760	125.00
0.205780	124.00
0.205800	125.00
0.205820	126.00
0.205840	127.00
0.205860	126.00
0.205880	125.00
0.205900	123.00
0.205920	123.00
0.205940	123.00
0.205960	124.00
0.205980	125.00
0.206000	126.00
0.206020	125.00
0.206040	125.00
0.206060	125.00
0.206080	124.00
0.206100	124.00
0.206120	125.00
0.206140	126.00
0.206160	127.00
0.206180	126.00
0.206200	126.00
0.206220	125.00
0.206240	126.00
0.206260	126.00
0.206280	126.00
0.206300	125.00
0.206320	124.00
0.206340	125.00
0.206360	126.00
0.206380	126.00
0.206400	126.00
0.206420	125.00
0.206440	125.00
0.206460	125.00
0.206480	126.00
0.206500	126.00
0.206520	126.00
0.206540	126.00
0.206560	125.00
0.206580	125.00
0.206600	125.00
0.206620	124.00
0.206640	124.00
0.206660	124.00
0.206680	124.00
0.206700	125.00
0.206720	126.00
0.206740	126.00
0.206760	127.00
0.206780	126.00
0.206800	125.00
0.206820	124.00
0.206840	123.00
0.206860	123.00
0.206880	123.00
0.206900	124.00
0.206920	124.00
0.206940	124.00
0.206960	124.00
0.206980	125.00
0.207000	125.00
0.207020	125.00
0.207040	125.00
0.207060	125.00
0.207080	125.00
0.207100	125.00
0.207120	125.00
0.207140	124.00
0.207160	124.00
0.207180	124.00
0.207200	125.00
0.207220	125.00
0.207240	126.00
0.207260	127.00
0.207280	127.00
0.207300	126.00
0.207320	125.00
0.207340	125.00
0.207360	125.00
0.207380	125.00
0.207400	125.00
0.207420	125.00
0.207440	125.00
0.207460	124.00
0.207480	124.00
0.207500	124.00
0.207520	125.00
0.207540	127.00
0.207560	128.00
0.207580	128.00
0.207600	128.00
0.207620	128.00
0.207640	127.00
0.207660	126.00
0.207680	125.00
0.207700	125.00
0.207720	125.00
0.207740	126.00
0.207760	126.00
0.207780	126.00
0.207800	126.00
0.207820	126.00
0.207840	125.00
0.207860	125.00
0.207880	124.00
0.207900	123.00
0.207920	123.00
0.207940	124.00
0.207960	125.00
0.207980	125.00
0.208000	124.00
0.208020	123.00
0.208040	122.00
0.208060	122.00
0.208080	123.00
0.208100	124.00
0.208120	124.00
0.208140	125.00
0.208160	125.00
0.208180	124.00
0.208200	124.00
0.208220	125.00
0.208240	125.00
0.208260	126.00
0.208280	126.00
0.208300	125.00
0.208320	124.00
0.208340	124.00
0.208360	124.00
0.208380	124.00
0.208400	124.00
0.208420	125.00
0.208440	125.00
0.208460	125.00
0.208480	126.00
0.208500	126.00
0.208520	125.00
0.208540	125.00
0.208560	124.00
0.208580	125.00
0.208600	126.00
0.208620	127.00
0.208640	128.00
0.208660	129.00
0.208680	128.00
0.208700	127.00
0.208720	125.00
0.208740	124.00
0.208760	123.00
0.208780	123.00
0.208800	124.00
0.208820	124.00
0.208840	125.00
0.208860	125.00
0.208880	124.00
0.208900	124.00
0.208920	124.00
0.208940	125.00
0.208960	126.00
0.208980	126.00
0.209000	126.00
0.209020	125.00
0.209040	124.00
0.209060	123.00
0.209080	123.00
0.209100	124.00
0.209120	125.00
0.209140	126.00
0.209160	125.00
0.209180	125.00
0.209200	125.00
0.209220	126.00
0.209240	127.00
0.209260	127.00
0.209280	126.00
0.209300	125.00
0.209320	125.00
0.209340	126.00
0.209360	126.00
0.209380	127.00
0.209400	126.00
0.209420	126.00
0.209440	125.00
0.209460	125.00
0.209480	126.00
0.209500	126.00
0.209520	126.00
0.209540	127.00
0.209560	128.00
0.209580	128.00
0.209600	128.00
0.209620	127.00
0.209640	127.00
0.209660	127.00
0.209680	127.00
0.209700	127.00
0.209720	126.00
0.209740	126.00
0.209760	125.00
0.209780	125.00
0.209800	125.00
0.209820	125.00
0.209840	125.00
0.209860	125.00
0.209880	125.00
0.209900	124.00
0.209920	123.00
0.209940	123.00
0.209960	123.00
0.209980	123.00
0.210000	124.00
0.210020	124.00
0.210040	124.00
0.210060	124.00
0.210080	125.00
0.210100	125.00
0.210120	126.00
0.210140	126.00
0.210160	126.00
0.210180	126.00
0.210200	126.00
0.210220	125.00
0.210240	124.00
0.210260	124.00
0.210280	124.00
0.210300	125.00
0.210320	125.00
0.210340	125.00
0.210360	125.00
0.210380	125.00
0.210400	126.00
0.210420	126.00
0.210440	125.00
0.210460	125.00
0.210480	125.00
0.210500	125.00
0.210520	126.00
0.210540	127.00
0.210560	127.00
0.210580	127.00
0.210600	126.00
0.210620	126.00
0.210640	126.00
0.210660	125.00
0.210680	125.00
0.210700	125.00
0.210720	125.00
0.210740	126.00
0.210760	126.00
0.210780	127.00
0.210800	127.00
0.210820	126.00
0.210840	126.00
0.210860	125.00
0.210880	125.00
0.210900	124.00
0.210920	124.00
0.210940	124.00
0.210960	124.00
0.210980	123.00
0.211000	124.00
0.211020	124.00
0.211040	125.00
0.211060	126.00
0.211080	126.00
0.211100	126.00
0.211120	126.00
0.211140	126.00
0.211160	126.00
0.211180	126.00
0.211200	125.00
0.211220	125.00
0.211240	125.00
0.211260	125.00
0.211280	125.00
0.211300	125.00
0.211320	125.00
0.211340	126.00
0.211360	126.00
0.211380	126.00
0.211400	126.00
0.211420	125.00
0.211440	125.00
0.211460	126.00
0.211480	126.00
0.211500	126.00
0.211520	126.00
0.211540	125.00
0.211560	125.00
0.211580	126.00
0.211600	126.00
0.211620	126.00
0.211640	126.00
0.211660	126.00
0.211680	125.00
0.211700	124.00
0.211720	124.00
0.211740	124.00
0.211760	125.00
0.211780	125.00
0.211800	125.00
0.211820	124.00
0.211840	123.00
0.211860	123.00
0.211880	124.00
0.211900	124.00
0.211920	125.00
0.211940	125.00
0.211960	125.00
0.211980	125.00
0.212000	125.00
0.212020	126.00
0.212040	126.00
0.212060	126.00
0.212080	126.00
0.212100	126.00
0.212120	126.00
0.212140	126.00
0.212160	125.00
0.212180	124.00
0.212200	124.00
0.212220	124.00
0.212240	124.00
0.212260	124.00
0.212280	124.00
0.212300	124.00
0.212320	125.00
0.212340	126.00
0.212360	126.00
0.212380	125.00
0.212400	125.00
0.212420	125.00
0.212440	126.00
0.212460	126.00
0.212480	126.00
0.212500	127.00
0.212520	127.00
0.212540	127.00
0.212560	127.00
0.212580	126.00
0.212600	126.00
0.212620	125.00
0.212640	126.00
0.212660	126.00
0.212680	125.00
0.212700	124.00
0.212720	124.00
0.212740	125.00
0.212760	126.00
0.212780	126.00
0.212800	126.00
0.212820	125.00
0.212840	125.00
0.212860	126.00
0.212880	126.00
0.212900	125.00
0.212920	125.00
0.212940	125.00
0.212960	125.00
0.212980	125.00
0.213000	124.00
0.213020	123.00
0.213040	123.00
0.213060	124.00
0.213080	126.00
0.213100	126.00
0.213120	126.00
0.213140	126.00
0.213160	126.00
0.213180	125.00
0.213200	125.00
0.213220	124.00
0.213240	124.00
0.213260	125.00
0.213280	126.00
0.213300	127.00
0.213320	127.00
0.213340	126.00
0.213360	126.00
0.213380	126.00
0.213400	127.00
0.213420	127.00
0.213440	127.00
0.213460	126.00
0.213480	125.00
0.213500	125.00
0.213520	126.00
0.213540	126.00
0.213560	126.00
0.213580	125.00
0.213600	125.00
0.213620	124.00
0.213640	124.00
0.213660	125.00
0.213680	125.00
0.213700	125.00
0.213720	125.00
0.213740	124.00
0.213760	123.00
0.213780	124.00
0.213800	125.00
0.213820	126.00
0.213840	125.00
0.213860	124.00
0.213880	124.00
0.213900	124.00
0.213920	125.00
0.213940	126.00
0.213960	126.00
0.213980	125.00
0.214000	125.00
0.214020	125.00
0.214040	125.00
0.214060	125.00
0.214080	126.00
0.214100	126.00
0.214120	126.00
0.214140	126.00
0.214160	126.00
0.214180	125.00
0.214200	124.00
0.214220	124.00
0.214240	125.00
0.214260	126.00
0.214280	127.00
0.214300	127.00
0.214320	126.00
0.214340	126.00
0.214360	126.00
0.214380	126.00
0.214400	126.00
0.214420	126.00
0.214440	125.00
0.214460	125.00
0.214480	124.00
0.214500	124.00
0.214520	124.00
0.214540	125.00
0.214560	126.00
0.214580	126.00
0.214600	125.00
0.214620	124.00
0.214640	123.00
0.214660	123.00
0.214680	123.00
0.214700	123.00
0.214720	123.00
0.214740	124.00
0.214760	123.00
0.214780	123.00
0.214800	124.00
0.214820	124.00
0.214840	125.00
0.214860	125.00
0.214880	125.00
0.214900	125.00
0.214920	125.00
0.214940	125.00
0.214960	125.00
0.214980	124.00
0.215000	123.00
0.215020	124.00
0.215040	125.00
0.215060	126.00
0.215080	126.00
0.215100	126.00
0.215120	126.00
0.215140	127.00
0.215160	127.00
0.215180	127.00
0.215200	127.00
0.215220	126.00
0.215240	126.00
0.215260	127.00
0.215280	127.00
0.215300	126.00
0.215320	126.00
0.215340	125.00
0.215360	125.00
0.215380	126.00
0.215400	126.00
0.215420	125.00
0.215440	125.00
0.215460	125.00
0.215480	124.00
0.215500	124.00
0.215520	124.00
0.215540	124.00
0.215560	125.00
0.215580	126.00
0.215600	126.00
0.215620	125.00
0.215640	125.00
0.215660	125.00
0.215680	125.00
0.215700	125.00
0.215720	126.00
0.215740	126.00
0.215760	126.00
0.215780	126.00
0.215800	125.00
0.215820	124.00
0.215840	124.00
0.215860	124.00
0.215880	125.00
0.215900	125.00
0.215920	125.00
0.215940	125.00
0.215960	125.00
0.215980	125.00
0.216000	125.00
0.216020	124.00
0.216040	124.00
0.216060	124.00
0.216080	124.00
0.216100	125.00
0.216120	126.00
0.216140	126.00
0.216160	126.00
0.216180	127.00
0.216200	127.00
0.216220	126.00
0.216240	126.00
0.216260	125.00
0.216280	125.00
0.216300	125.00
0.216320	125.00
0.216340	125.00
0.216360	125.00
0.216380	125.00
0.216400	125.00
0.216420	125.00
0.216440	126.00
0.216460	126.00
0.216480	126.00
0.216500	126.00
0.216520	126.00
0.216540	125.00
0.216560	125.00
0.216580	124.00
0.216600	124.00
0.216620	124.00
0.216640	123.00
0.216660	123.00
0.216680	123.00
0.216700	124.00
0.216720	124.00
0.216740	124.00
0.216760	124.00
0.216780	123.00
0.216800	123.00
0.216820	123.00
0.216840	124.00
0.216860	126.00
0.216880	127.00
0.216900	128.00
0.216920	128.00
0.216940	127.00
0.216960	127.00
0.216980	126.00
0.217000	125.00
0.217020	125.00
0.217040	125.00
0.217060	125.00
0.217080	125.00
0.217100	124.00
0.217120	124.00
0.217140	124.00
0.217160	125.00
0.217180	125.00
0.217200	125.00
0.217220	126.00
0.217240	126.00
0.217260	127.00
0.217280	127.00
0.217300	126.00
0.217320	126.00
0.217340	126.00
0.217360	127.00
0.217380	128.00
0.217400	128.00
0.217420	127.00
0.217440	125.00
0.217460	125.00
0.217480	124.00
0.217500	124.00
0.217520	123.00
0.217540	124.00
0.217560	124.00
0.217580	125.00
0.217600	125.00
0.217620	124.00
0.217640	124.00
0.217660	124.00
0.217680	125.00
0.217700	125.00
0.217720	125.00
0.217740	125.00
0.217760	125.00
0.217780	125.00
0.217800	125.00
0.217820	125.00
0.217840	126.00
0.217860	126.00
0.217880	127.00
0.217900	126.00
0.217920	126.00
0.217940	125.00
0.217960	126.00
0.217980	126.00
0.218000	126.00
0.218020	126.00
0.218040	126.00
0.218060	126.00
0.218080	126.00
0.218100	126.00
0.218120	125.00
0.218140	125.00
0.218160	125.00
0.218180	125.00
0.218200	125.00
0.218220	124.00
0.218240	124.00
0.218260	125.00
0.218280	125.00
0.218300	126.00
0.218320	125.00
0.218340	125.00
0.218360	126.00
0.218380	126.00
0.218400	125.00
0.218420	124.00
0.218440	123.00
0.218460	124.00
0.218480	125.00
0.218500	126.00
0.218520	125.00
0.218540	125.00
0.218560	124.00
0.218580	125.00
0.218600	126.00
0.218620	126.00
0.218640	125.00
0.218660	125.00
0.218680	125.00
0.218700	125.00
0.218720	125.00
0.218740	124.00
0.218760	124.00
0.218780	125.00
0.218800	126.00
0.218820	126.00
0.218840	126.00
0.218860	126.00
0.218880	127.00
0.218900	127.00
0.218920	126.00
0.218940	125.00
0.218960	124.00
0.218980	125.00
0.219000	126.00
0.219020	126.00
0.219040	125.00
0.219060	124.00
0.219080	124.00
0.219100	124.00
0.219120	125.00
0.219140	125.00
0.219160	125.00
0.219180	124.00
0.219200	125.00
0.219220	125.00
0.219240	125.00
0.219260	124.00
0.219280	124.00
0.219300	125.00
0.219320	125.00
0.219340	125.00
0.219360	124.00
0.219380	124.00
0.219400	124.00
0.219420	125.00
0.219440	126.00
0.219460	126.00
0.219480	126.00
0.219500	126.00
0.219520	126.00
0.219540	126.00
0.219560	126.00
0.219580	127.00
0.219600	127.00
0.219620	127.00
0.219640	127.00
0.219660	127.00
0.219680	127.00
0.219700	126.00
0.219720	126.00
0.219740	125.00
0.219760	125.00
0.219780	125.00
0.219800	125.00
0.219820	125.00
0.219840	125.00
0.219860	126.00
0.219880	126.00
0.219900	126.00
0.219920	125.00
0.219940	125.00
0.219960	124.00
0.219980	123.00
0.220000	123.00
0.220020	124.00
0.220040	125.00
0.220060	125.00
0.220080	126.00
0.220100	126.00
0.220120	126.00
0.220140	125.00
0.220160	125.00
0.220180	124.00
0.220200	124.00
0.220220	124.00
0.220240	124.00
0.220260	125.00
0.220280	125.00
0.220300	125.00
0.220320	125.00
0.220340	125.00
0.220360	125.00
0.220380	126.00
0.220400	126.00
0.220420	126.00
0.220440	125.00
0.220460	125.00
0.220480	125.00
0.220500	125.00
0.220520	125.00
0.220540	124.00
0.220560	124.00
0.220580	125.00
0.220600	125.00
0.220620	126.00
0.220640	125.00
0.220660	125.00
0.220680	125.00
0.220700	125.00
0.220720	125.00
0.220740	125.00
0.220760	125.00
0.220780	125.00
0.220800	124.00
0.220820	124.00
0.220840	124.00
0.220860	125.00
0.220880	126.00
0.220900	127.00
0.220920	127.00
0.220940	126.00
0.220960	125.00
0.220980	125.00
0.221000	126.00
0.221020	127.00
0.221040	127.00
0.221060	127.00
0.221080	126.00
0.221100	126.00
0.221120	126.00
0.221140	126.00
0.221160	125.00
0.221180	125.00
0.221200	126.00
0.221220	127.00
0.221240	127.00
0.221260	127.00
0.221280	127.00
0.221300	126.00
0.221320	126.00
0.221340	125.00
0.221360	124.00
0.221380	124.00
0.221400	124.00
0.221420	124.00
0.221440	124.00
0.221460	124.00
0.221480	123.00
0.221500	123.00
0.221520	124.00
0.221540	124.00
0.221560	123.00
0.221580	123.00
0.221600	124.00
0.221620	125.00
0.221640	125.00
0.221660	126.00
0.221680	125.00
0.221700	125.00
0.221720	125.00
0.221740	126.00
0.221760	126.00
0.221780	126.00
0.221800	126.00
0.221820	125.00
0.221840	125.00
0.221860	125.00
0.221880	126.00
0.221900	126.00
0.221920	126.00
0.221940	126.00
0.221960	126.00
0.221980	125.00
0.222000	125.00
0.222020	126.00
0.222040	126.00
0.222060	125.00
0.222080	124.00
0.222100	124.00
0.222120	124.00
0.222140	125.00
0.222160	125.00
0.222180	125.00
0.222200	124.00
0.222220	124.00
0.222240	125.00
0.222260	125.00
0.222280	126.00
0.222300	125.00
0.222320	124.00
0.222340	124.00
0.222360	124.00
0.222380	124.00
0.222400	124.00
0.222420	124.00
0.222440	125.00
0.222460	125.00
0.222480	125.00
0.222500	125.00
0.222520	124.00
0.222540	124.00
0.222560	124.00
0.222580	123.00
0.222600	123.00
0.222620	123.00
0.222640	124.00
0.222660	126.00
0.222680	127.00
0.222700	127.00
0.222720	127.00
0.222740	126.00
0.222760	125.00
0.222780	125.00
0.222800	124.00
0.222820	124.00
0.222840	125.00
0.222860	125.00
0.222880	126.00
0.222900	126.00
0.222920	126.00
0.222940	126.00
0.222960	125.00
0.222980	125.00
0.223000	125.00
0.223020	125.00
0.223040	126.00
0.223060	126.00
0.223080	125.00
0.223100	125.00
0.223120	125.00
0.223140	126.00
0.223160	126.00
0.223180	126.00
0.223200	126.00
0.223220	126.00
0.223240	126.00
0.223260	126.00
0.223280	126.00
0.223300	125.00
0.223320	124.00
0.223340	124.00
0.223360	125.00
0.223380	125.00
0.223400	125.00
0.223420	124.00
0.223440	123.00
0.223460	122.00
0.223480	123.00
0.223500	123.00
0.223520	124.00
0.223540	124.00
0.223560	125.00
0.223580	125.00
0.223600	125.00
0.223620	125.00
0.223640	125.00
0.223660	125.00
0.223680	126.00
0.223700	127.00
0.223720	127.00
0.223740	126.00
0.223760	126.00
0.223780	126.00
0.223800	126.00
0.223820	127.00
0.223840	127.00
0.223860	127.00
0.223880	126.00
0.223900	126.00
0.223920	126.00
0.223940	127.00
0.223960	127.00
0.223980	127.00
0.224000	126.00
0.224020	126.00
0.224040	126.00
0.224060	126.00
0.224080	125.00
0.224100	125.00
0.224120	125.00
0.224140	126.00
0.224160	126.00
0.224180	126.00
0.224200	126.00
0.224220	126.00
0.224240	126.00
0.224260	126.00
0.224280	125.00
0.224300	125.00
0.224320	124.00
0.224340	125.00
0.224360	125.00
0.224380	126.00
0.224400	125.00
0.224420	124.00
0.224440	124.00
0.224460	124.00
0.224480	124.00
0.224500	124.00
0.224520	124.00
0.224540	123.00
0.224560	124.00
0.224580	124.00
0.224600	125.00
0.224620	125.00
0.224640	126.00
0.224660	125.00
0.224680	125.00
0.224700	124.00
0.224720	124.00
0.224740	124.00
0.224760	125.00
0.224780	126.00
0.224800	126.00
0.224820	126.00
0.224840	126.00
0.224860	126.00
0.224880	125.00
0.224900	125.00
0.224920	125.00
0.224940	125.00
0.224960	125.00
0.224980	126.00
0.225000	126.00
0.225020	125.00
0.225040	125.00
0.225060	125.00
0.225080	125.00
0.225100	125.00
0.225120	125.00
0.225140	125.00
0.225160	125.00
0.225180	126.00
0.225200	126.00
0.225220	125.00
0.225240	124.00
0.225260	124.00
0.225280	125.00
0.225300	126.00
0.225320	126.00
0.225340	125.00
0.225360	124.00
0.225380	124.00
0.225400	124.00
0.225420	124.00
0.225440	123.00
0.225460	123.00
0.225480	124.00
0.225500	124.00
0.225520	124.00
0.225540	124.00
0.225560	124.00
0.225580	124.00
0.225600	125.00
0.225620	125.00
0.225640	126.00
0.225660	126.00
0.225680	127.00
0.225700	126.00
0.225720	126.00
0.225740	125.00
0.225760	125.00
0.225780	125.00
0.225800	126.00
0.225820	127.00
0.225840	127.00
0.225860	127.00
0.225880	127.00
0.225900	126.00
0.225920	126.00
0.225940	126.00
0.225960	127.00
0.225980	127.00
0.226000	127.00
0.226020	126.00
0.226040	125.00
0.226060	123.00
0.226080	122.00
0.226100	122.00
0.226120	122.00
0.226140	122.00
0.226160	123.00
0.226180	125.00
0.226200	125.00
0.226220	125.00
0.226240	125.00
0.226260	125.00
0.226280	126.00
0.226300	126.00
0.226320	126.00
0.226340	125.00
0.226360	124.00
0.226380	125.00
0.226400	126.00
0.226420	126.00
0.226440	125.00
0.226460	124.00
0.226480	124.00
0.226500	125.00
0.226520	126.00
0.226540	127.00
0.226560	128.00
0.226580	128.00
0.226600	129.00
0.226620	129.00
0.226640	128.00
0.226660	126.00
0.226680	125.00
0.226700	124.00
0.226720	125.00
0.226740	125.00
0.226760	126.00
0.226780	126.00
0.226800	126.00
0.226820	126.00
0.226840	125.00
0.226860	125.00
0.226880	124.00
0.226900	124.00
0.226920	125.00
0.226940	125.00
0.226960	126.00
0.226980	126.00
0.227000	127.00
0.227020	128.00
0.227040	128.00
0.227060	128.00
0.227080	127.00
0.227100	126.00
0.227120	125.00
0.227140	125.00
0.227160	126.00
0.227180	125.00
0.227200	124.00
0.227220	123.00
0.227240	122.00
0.227260	122.00
0.227280	124.00
0.227300	125.00
0.227320	125.00
0.227340	124.00
0.227360	124.00
0.227380	124.00
0.227400	124.00
0.227420	124.00
0.227440	124.00
0.227460	123.00
0.227480	124.00
0.227500	124.00
0.227520	125.00
0.227540	125.00
0.227560	125.00
0.227580	125.00
0.227600	125.00
0.227620	125.00
0.227640	126.00
0.227660	126.00
0.227680	126.00
0.227700	127.00
0.227720	127.00
0.227740	126.00
0.227760	126.00
0.227780	126.00
0.227800	126.00
0.227820	126.00
0.227840	127.00
0.227860	127.00
0.227880	127.00
0.227900	127.00
0.227920	127.00
0.227940	126.00
0.227960	125.00
0.227980	125.00
0.228000	125.00
0.228020	126.00
0.228040	126.00
0.228060	125.00
0.228080	124.00
0.228100	123.00
0.228120	123.00
0.228140	124.00
0.228160	124.00
0.228180	124.00
0.228200	123.00
0.228220	123.00
0.228240	124.00
0.228260	125.00
0.228280	125.00
0.228300	124.00
0.228320	123.00
0.228340	123.00
0.228360	124.00
0.228380	125.00
0.228400	125.00
0.228420	123.00
0.228440	123.00
0.228460	123.00
0.228480	124.00
0.228500	125.00
0.228520	126.00
0.228540	126.00
0.228560	125.00
0.228580	125.00
0.228600	125.00
0.228620	126.00
0.228640	127.00
0.228660	127.00
0.228680	127.00
0.228700	127.00
0.228720	127.00
0.228740	127.00
0.228760	127.00
0.228780	127.00
0.228800	126.00
0.228820	125.00
0.228840	125.00
0.228860	124.00
0.228880	125.00
0.228900	125.00
0.228920	125.00
0.228940	124.00
0.228960	124.00
0.228980	125.00
