0.173000	101.00
0.173020	50.00
0.173040	103.00
0.173060	142.00
0.173080	145.00
0.173100	125.00
0.173120	112.00
0.173140	117.00
0.173160	131.00
0.173180	134.00
0.173200	126.00
0.173220	119.00
0.173240	122.00
0.173260	129.00
0.173280	131.00
0.173300	125.00
0.173320	121.00
0.173340	123.00
0.173360	128.00
0.173380	129.00
0.173400	125.00
0.173420	121.00
0.173440	122.00
0.173460	126.00
0.173480	128.00
0.173500	124.00
0.173520	121.00
0.173540	122.00
0.173560	125.00
0.173580	127.00
0.173600	126.00
0.173620	124.00
0.173640	125.00
0.173660	128.00
0.173680	129.00
0.173700	128.00
0.173720	126.00
0.173740	126.00
0.173760	128.00
0.173780	129.00
0.173800	127.00
0.173820	125.00
0.173840	125.00
0.173860	126.00
0.173880	126.00
0.173900	124.00
0.173920	123.00
0.173940	124.00
0.173960	126.00
0.173980	127.00
0.174000	125.00
0.174020	123.00
0.174040	124.00
0.174060	125.00
0.174080	125.00
0.174100	124.00
0.174120	123.00
0.174140	124.00
0.174160	127.00
0.174180	128.00
0.174200	127.00
0.174220	125.00
0.174240	124.00
0.174260	125.00
0.174280	126.00
0.174300	125.00
0.174320	125.00
0.174340	125.00
0.174360	126.00
0.174380	127.00
0.174400	126.00
0.174420	125.00
0.174440	126.00
0.174460	127.00
0.174480	128.00
0.174500	127.00
0.174520	126.00
0.174540	126.00
0.174560	126.00
0.174580	127.00
0.174600	127.00
0.174620	127.00
0.174640	127.00
0.174660	127.00
0.174680	127.00
0.174700	125.00
0.174720	124.00
0.174740	124.00
0.174760	125.00
0.174780	125.00
0.174800	124.00
0.174820	123.00
0.174840	124.00
0.174860	125.00
0.174880	125.00
0.174900	126.00
0.174920	126.00
0.174940	126.00
0.174960	127.00
0.174980	126.00
0.175000	126.00
0.175020	125.00
0.175040	126.00
0.175060	126.00
0.175080	126.00
0.175100	124.00
0.175120	124.00
0.175140	125.00
0.175160	126.00
0.175180	126.00
0.175200	125.00
0.175220	125.00
0.175240	125.00
0.175260	126.00
0.175280	126.00
0.175300	124.00
0.175320	124.00
0.175340	124.00
0.175360	125.00
0.175380	125.00
0.175400	124.00
0.175420	124.00
0.175440	125.00
0.175460	127.00
0.175480	127.00
0.175500	126.00
0.175520	125.00
0.175540	125.00
0.175560	125.00
0.175580	126.00
0.175600	125.00
0.175620	124.00
0.175640	124.00
0.175660	124.00
0.175680	125.00
0.175700	126.00
0.175720	127.00
0.175740	129.00
0.175760	129.00
0.175780	128.00
0.175800	127.00
0.175820	126.00
0.175840	127.00
0.175860	128.00
0.175880	128.00
0.175900	127.00
0.175920	126.00
0.175940	125.00
0.175960	125.00
0.175980	125.00
0.176000	125.00
0.176020	125.00
0.176040	125.00
0.176060	126.00
0.176080	126.00
0.176100	126.00
0.176120	125.00
0.176140	125.00
0.176160	124.00
0.176180	124.00
0.176200	123.00
0.176220	123.00
0.176240	124.00
0.176260	125.00
0.176280	124.00
0.176300	124.00
0.176320	125.00
0.176340	126.00
0.176360	126.00
0.176380	126.00
0.176400	125.00
0.176420	125.00
0.176440	125.00
0.176460	126.00
0.176480	126.00
0.176500	125.00
0.176520	124.00
0.176540	125.00
0.176560	125.00
0.176580	126.00
0.176600	125.00
0.176620	125.00
0.176640	126.00
0.176660	127.00
0.176680	127.00
0.176700	126.00
0.176720	124.00
0.176740	124.00
0.176760	125.00
0.176780	126.00
0.176800	126.00
0.176820	126.00
0.176840	126.00
0.176860	125.00
0.176880	124.00
0.176900	123.00
0.176920	123.00
0.176940	124.00
0.176960	125.00
0.176980	125.00
0.177000	125.00
0.177020	125.00
0.177040	126.00
0.177060	127.00
0.177080	126.00
0.177100	124.00
0.177120	123.00
0.177140	124.00
0.177160	126.00
0.177180	126.00
0.177200	125.00
0.177220	124.00
0.177240	123.00
0.177260	124.00
0.177280	124.00
0.177300	124.00
0.177320	124.00
0.177340	125.00
0.177360	126.00
0.177380	126.00
0.177400	126.00
0.177420	125.00
0.177440	126.00
0.177460	126.00
0.177480	127.00
0.177500	126.00
0.177520	125.00
0.177540	125.00
0.177560	126.00
0.177580	126.00
0.177600	126.00
0.177620	125.00
0.177640	125.00
0.177660	125.00
0.177680	126.00
0.177700	126.00
0.177720	126.00
0.177740	126.00
0.177760	126.00
0.177780	125.00
0.177800	125.00
0.177820	125.00
0.177840	127.00
0.177860	129.00
0.177880	129.00
0.177900	128.00
0.177920	127.00
0.177940	126.00
0.177960	126.00
0.177980	126.00
0.178000	125.00
0.178020	124.00
0.178040	123.00
0.178060	124.00
0.178080	125.00
0.178100	124.00
0.178120	123.00
0.178140	124.00
0.178160	125.00
0.178180	125.00
0.178200	125.00
0.178220	123.00
0.178240	123.00
0.178260	124.00
0.178280	125.00
0.178300	125.00
0.178320	124.00
0.178340	124.00
0.178360	125.00
0.178380	126.00
0.178400	126.00
0.178420	125.00
0.178440	124.00
0.178460	125.00
0.178480	127.00
0.178500	128.00
0.178520	128.00
0.178540	126.00
0.178560	125.00
0.178580	125.00
0.178600	124.00
0.178620	124.00
0.178640	124.00
0.178660	125.00
0.178680	125.00
0.178700	125.00
0.178720	125.00
0.178740	125.00
0.178760	125.00
0.178780	126.00
0.178800	126.00
0.178820	127.00
0.178840	127.00
0.178860	127.00
0.178880	126.00
0.178900	126.00
0.178920	126.00
0.178940	126.00
0.178960	126.00
0.178980	125.00
0.179000	125.00
0.179020	125.00
0.179040	125.00
0.179060	125.00
0.179080	125.00
0.179100	124.00
0.179120	123.00
0.179140	123.00
0.179160	124.00
0.179180	125.00
0.179200	125.00
0.179220	125.00
0.179240	126.00
0.179260	126.00
0.179280	126.00
0.179300	125.00
0.179320	125.00
0.179340	125.00
0.179360	126.00
0.179380	125.00
0.179400	125.00
0.179420	125.00
0.179440	126.00
0.179460	126.00
0.179480	127.00
0.179500	127.00
0.179520	127.00
0.179540	127.00
0.179560	127.00
0.179580	127.00
0.179600	126.00
0.179620	125.00
0.179640	125.00
0.179660	126.00
0.179680	127.00
0.179700	127.00
0.179720	127.00
0.179740	126.00
0.179760	126.00
0.179780	126.00
0.179800	125.00
0.179820	125.00
0.179840	126.00
0.179860	126.00
0.179880	125.00
0.179900	124.00
0.179920	123.00
0.179940	123.00
0.179960	123.00
0.179980	123.00
0.180000	122.00
0.180020	123.00
0.180040	124.00
0.180060	125.00
0.180080	126.00
0.180100	126.00
0.180120	125.00
0.180140	125.00
0.180160	126.00
0.180180	126.00
0.180200	125.00
0.180220	124.00
0.180240	124.00
0.180260	125.00
0.180280	126.00
0.180300	126.00
0.180320	126.00
0.180340	126.00
0.180360	128.00
0.180380	129.00
0.180400	129.00
0.180420	128.00
0.180440	126.00
0.180460	126.00
0.180480	126.00
0.180500	126.00
0.180520	126.00
0.180540	127.00
0.180560	127.00
0.180580	127.00
0.180600	127.00
0.180620	126.00
0.180640	126.00
0.180660	125.00
0.180680	125.00
0.180700	124.00
0.180720	124.00
0.180740	124.00
0.180760	125.00
0.180780	125.00
0.180800	126.00
0.180820	126.00
0.180840	127.00
0.180860	127.00
0.180880	126.00
0.180900	126.00
0.180920	125.00
0.180940	125.00
0.180960	125.00
0.180980	125.00
0.181000	125.00
0.181020	125.00
0.181040	125.00
0.181060	124.00
0.181080	124.00
0.181100	123.00
0.181120	123.00
0.181140	124.00
0.181160	125.00
0.181180	126.00
0.181200	126.00
0.181220	125.00
0.181240	125.00
0.181260	126.00
0.181280	125.00
0.181300	125.00
0.181320	124.00
0.181340	124.00
0.181360	124.00
0.181380	124.00
0.181400	125.00
0.181420	126.00
0.181440	126.00
0.181460	126.00
0.181480	125.00
0.181500	124.00
0.181520	124.00
0.181540	125.00
0.181560	126.00
0.181580	126.00
0.181600	125.00
0.181620	125.00
0.181640	126.00
0.181660	126.00
0.181680	126.00
0.181700	126.00
0.181720	126.00
0.181740	126.00
0.181760	126.00
0.181780	126.00
0.181800	125.00
0.181820	124.00
0.181840	124.00
0.181860	124.00
0.181880	125.00
0.181900	126.00
0.181920	126.00
0.181940	126.00
0.181960	126.00
0.181980	126.00
0.182000	125.00
0.182020	125.00
0.182040	125.00
0.182060	125.00
0.182080	124.00
0.182100	124.00
0.182120	124.00
0.182140	124.00
0.182160	124.00
0.182180	124.00
0.182200	124.00
0.182220	124.00
0.182240	126.00
0.182260	126.00
0.182280	126.00
0.182300	126.00
0.182320	126.00
0.182340	126.00
0.182360	126.00
0.182380	126.00
0.182400	125.00
0.182420	125.00
0.182440	126.00
0.182460	127.00
0.182480	127.00
0.182500	126.00
0.182520	126.00
0.182540	127.00
0.182560	127.00
0.182580	127.00
0.182600	126.00
0.182620	124.00
0.182640	125.00
0.182660	126.00
0.182680	127.00
0.182700	126.00
0.182720	125.00
0.182740	124.00
0.182760	125.00
0.182780	126.00
0.182800	126.00
0.182820	126.00
0.182840	125.00
0.182860	125.00
0.182880	125.00
0.182900	125.00
0.182920	125.00
0.182940	125.00
0.182960	126.00
0.182980	127.00
0.183000	128.00
0.183020	127.00
0.183040	126.00
0.183060	125.00
0.183080	124.00
0.183100	124.00
0.183120	124.00
0.183140	123.00
0.183160	124.00
0.183180	124.00
0.183200	124.00
0.183220	124.00
0.183240	124.00
0.183260	125.00
0.183280	125.00
0.183300	125.00
0.183320	125.00
0.183340	125.00
0.183360	126.00
0.183380	127.00
0.183400	126.00
0.183420	126.00
0.183440	125.00
0.183460	125.00
0.183480	126.00
0.183500	126.00
0.183520	126.00
0.183540	126.00
0.183560	127.00
0.183580	127.00
0.183600	127.00
0.183620	126.00
0.183640	125.00
0.183660	124.00
0.183680	125.00
0.183700	125.00
0.183720	125.00
0.183740	125.00
0.183760	125.00
0.183780	124.00
0.183800	124.00
0.183820	124.00
0.183840	123.00
0.183860	123.00
0.183880	123.00
0.183900	124.00
0.183920	125.00
0.183940	126.00
0.183960	127.00
0.183980	127.00
0.184000	126.00
0.184020	125.00
0.184040	124.00
0.184060	125.00
0.184080	125.00
0.184100	126.00
0.184120	126.00
0.184140	126.00
0.184160	126.00
0.184180	126.00
0.184200	126.00
0.184220	126.00
0.184240	126.00
0.184260	127.00
0.184280	127.00
0.184300	127.00
0.184320	127.00
0.184340	127.00
0.184360	128.00
0.184380	128.00
0.184400	128.00
0.184420	127.00
0.184440	126.00
0.184460	126.00
0.184480	126.00
0.184500	126.00
0.184520	126.00
0.184540	126.00
0.184560	126.00
0.184580	126.00
0.184600	125.00
0.184620	124.00
0.184640	124.00
0.184660	124.00
0.184680	125.00
0.184700	125.00
0.184720	125.00
0.184740	125.00
0.184760	125.00
0.184780	125.00
0.184800	125.00
0.184820	124.00
0.184840	123.00
0.184860	123.00
0.184880	124.00
0.184900	125.00
0.184920	125.00
0.184940	125.00
0.184960	124.00
0.184980	124.00
0.185000	124.00
0.185020	124.00
0.185040	124.00
0.185060	125.00
0.185080	125.00
0.185100	126.00
0.185120	126.00
0.185140	126.00
0.185160	125.00
0.185180	125.00
0.185200	125.00
0.185220	125.00
0.185240	126.00
0.185260	126.00
0.185280	127.00
0.185300	127.00
0.185320	127.00
0.185340	127.00
0.185360	127.00
0.185380	127.00
0.185400	126.00
0.185420	126.00
0.185440	126.00
0.185460	126.00
0.185480	127.00
0.185500	127.00
0.185520	127.00
0.185540	127.00
0.185560	126.00
0.185580	126.00
0.185600	125.00
0.185620	124.00
0.185640	124.00
0.185660	124.00
0.185680	124.00
0.185700	125.00
0.185720	124.00
0.185740	123.00
0.185760	123.00
0.185780	124.00
0.185800	125.00
0.185820	126.00
0.185840	127.00
0.185860	127.00
0.185880	126.00
0.185900	126.00
0.185920	125.00
0.185940	124.00
0.185960	124.00
0.185980	124.00
0.186000	124.00
0.186020	123.00
0.186040	123.00
0.186060	124.00
0.186080	125.00
0.186100	127.00
0.186120	127.00
0.186140	126.00
0.186160	125.00
0.186180	124.00
0.186200	124.00
0.186220	125.00
0.186240	125.00
0.186260	126.00
0.186280	126.00
0.186300	126.00
0.186320	126.00
0.186340	126.00
0.186360	126.00
0.186380	126.00
0.186400	127.00
0.186420	128.00
0.186440	128.00
0.186460	127.00
0.186480	125.00
0.186500	123.00
0.186520	121.00
0.186540	120.00
0.186560	120.00
0.186580	123.00
0.186600	128.00
0.186620	132.00
0.186640	134.00
0.186660	134.00
0.186680	132.00
0.186700	129.00
0.186720	125.00
0.186740	123.00
0.186760	121.00
0.186780	120.00
0.186800	121.00
0.186820	122.00
0.186840	124.00
0.186860	126.00
0.186880	127.00
0.186900	127.00
0.186920	127.00
0.186940	127.00
0.186960	126.00
0.186980	126.00
0.187000	124.00
0.187020	121.00
0.187040	119.00
0.187060	116.00
0.187080	115.00
0.187100	115.00
0.187120	118.00
0.187140	123.00
0.187160	131.00
0.187180	139.00
0.187200	145.00
0.187220	146.00
0.187240	142.00
0.187260	133.00
0.187280	121.00
0.187300	108.00
0.187320	99.00
0.187340	96.00
0.187360	101.00
0.187380	112.00
0.187400	127.00
0.187420	142.00
0.187440	154.00
0.187460	161.00
0.187480	161.00
0.187500	153.00
0.187520	139.00
0.187540	121.00
0.187560	103.00
0.187580	89.00
0.187600	83.00
0.187620	87.00
0.187640	100.00
0.187660	118.00
0.187680	137.00
0.187700	153.00
0.187720	161.00
0.187740	162.00
0.187760	154.00
0.187780	139.00
0.187800	121.00
0.187820	103.00
0.187840	91.00
0.187860	87.00
0.187880	94.00
0.187900	108.00
0.187920	124.00
0.187940	138.00
0.187960	147.00
0.187980	149.00
0.188000	145.00
0.188020	137.00
0.188040	128.00
0.188060	120.00
0.188080	116.00
0.188100	116.00
0.188120	119.00
0.188140	122.00
0.188160	125.00
0.188180	126.00
0.188200	127.00
0.188220	129.00
0.188240	130.00
0.188260	129.00
0.188280	128.00
0.188300	126.00
0.188320	126.00
0.188340	127.00
0.188360	128.00
0.188380	128.00
0.188400	128.00
0.188420	128.00
0.188440	127.00
0.188460	124.00
0.188480	121.00
0.188500	119.00
0.188520	118.00
0.188540	119.00
0.188560	122.00
0.188580	126.00
0.188600	130.00
0.188620	134.00
0.188640	137.00
0.188660	136.00
0.188680	133.00
0.188700	127.00
0.188720	121.00
0.188740	114.00
0.188760	110.00
0.188780	109.00
0.188800	112.00
0.188820	118.00
0.188840	126.00
0.188860	134.00
0.188880	140.00
0.188900	141.00
0.188920	138.00
0.188940	132.00
0.188960	126.00
0.188980	120.00
0.189000	116.00
0.189020	114.00
0.189040	115.00
0.189060	118.00
0.189080	122.00
0.189100	126.00
0.189120	130.00
0.189140	132.00
0.189160	133.00
0.189180	133.00
0.189200	132.00
0.189220	131.00
0.189240	130.00
0.189260	127.00
0.189280	123.00
0.189300	118.00
0.189320	114.00
0.189340	112.00
0.189360	114.00
0.189380	120.00
0.189400	129.00
0.189420	137.00
0.189440	141.00
0.189460	141.00
0.189480	136.00
0.189500	129.00
0.189520	123.00
0.189540	118.00
0.189560	116.00
0.189580	115.00
0.189600	117.00
0.189620	120.00
0.189640	124.00
0.189660	129.00
0.189680	133.00
0.189700	135.00
0.189720	135.00
0.189740	133.00
0.189760	128.00
0.189780	122.00
0.189800	116.00
0.189820	111.00
0.189840	111.00
0.189860	115.00
0.189880	122.00
0.189900	129.00
0.189920	134.00
0.189940	137.00
0.189960	137.00
0.189980	134.00
0.190000	128.00
0.190020	122.00
0.190040	118.00
0.190060	116.00
0.190080	118.00
0.190100	122.00
0.190120	127.00
0.190140	131.00
0.190160	133.00
0.190180	132.00
0.190200	128.00
0.190220	124.00
0.190240	121.00
0.190260	120.00
0.190280	122.00
0.190300	125.00
0.190320	129.00
0.190340	132.00
0.190360	132.00
0.190380	130.00
0.190400	126.00
0.190420	122.00
0.190440	119.00
0.190460	118.00
0.190480	119.00
0.190500	122.00
0.190520	126.00
0.190540	130.00
0.190560	132.00
0.190580	132.00
0.190600	129.00
0.190620	125.00
0.190640	121.00
0.190660	119.00
0.190680	118.00
0.190700	118.00
0.190720	120.00
0.190740	124.00
0.190760	128.00
0.190780	130.00
0.190800	130.00
0.190820	128.00
0.190840	125.00
0.190860	122.00
0.190880	121.00
0.190900	122.00
0.190920	124.00
0.190940	127.00
0.190960	128.00
0.190980	129.00
0.191000	128.00
0.191020	126.00
0.191040	124.00
0.191060	122.00
0.191080	120.00
0.191100	120.00
0.191120	121.00
0.191140	125.00
0.191160	129.00
0.191180	133.00
0.191200	135.00
0.191220	135.00
0.191240	133.00
0.191260	129.00
0.191280	124.00
0.191300	120.00
0.191320	117.00
0.191340	117.00
0.191360	119.00
0.191380	122.00
0.191400	126.00
0.191420	129.00
0.191440	132.00
0.191460	134.00
0.191480	134.00
0.191500	132.00
0.191520	127.00
0.191540	122.00
0.191560	118.00
0.191580	115.00
0.191600	115.00
0.191620	116.00
0.191640	120.00
0.191660	126.00
0.191680	132.00
0.191700	136.00
0.191720	137.00
0.191740	135.00
0.191760	130.00
0.191780	124.00
0.191800	117.00
0.191820	113.00
0.191840	112.00
0.191860	113.00
0.191880	118.00
0.191900	124.00
0.191920	129.00
0.191940	133.00
0.191960	135.00
0.191980	135.00
0.192000	133.00
0.192020	130.00
0.192040	127.00
0.192060	123.00
0.192080	121.00
0.192100	121.00
0.192120	120.00
0.192140	120.00
0.192160	121.00
0.192180	123.00
0.192200	126.00
0.192220	130.00
0.192240	132.00
0.192260	133.00
0.192280	132.00
0.192300	128.00
0.192320	124.00
0.192340	121.00
0.192360	119.00
0.192380	118.00
0.192400	120.00
0.192420	123.00
0.192440	126.00
0.192460	128.00
0.192480	130.00
0.192500	130.00
0.192520	129.00
0.192540	126.00
0.192560	124.00
0.192580	122.00
0.192600	122.00
0.192620	123.00
0.192640	125.00
0.192660	126.00
0.192680	127.00
0.192700	127.00
0.192720	126.00
0.192740	125.00
0.192760	123.00
0.192780	122.00
0.192800	122.00
0.192820	123.00
0.192840	125.00
0.192860	128.00
0.192880	130.00
0.192900	130.00
0.192920	128.00
0.192940	126.00
0.192960	122.00
0.192980	120.00
0.193000	119.00
0.193020	119.00
0.193040	121.00
0.193060	123.00
0.193080	126.00
0.193100	129.00
0.193120	131.00
0.193140	131.00
0.193160	129.00
0.193180	126.00
0.193200	123.00
0.193220	122.00
0.193240	121.00
0.193260	122.00
0.193280	123.00
0.193300	124.00
0.193320	125.00
0.193340	126.00
0.193360	127.00
0.193380	128.00
0.193400	129.00
0.193420	129.00
0.193440	129.00
0.193460	128.00
0.193480	126.00
0.193500	124.00
0.193520	122.00
0.193540	121.00
0.193560	121.00
0.193580	122.00
0.193600	125.00
0.193620	128.00
0.193640	130.00
0.193660	130.00
0.193680	128.00
0.193700	125.00
0.193720	121.00
0.193740	119.00
0.193760	119.00
0.193780	121.00
0.193800	124.00
0.193820	128.00
0.193840	132.00
0.193860	133.00
0.193880	131.00
0.193900	128.00
0.193920	123.00
0.193940	120.00
0.193960	118.00
0.193980	118.00
0.194000	121.00
0.194020	125.00
0.194040	129.00
0.194060	131.00
0.194080	132.00
0.194100	130.00
0.194120	127.00
0.194140	124.00
0.194160	122.00
0.194180	121.00
0.194200	122.00
0.194220	125.00
0.194240	128.00
0.194260	129.00
0.194280	128.00
0.194300	127.00
0.194320	126.00
0.194340	125.00
0.194360	123.00
0.194380	122.00
0.194400	121.00
0.194420	122.00
0.194440	125.00
0.194460	128.00
0.194480	130.00
0.194500	130.00
0.194520	129.00
0.194540	127.00
0.194560	124.00
0.194580	121.00
0.194600	118.00
0.194620	118.00
0.194640	120.00
0.194660	123.00
0.194680	126.00
0.194700	128.00
0.194720	130.00
0.194740	131.00
0.194760	130.00
0.194780	126.00
0.194800	122.00
0.194820	119.00
0.194840	119.00
0.194860	120.00
0.194880	121.00
0.194900	123.00
0.194920	126.00
0.194940	130.00
0.194960	133.00
0.194980	133.00
0.195000	131.00
0.195020	128.00
0.195040	125.00
0.195060	124.00
0.195080	123.00
0.195100	123.00
0.195120	123.00
0.195140	124.00
0.195160	126.00
0.195180	129.00
0.195200	130.00
0.195220	129.00
0.195240	129.00
0.195260	128.00
0.195280	127.00
0.195300	127.00
0.195320	126.00
0.195340	125.00
0.195360	125.00
0.195380	124.00
0.195400	123.00
0.195420	122.00
0.195440	122.00
0.195460	122.00
0.195480	123.00
0.195500	124.00
0.195520	125.00
0.195540	127.00
0.195560	127.00
0.195580	126.00
0.195600	125.00
0.195620	123.00
0.195640	122.00
0.195660	122.00
0.195680	123.00
0.195700	124.00
0.195720	125.00
0.195740	126.00
0.195760	127.00
0.195780	128.00
0.195800	128.00
0.195820	127.00
0.195840	126.00
0.195860	125.00
0.195880	125.00
0.195900	124.00
0.195920	125.00
0.195940	125.00
0.195960	126.00
0.195980	126.00
0.196000	125.00
0.196020	125.00
0.196040	126.00
0.196060	128.00
0.196080	129.00
0.196100	128.00
0.196120	127.00
0.196140	125.00
0.196160	123.00
0.196180	122.00
0.196200	121.00
0.196220	121.00
0.196240	123.00
0.196260	126.00
0.196280	129.00
0.196300	131.00
0.196320	132.00
0.196340	130.00
0.196360	127.00
0.196380	123.00
0.196400	119.00
0.196420	117.00
0.196440	117.00
0.196460	119.00
0.196480	123.00
0.196500	127.00
0.196520	130.00
0.196540	133.00
0.196560	134.00
0.196580	133.00
0.196600	131.00
0.196620	127.00
0.196640	124.00
0.196660	122.00
0.196680	121.00
0.196700	121.00
0.196720	122.00
0.196740	124.00
0.196760	127.00
0.196780	130.00
0.196800	131.00
0.196820	130.00
0.196840	128.00
0.196860	126.00
0.196880	124.00
0.196900	123.00
0.196920	122.00
0.196940	122.00
0.196960	122.00
0.196980	123.00
0.197000	124.00
0.197020	125.00
0.197040	126.00
0.197060	127.00
0.197080	127.00
0.197100	128.00
0.197120	127.00
0.197140	126.00
0.197160	125.00
0.197180	123.00
0.197200	121.00
0.197220	121.00
0.197240	121.00
0.197260	122.00
0.197280	124.00
0.197300	125.00
0.197320	125.00
0.197340	126.00
0.197360	125.00
0.197380	125.00
0.197400	123.00
0.197420	122.00
0.197440	123.00
0.197460	124.00
0.197480	126.00
0.197500	127.00
0.197520	127.00
0.197540	126.00
0.197560	125.00
0.197580	125.00
0.197600	125.00
0.197620	126.00
0.197640	127.00
0.197660	127.00
0.197680	126.00
0.197700	126.00
0.197720	126.00
0.197740	127.00
0.197760	127.00
0.197780	127.00
0.197800	127.00
0.197820	126.00
0.197840	125.00
0.197860	125.00
0.197880	125.00
0.197900	126.00
0.197920	127.00
0.197940	128.00
0.197960	128.00
0.197980	128.00
0.198000	128.00
0.198020	127.00
0.198040	127.00
0.198060	126.00
0.198080	126.00
0.198100	125.00
0.198120	126.00
0.198140	126.00
0.198160	126.00
0.198180	126.00
0.198200	124.00
0.198220	123.00
0.198240	123.00
0.198260	124.00
0.198280	124.00
0.198300	124.00
0.198320	124.00
0.198340	124.00
0.198360	124.00
0.198380	124.00
0.198400	124.00
0.198420	124.00
0.198440	125.00
0.198460	126.00
0.198480	126.00
0.198500	126.00
0.198520	126.00
0.198540	126.00
0.198560	126.00
0.198580	125.00
0.198600	124.00
0.198620	123.00
0.198640	122.00
0.198660	122.00
0.198680	123.00
0.198700	124.00
0.198720	125.00
0.198740	127.00
0.198760	128.00
0.198780	129.00
0.198800	129.00
0.198820	128.00
0.198840	127.00
0.198860	126.00
0.198880	125.00
0.198900	123.00
0.198920	122.00
0.198940	123.00
0.198960	125.00
0.198980	128.00
0.199000	130.00
0.199020	131.00
0.199040	131.00
0.199060	130.00
0.199080	129.00
0.199100	126.00
0.199120	124.00
0.199140	122.00
0.199160	121.00
0.199180	121.00
0.199200	121.00
0.199220	123.00
0.199240	125.00
0.199260	127.00
0.199280	129.00
0.199300	130.00
0.199320	128.00
0.199340	126.00
0.199360	123.00
0.199380	121.00
0.199400	120.00
0.199420	120.00
0.199440	121.00
0.199460	123.00
0.199480	124.00
0.199500	126.00
0.199520	127.00
0.199540	128.00
0.199560	128.00
0.199580	128.00
0.199600	127.00
0.199620	125.00
0.199640	123.00
0.199660	122.00
0.199680	123.00
0.199700	125.00
0.199720	126.00
0.199740	126.00
0.199760	125.00
0.199780	125.00
0.199800	125.00
0.199820	125.00
0.199840	125.00
0.199860	125.00
0.199880	125.00
0.199900	125.00
0.199920	126.00
0.199940	126.00
0.199960	126.00
0.199980	126.00
0.200000	126.00
0.200020	126.00
0.200040	126.00
0.200060	125.00
0.200080	124.00
0.200100	124.00
0.200120	125.00
0.200140	126.00
0.200160	126.00
0.200180	126.00
0.200200	125.00
0.200220	124.00
0.200240	123.00
0.200260	122.00
0.200280	122.00
0.200300	123.00
0.200320	124.00
0.200340	125.00
0.200360	125.00
0.200380	125.00
0.200400	125.00
0.200420	124.00
0.200440	125.00
0.200460	125.00
0.200480	125.00
0.200500	125.00
0.200520	124.00
0.200540	124.00
0.200560	125.00
0.200580	126.00
0.200600	127.00
0.200620	127.00
0.200640	126.00
0.200660	126.00
0.200680	126.00
0.200700	126.00
0.200720	126.00
0.200740	126.00
0.200760	126.00
0.200780	126.00
0.200800	126.00
0.200820	126.00
0.200840	127.00
0.200860	127.00
0.200880	128.00
0.200900	128.00
0.200920	127.00
0.200940	125.00
0.200960	124.00
0.200980	123.00
0.201000	123.00
0.201020	123.00
0.201040	124.00
0.201060	124.00
0.201080	124.00
0.201100	124.00
0.201120	125.00
0.201140	125.00
0.201160	126.00
0.201180	126.00
0.201200	125.00
0.201220	125.00
0.201240	125.00
0.201260	125.00
0.201280	124.00
0.201300	123.00
0.201320	122.00
0.201340	123.00
0.201360	123.00
0.201380	125.00
0.201400	126.00
0.201420	127.00
0.201440	127.00
0.201460	127.00
0.201480	127.00
0.201500	126.00
0.201520	126.00
0.201540	126.00
0.201560	126.00
0.201580	125.00
0.201600	124.00
0.201620	125.00
0.201640	126.00
0.201660	127.00
0.201680	127.00
0.201700	127.00
0.201720	126.00
0.201740	126.00
0.201760	126.00
0.201780	126.00
0.201800	126.00
0.201820	125.00
0.201840	125.00
0.201860	124.00
0.201880	124.00
0.201900	124.00
0.201920	124.00
0.201940	125.00
0.201960	126.00
0.201980	127.00
0.202000	126.00
0.202020	126.00
0.202040	126.00
0.202060	126.00
0.202080	127.00
0.202100	126.00
0.202120	124.00
0.202140	123.00
0.202160	123.00
0.202180	124.00
0.202200	124.00
0.202220	124.00
0.202240	124.00
0.202260	124.00
0.202280	125.00
0.202300	125.00
0.202320	125.00
0.202340	125.00
0.202360	124.00
0.202380	124.00
0.202400	125.00
0.202420	125.00
0.202440	125.00
0.202460	125.00
0.202480	125.00
0.202500	125.00
0.202520	126.00
0.202540	126.00
0.202560	126.00
0.202580	125.00
0.202600	125.00
0.202620	125.00
0.202640	125.00
0.202660	126.00
0.202680	126.00
0.202700	125.00
0.202720	125.00
0.202740	126.00
0.202760	126.00
0.202780	127.00
0.202800	127.00
0.202820	127.00
0.202840	127.00
0.202860	127.00
0.202880	126.00
0.202900	126.00
0.202920	126.00
0.202940	126.00
0.202960	125.00
0.202980	125.00
0.203000	123.00
0.203020	123.00
0.203040	123.00
0.203060	124.00
0.203080	126.00
0.203100	127.00
0.203120	127.00
0.203140	126.00
0.203160	125.00
0.203180	125.00
0.203200	124.00
0.203220	123.00
0.203240	122.00
0.203260	121.00
0.203280	120.00
0.203300	122.00
0.203320	124.00
0.203340	126.00
0.203360	128.00
0.203380	127.00
0.203400	126.00
0.203420	125.00
0.203440	125.00
0.203460	126.00
0.203480	126.00
0.203500	125.00
0.203520	125.00
0.203540	125.00
0.203560	125.00
0.203580	125.00
0.203600	126.00
0.203620	126.00
0.203640	126.00
0.203660	127.00
0.203680	127.00
0.203700	127.00
0.203720	127.00
0.203740	126.00
0.203760	126.00
0.203780	125.00
0.203800	125.00
0.203820	125.00
0.203840	126.00
0.203860	126.00
0.203880	127.00
0.203900	127.00
0.203920	127.00
0.203940	126.00
0.203960	125.00
0.203980	125.00
0.204000	124.00
0.204020	124.00
0.204040	124.00
0.204060	123.00
0.204080	123.00
0.204100	122.00
0.204120	122.00
0.204140	123.00
0.204160	124.00
0.204180	125.00
0.204200	126.00
0.204220	127.00
0.204240	126.00
0.204260	126.00
0.204280	125.00
0.204300	124.00
0.204320	124.00
0.204340	124.00
0.204360	124.00
0.204380	124.00
0.204400	124.00
0.204420	125.00
0.204440	125.00
0.204460	126.00
0.204480	126.00
0.204500	127.00
0.204520	127.00
0.204540	127.00
0.204560	127.00
0.204580	127.00
0.204600	126.00
0.204620	126.00
0.204640	126.00
0.204660	126.00
0.204680	126.00
0.204700	127.00
0.204720	127.00
0.204740	127.00
0.204760	128.00
0.204780	129.00
0.204800	129.00
0.204820	128.00
0.204840	128.00
0.204860	128.00
0.204880	127.00
0.204900	127.00
0.204920	127.00
0.204940	126.00
0.204960	125.00
0.204980	124.00
0.205000	124.00
0.205020	123.00
0.205040	124.00
0.205060	124.00
0.205080	124.00
0.205100	123.00
0.205120	123.00
0.205140	123.00
0.205160	123.00
0.205180	123.00
0.205200	123.00
0.205220	123.00
0.205240	124.00
0.205260	125.00
0.205280	126.00
0.205300	126.00
0.205320	125.00
0.205340	124.00
0.205360	124.00
0.205380	125.00
0.205400	125.00
0.205420	125.00
0.205440	124.00
0.205460	124.00
0.205480	125.00
0.205500	125.00
0.205520	126.00
0.205540	126.00
0.205560	125.00
0.205580	124.00
0.205600	124.00
0.205620	125.00
0.205640	126.00
0.205660	126.00
0.205680	126.00
0.205700	125.00
0.205720	125.00
0.205740	126.00
0.205760	127.00
0.205780	128.00
0.205800	127.00
0.205820	125.00
0.205840	124.00
0.205860	125.00
0.205880	125.00
0.205900	126.00
0.205920	125.00
0.205940	124.00
0.205960	124.00
0.205980	125.00
0.206000	125.00
0.206020	124.00
0.206040	123.00
0.206060	123.00
0.206080	123.00
0.206100	123.00
0.206120	124.00
0.206140	124.00
0.206160	124.00
0.206180	124.00
0.206200	125.00
0.206220	126.00
0.206240	127.00
0.206260	127.00
0.206280	127.00
0.206300	127.00
0.206320	126.00
0.206340	125.00
0.206360	125.00
0.206380	125.00
0.206400	125.00
0.206420	125.00
0.206440	125.00
0.206460	125.00
0.206480	125.00
0.206500	126.00
0.206520	126.00
0.206540	126.00
0.206560	125.00
0.206580	125.00
0.206600	125.00
0.206620	125.00
0.206640	126.00
0.206660	126.00
0.206680	125.00
0.206700	125.00
0.206720	125.00
0.206740	125.00
0.206760	125.00
0.206780	125.00
0.206800	126.00
0.206820	126.00
0.206840	127.00
0.206860	126.00
0.206880	125.00
0.206900	125.00
0.206920	124.00
0.206940	124.00
0.206960	125.00
0.206980	125.00
0.207000	126.00
0.207020	125.00
0.207040	125.00
0.207060	124.00
0.207080	125.00
0.207100	125.00
0.207120	124.00
0.207140	124.00
0.207160	123.00
0.207180	123.00
0.207200	124.00
0.207220	124.00
0.207240	125.00
0.207260	126.00
0.207280	126.00
0.207300	126.00
0.207320	126.00
0.207340	126.00
0.207360	126.00
0.207380	126.00
0.207400	126.00
0.207420	125.00
0.207440	125.00
0.207460	125.00
0.207480	125.00
0.207500	126.00
0.207520	127.00
0.207540	127.00
0.207560	127.00
0.207580	126.00
0.207600	125.00
0.207620	124.00
0.207640	125.00
0.207660	126.00
0.207680	127.00
0.207700	127.00
0.207720	127.00
0.207740	127.00
0.207760	126.00
0.207780	125.00
0.207800	125.00
0.207820	124.00
0.207840	124.00
0.207860	125.00
0.207880	125.00
0.207900	124.00
0.207920	124.00
0.207940	124.00
0.207960	124.00
0.207980	124.00
0.208000	124.00
0.208020	124.00
0.208040	124.00
0.208060	125.00
0.208080	125.00
0.208100	125.00
0.208120	125.00
0.208140	125.00
0.208160	126.00
0.208180	126.00
0.208200	126.00
0.208220	126.00
0.208240	126.00
0.208260	127.00
0.208280	127.00
0.208300	127.00
0.208320	126.00
0.208340	126.00
0.208360	126.00
0.208380	126.00
0.208400	126.00
0.208420	125.00
0.208440	125.00
0.208460	126.00
0.208480	128.00
0.208500	128.00
0.208520	127.00
0.208540	125.00
0.208560	124.00
0.208580	124.00
0.208600	125.00
0.208620	125.00
0.208640	125.00
0.208660	125.00
0.208680	126.00
0.208700	126.00
0.208720	126.00
0.208740	125.00
0.208760	124.00
0.208780	123.00
0.208800	124.00
0.208820	125.00
0.208840	125.00
0.208860	126.00
0.208880	126.00
0.208900	126.00
0.208920	125.00
0.208940	124.00
0.208960	123.00
0.208980	123.00
0.209000	123.00
0.209020	123.00
0.209040	122.00
0.209060	122.00
0.209080	122.00
0.209100	123.00
0.209120	123.00
0.209140	123.00
0.209160	123.00
0.209180	124.00
0.209200	125.00
0.209220	127.00
0.209240	127.00
0.209260	127.00
0.209280	126.00
0.209300	126.00
0.209320	126.00
0.209340	127.00
0.209360	126.00
0.209380	126.00
0.209400	126.00
0.209420	127.00
0.209440	127.00
0.209460	127.00
0.209480	126.00
0.209500	125.00
0.209520	125.00
0.209540	125.00
0.209560	125.00
0.209580	125.00
0.209600	125.00
0.209620	125.00
0.209640	125.00
0.209660	126.00
0.209680	126.00
0.209700	126.00
0.209720	126.00
0.209740	126.00
0.209760	126.00
0.209780	125.00
0.209800	125.00
0.209820	124.00
0.209840	125.00
0.209860	125.00
0.209880	125.00
0.209900	124.00
0.209920	123.00
0.209940	123.00
0.209960	124.00
0.209980	124.00
0.210000	125.00
0.210020	125.00
0.210040	125.00
0.210060	125.00
0.210080	124.00
0.210100	124.00
0.210120	124.00
0.210140	124.00
0.210160	126.00
0.210180	127.00
0.210200	127.00
0.210220	127.00
0.210240	127.00
0.210260	126.00
0.210280	126.00
0.210300	126.00
0.210320	125.00
0.210340	125.00
0.210360	126.00
0.210380	128.00
0.210400	130.00
0.210420	130.00
0.210440	128.00
0.210460	126.00
0.210480	124.00
0.210500	124.00
0.210520	125.00
0.210540	126.00
0.210560	127.00
0.210580	126.00
0.210600	125.00
0.210620	125.00
0.210640	125.00
0.210660	125.00
0.210680	125.00
0.210700	126.00
0.210720	126.00
0.210740	125.00
0.210760	125.00
0.210780	124.00
0.210800	124.00
0.210820	124.00
0.210840	124.00
0.210860	124.00
0.210880	124.00
0.210900	123.00
0.210920	124.00
0.210940	125.00
0.210960	125.00
0.210980	125.00
0.211000	123.00
0.211020	123.00
0.211040	123.00
0.211060	124.00
0.211080	125.00
0.211100	125.00
0.211120	124.00
0.211140	124.00
0.211160	125.00
0.211180	125.00
0.211200	125.00
0.211220	125.00
0.211240	126.00
0.211260	127.00
0.211280	128.00
0.211300	128.00
0.211320	127.00
0.211340	126.00
0.211360	126.00
0.211380	126.00
0.211400	126.00
0.211420	126.00
0.211440	125.00
0.211460	125.00
0.211480	126.00
0.211500	126.00
0.211520	125.00
0.211540	124.00
0.211560	124.00
0.211580	125.00
0.211600	125.00
0.211620	126.00
0.211640	125.00
0.211660	125.00
0.211680	125.00
0.211700	126.00
0.211720	126.00
0.211740	126.00
0.211760	125.00
0.211780	124.00
0.211800	124.00
0.211820	124.00
0.211840	125.00
0.211860	125.00
0.211880	125.00
0.211900	125.00
0.211920	124.00
0.211940	123.00
0.211960	123.00
0.211980	123.00
0.212000	123.00
0.212020	123.00
0.212040	123.00
0.212060	124.00
0.212080	126.00
0.212100	127.00
0.212120	127.00
0.212140	126.00
0.212160	125.00
0.212180	124.00
0.212200	124.00
0.212220	124.00
0.212240	124.00
0.212260	124.00
0.212280	124.00
0.212300	124.00
0.212320	125.00
0.212340	125.00
0.212360	125.00
0.212380	125.00
0.212400	126.00
0.212420	126.00
0.212440	126.00
0.212460	125.00
0.212480	124.00
0.212500	124.00
0.212520	125.00
0.212540	125.00
0.212560	126.00
0.212580	126.00
0.212600	126.00
0.212620	126.00
0.212640	126.00
0.212660	126.00
0.212680	126.00
0.212700	126.00
0.212720	125.00
0.212740	125.00
0.212760	125.00
0.212780	125.00
0.212800	125.00
0.212820	124.00
0.212840	124.00
0.212860	123.00
0.212880	123.00
0.212900	123.00
0.212920	123.00
0.212940	124.00
0.212960	125.00
0.212980	125.00
0.213000	125.00
0.213020	126.00
0.213040	126.00
0.213060	127.00
0.213080	127.00
0.213100	128.00
0.213120	128.00
0.213140	128.00
0.213160	127.00
0.213180	126.00
0.213200	126.00
0.213220	125.00
0.213240	126.00
0.213260	126.00
0.213280	126.00
0.213300	127.00
0.213320	127.00
0.213340	127.00
0.213360	127.00
0.213380	127.00
0.213400	126.00
0.213420	126.00
0.213440	126.00
0.213460	127.00
0.213480	127.00
0.213500	127.00
0.213520	126.00
0.213540	125.00
0.213560	124.00
0.213580	124.00
0.213600	124.00
0.213620	124.00
0.213640	125.00
0.213660	125.00
0.213680	126.00
0.213700	126.00
0.213720	125.00
0.213740	125.00
0.213760	124.00
0.213780	123.00
0.213800	122.00
0.213820	121.00
0.213840	121.00
0.213860	123.00
0.213880	124.00
0.213900	125.00
0.213920	125.00
0.213940	125.00
0.213960	126.00
0.213980	126.00
0.214000	126.00
0.214020	126.00
0.214040	125.00
0.214060	125.00
0.214080	126.00
0.214100	127.00
0.214120	127.00
0.214140	126.00
0.214160	124.00
0.214180	123.00
0.214200	124.00
0.214220	124.00
0.214240	124.00
0.214260	124.00
0.214280	124.00
0.214300	124.00
0.214320	125.00
0.214340	126.00
0.214360	126.00
0.214380	126.00
0.214400	126.00
0.214420	126.00
0.214440	126.00
0.214460	126.00
0.214480	126.00
0.214500	126.00
0.214520	125.00
0.214540	125.00
0.214560	125.00
0.214580	125.00
0.214600	125.00
0.214620	125.00
0.214640	126.00
0.214660	126.00
0.214680	125.00
0.214700	125.00
0.214720	125.00
0.214740	125.00
0.214760	125.00
0.214780	125.00
0.214800	124.00
0.214820	123.00
0.214840	123.00
0.214860	122.00
0.214880	122.00
0.214900	122.00
0.214920	122.00
0.214940	123.00
0.214960	124.00
0.214980	125.00
0.215000	126.00
0.215020	127.00
0.215040	127.00
0.215060	126.00
0.215080	126.00
0.215100	126.00
0.215120	126.00
0.215140	126.00
0.215160	126.00
0.215180	126.00
0.215200	125.00
0.215220	125.00
0.215240	125.00
0.215260	126.00
0.215280	126.00
0.215300	126.00
0.215320	125.00
0.215340	125.00
0.215360	125.00
0.215380	125.00
0.215400	125.00
0.215420	126.00
0.215440	126.00
0.215460	125.00
0.215480	125.00
0.215500	125.00
0.215520	125.00
0.215540	126.00
0.215560	126.00
0.215580	126.00
0.215600	126.00
0.215620	126.00
0.215640	126.00
0.215660	126.00
0.215680	125.00
0.215700	124.00
0.215720	123.00
0.215740	122.00
0.215760	122.00
0.215780	123.00
0.215800	123.00
0.215820	124.00
0.215840	126.00
0.215860	126.00
0.215880	127.00
0.215900	127.00
0.215920	126.00
0.215940	126.00
0.215960	126.00
0.215980	126.00
0.216000	127.00
0.216020	127.00
0.216040	127.00
0.216060	126.00
0.216080	126.00
0.216100	124.00
0.216120	123.00
0.216140	123.00
0.216160	123.00
0.216180	124.00
0.216200	125.00
0.216220	126.00
0.216240	127.00
0.216260	127.00
0.216280	128.00
0.216300	128.00
0.216320	127.00
0.216340	126.00
0.216360	125.00
0.216380	126.00
0.216400	126.00
0.216420	127.00
0.216440	126.00
0.216460	125.00
0.216480	125.00
0.216500	125.00
0.216520	125.00
0.216540	125.00
0.216560	124.00
0.216580	124.00
0.216600	124.00
0.216620	124.00
0.216640	125.00
0.216660	125.00
0.216680	125.00
0.216700	124.00
0.216720	124.00
0.216740	123.00
0.216760	123.00
0.216780	122.00
0.216800	123.00
0.216820	124.00
0.216840	124.00
0.216860	124.00
0.216880	123.00
0.216900	122.00
0.216920	123.00
0.216940	124.00
0.216960	126.00
0.216980	126.00
0.217000	126.00
0.217020	125.00
0.217040	125.00
0.217060	125.00
0.217080	125.00
0.217100	126.00
0.217120	127.00
0.217140	127.00
0.217160	126.00
0.217180	126.00
0.217200	125.00
0.217220	125.00
0.217240	127.00
0.217260	128.00
0.217280	128.00
0.217300	126.00
0.217320	125.00
0.217340	125.00
0.217360	127.00
0.217380	128.00
0.217400	128.00
0.217420	126.00
0.217440	125.00
0.217460	125.00
0.217480	125.00
0.217500	125.00
0.217520	125.00
0.217540	125.00
0.217560	125.00
0.217580	125.00
0.217600	126.00
0.217620	126.00
0.217640	126.00
0.217660	126.00
0.217680	125.00
0.217700	125.00
0.217720	125.00
0.217740	125.00
0.217760	125.00
0.217780	125.00
0.217800	125.00
0.217820	126.00
0.217840	126.00
0.217860	127.00
0.217880	127.00
0.217900	126.00
0.217920	125.00
0.217940	125.00
0.217960	125.00
0.217980	125.00
0.218000	125.00
0.218020	124.00
0.218040	124.00
0.218060	124.00
0.218080	125.00
0.218100	126.00
0.218120	127.00
0.218140	126.00
0.218160	125.00
0.218180	124.00
0.218200	124.00
0.218220	125.00
0.218240	126.00
0.218260	127.00
0.218280	127.00
0.218300	126.00
0.218320	126.00
0.218340	125.00
0.218360	125.00
0.218380	125.00
0.218400	125.00
0.218420	126.00
0.218440	126.00
0.218460	125.00
0.218480	124.00
0.218500	124.00
0.218520	124.00
0.218540	124.00
0.218560	124.00
0.218580	125.00
0.218600	125.00
0.218620	125.00
0.218640	126.00
0.218660	126.00
0.218680	125.00
0.218700	123.00
0.218720	122.00
0.218740	123.00
0.218760	125.00
0.218780	126.00
0.218800	126.00
0.218820	125.00
0.218840	124.00
0.218860	125.00
0.218880	127.00
0.218900	127.00
0.218920	127.00
0.218940	125.00
0.218960	124.00
0.218980	125.00
0.219000	125.00
0.219020	126.00
0.219040	126.00
0.219060	126.00
0.219080	125.00
0.219100	125.00
0.219120	125.00
0.219140	125.00
0.219160	126.00
0.219180	126.00
0.219200	126.00
0.219220	126.00
0.219240	126.00
0.219260	126.00
0.219280	126.00
0.219300	126.00
0.219320	125.00
0.219340	125.00
0.219360	125.00
0.219380	125.00
0.219400	126.00
0.219420	126.00
0.219440	127.00
0.219460	126.00
0.219480	125.00
0.219500	124.00
0.219520	124.00
0.219540	124.00
0.219560	125.00
0.219580	126.00
0.219600	126.00
0.219620	125.00
0.219640	124.00
0.219660	124.00
0.219680	124.00
0.219700	124.00
0.219720	124.00
0.219740	124.00
0.219760	125.00
0.219780	125.00
0.219800	125.00
0.219820	125.00
0.219840	126.00
0.219860	126.00
0.219880	127.00
0.219900	126.00
0.219920	126.00
0.219940	125.00
0.219960	125.00
0.219980	126.00
0.220000	126.00
0.220020	126.00
0.220040	126.00
0.220060	126.00
0.220080	126.00
0.220100	126.00
0.220120	126.00
0.220140	126.00
0.220160	126.00
0.220180	127.00
0.220200	127.00
0.220220	126.00
0.220240	126.00
0.220260	126.00
0.220280	126.00
0.220300	127.00
0.220320	126.00
0.220340	126.00
0.220360	126.00
0.220380	126.00
0.220400	125.00
0.220420	125.00
0.220440	124.00
0.220460	124.00
0.220480	124.00
0.220500	125.00
0.220520	125.00
0.220540	125.00
0.220560	125.00
0.220580	124.00
0.220600	124.00
0.220620	123.00
0.220640	123.00
0.220660	123.00
0.220680	124.00
0.220700	124.00
0.220720	124.00
0.220740	124.00
0.220760	124.00
0.220780	125.00
0.220800	125.00
0.220820	125.00
0.220840	124.00
0.220860	124.00
0.220880	124.00
0.220900	124.00
0.220920	125.00
0.220940	125.00
0.220960	125.00
0.220980	125.00
0.221000	125.00
0.221020	125.00
0.221040	125.00
0.221060	124.00
0.221080	124.00
0.221100	123.00
0.221120	124.00
0.221140	124.00
0.221160	125.00
0.221180	125.00
0.221200	126.00
0.221220	126.00
0.221240	126.00
0.221260	126.00
0.221280	126.00
0.221300	126.00
0.221320	125.00
0.221340	124.00
0.221360	124.00
0.221380	123.00
0.221400	123.00
0.221420	124.00
0.221440	125.00
0.221460	126.00
0.221480	126.00
0.221500	126.00
0.221520	125.00
0.221540	125.00
0.221560	124.00
0.221580	125.00
0.221600	125.00
0.221620	124.00
0.221640	124.00
0.221660	124.00
0.221680	124.00
0.221700	124.00
0.221720	124.00
0.221740	124.00
0.221760	124.00
0.221780	125.00
0.221800	126.00
0.221820	126.00
0.221840	126.00
0.221860	125.00
0.221880	125.00
0.221900	125.00
0.221920	125.00
0.221940	124.00
0.221960	124.00
0.221980	125.00
0.222000	125.00
0.222020	126.00
0.222040	126.00
0.222060	126.00
0.222080	126.00
0.222100	127.00
0.222120	127.00
0.222140	127.00
0.222160	127.00
0.222180	128.00
0.222200	127.00
0.222220	127.00
0.222240	126.00
0.222260	125.00
0.222280	125.00
0.222300	126.00
0.222320	126.00
0.222340	125.00
0.222360	124.00
0.222380	122.00
0.222400	122.00
0.222420	123.00
0.222440	123.00
0.222460	123.00
0.222480	123.00
0.222500	123.00
0.222520	123.00
0.222540	124.00
0.222560	125.00
0.222580	125.00
0.222600	125.00
0.222620	125.00
0.222640	124.00
0.222660	124.00
0.222680	123.00
0.222700	123.00
0.222720	124.00
0.222740	125.00
0.222760	126.00
0.222780	127.00
0.222800	126.00
0.222820	126.00
0.222840	125.00
0.222860	125.00
0.222880	125.00
0.222900	126.00
0.222920	126.00
0.222940	127.00
0.222960	127.00
0.222980	127.00
0.223000	127.00
0.223020	126.00
0.223040	126.00
0.223060	125.00
0.223080	125.00
0.223100	126.00
0.223120	126.00
0.223140	126.00
0.223160	125.00
0.223180	125.00
0.223200	126.00
0.223220	126.00
0.223240	125.00
0.223260	125.00
0.223280	126.00
0.223300	126.00
0.223320	126.00
0.223340	126.00
0.223360	125.00
0.223380	124.00
0.223400	124.00
0.223420	124.00
0.223440	124.00
0.223460	124.00
0.223480	124.00
0.223500	124.00
0.223520	124.00
0.223540	125.00
0.223560	126.00
0.223580	126.00
0.223600	126.00
0.223620	126.00
0.223640	125.00
0.223660	124.00
0.223680	124.00
0.223700	124.00
0.223720	125.00
0.223740	126.00
0.223760	126.00
0.223780	126.00
0.223800	125.00
0.223820	125.00
0.223840	126.00
0.223860	126.00
0.223880	126.00
0.223900	125.00
0.223920	124.00
0.223940	123.00
0.223960	124.00
0.223980	126.00
0.224000	127.00
0.224020	128.00
0.224040	128.00
0.224060	128.00
0.224080	127.00
0.224100	127.00
0.224120	126.00
0.224140	125.00
0.224160	125.00
0.224180	125.00
0.224200	125.00
0.224220	124.00
0.224240	124.00
0.224260	124.00
0.224280	124.00
0.224300	125.00
0.224320	126.00
0.224340	125.00
0.224360	125.00
0.224380	124.00
0.224400	123.00
0.224420	123.00
0.224440	122.00
0.224460	123.00
0.224480	123.00
0.224500	124.00
0.224520	124.00
0.224540	123.00
0.224560	123.00
0.224580	123.00
0.224600	124.00
0.224620	126.00
0.224640	126.00
0.224660	126.00
0.224680	126.00
0.224700	125.00
0.224720	125.00
0.224740	125.00
0.224760	125.00
0.224780	125.00
0.224800	125.00
0.224820	126.00
0.224840	126.00
0.224860	126.00
0.224880	125.00
0.224900	125.00
0.224920	126.00
0.224940	127.00
0.224960	127.00
0.224980	128.00
0.225000	128.00
0.225020	127.00
0.225040	127.00
0.225060	127.00
0.225080	126.00
0.225100	126.00
0.225120	126.00
0.225140	125.00
0.225160	124.00
0.225180	123.00
0.225200	123.00
0.225220	123.00
0.225240	124.00
0.225260	125.00
0.225280	125.00
0.225300	125.00
0.225320	123.00
0.225340	122.00
0.225360	122.00
0.225380	123.00
0.225400	125.00
0.225420	126.00
0.225440	126.00
0.225460	125.00
0.225480	124.00
0.225500	123.00
0.225520	124.00
0.225540	125.00
0.225560	126.00
0.225580	126.00
0.225600	126.00
0.225620	126.00
0.225640	126.00
0.225660	126.00
0.225680	126.00
0.225700	126.00
0.225720	126.00
0.225740	125.00
0.225760	125.00
0.225780	125.00
0.225800	126.00
0.225820	126.00
0.225840	127.00
0.225860	126.00
0.225880	126.00
0.225900	125.00
0.225920	126.00
0.225940	127.00
0.225960	127.00
0.225980	127.00
0.226000	126.00
0.226020	126.00
0.226040	126.00
0.226060	126.00
0.226080	125.00
0.226100	125.00
0.226120	125.00
0.226140	125.00
0.226160	125.00
0.226180	125.00
0.226200	125.00
0.226220	125.00
0.226240	125.00
0.226260	125.00
0.226280	125.00
0.226300	125.00
0.226320	125.00
0.226340	125.00
0.226360	125.00
0.226380	125.00
0.226400	126.00
0.226420	126.00
0.226440	125.00
0.226460	125.00
0.226480	124.00
0.226500	124.00
0.226520	124.00
0.226540	125.00
0.226560	126.00
0.226580	127.00
0.226600	127.00
0.226620	128.00
0.226640	127.00
0.226660	126.00
0.226680	124.00
0.226700	123.00
0.226720	123.00
0.226740	124.00
0.226760	124.00
0.226780	124.00
0.226800	124.00
0.226820	124.00
0.226840	125.00
0.226860	126.00
0.226880	127.00
0.226900	127.00
0.226920	127.00
0.226940	126.00
0.226960	126.00
0.226980	126.00
0.227000	127.00
0.227020	126.00
0.227040	125.00
0.227060	124.00
0.227080	124.00
0.227100	125.00
0.227120	126.00
0.227140	126.00
0.227160	125.00
0.227180	124.00
0.227200	123.00
0.227220	123.00
0.227240	123.00
0.227260	123.00
0.227280	123.00
0.227300	124.00
0.227320	125.00
0.227340	125.00
0.227360	125.00
0.227380	125.00
0.227400	125.00
0.227420	125.00
0.227440	125.00
0.227460	125.00
0.227480	123.00
0.227500	122.00
0.227520	123.00
0.227540	124.00
0.227560	125.00
0.227580	125.00
0.227600	124.00
0.227620	124.00
0.227640	124.00
0.227660	125.00
0.227680	126.00
0.227700	126.00
0.227720	126.00
0.227740	126.00
0.227760	127.00
0.227780	128.00
0.227800	128.00
0.227820	127.00
0.227840	127.00
0.227860	127.00
0.227880	127.00
0.227900	127.00
0.227920	127.00
0.227940	126.00
0.227960	126.00
0.227980	125.00
0.228000	125.00
0.228020	124.00
0.228040	123.00
0.228060	123.00
0.228080	123.00
0.228100	124.00
0.228120	124.00
0.228140	124.00
0.228160	124.00
0.228180	123.00
0.228200	123.00
0.228220	123.00
0.228240	123.00
0.228260	124.00
0.228280	125.00
0.228300	126.00
0.228320	126.00
0.228340	126.00
0.228360	126.00
0.228380	126.00
0.228400	126.00
0.228420	126.00
0.228440	125.00
0.228460	125.00
0.228480	125.00
0.228500	126.00
0.228520	126.00
0.228540	126.00
0.228560	126.00
0.228580	126.00
0.228600	125.00
0.228620	124.00
0.228640	124.00
0.228660	124.00
0.228680	124.00
0.228700	124.00
0.228720	124.00
0.228740	124.00
0.228760	124.00
0.228780	125.00
0.228800	125.00
0.228820	125.00
0.228840	125.00
0.228860	125.00
0.228880	126.00
0.228900	126.00
0.228920	127.00
0.228940	126.00
0.228960	126.00
0.228980	126.00
