0.173000	101.00
0.173020	50.00
0.173040	102.00
0.173060	141.00
0.173080	144.00
0.173100	125.00
0.173120	112.00
0.173140	119.00
0.173160	132.00
0.173180	136.00
0.173200	128.00
0.173220	120.00
0.173240	122.00
0.173260	129.00
0.173280	131.00
0.173300	126.00
0.173320	121.00
0.173340	122.00
0.173360	126.00
0.173380	127.00
0.173400	124.00
0.173420	121.00
0.173440	123.00
0.173460	128.00
0.173480	129.00
0.173500	127.00
0.173520	123.00
0.173540	124.00
0.173560	127.00
0.173580	127.00
0.173600	125.00
0.173620	123.00
0.173640	124.00
0.173660	127.00
0.173680	128.00
0.173700	127.00
0.173720	125.00
0.173740	125.00
0.173760	126.00
0.173780	126.00
0.173800	124.00
0.173820	123.00
0.173840	124.00
0.173860	126.00
0.173880	126.00
0.173900	124.00
0.173920	123.00
0.173940	125.00
0.173960	126.00
0.173980	126.00
0.174000	124.00
0.174020	123.00
0.174040	124.00
0.174060	127.00
0.174080	129.00
0.174100	128.00
0.174120	126.00
0.174140	126.00
0.174160	126.00
0.174180	126.00
0.174200	124.00
0.174220	123.00
0.174240	124.00
0.174260	126.00
0.174280	127.00
0.174300	126.00
0.174320	125.00
0.174340	125.00
0.174360	127.00
0.174380	129.00
0.174400	128.00
0.174420	126.00
0.174440	125.00
0.174460	124.00
0.174480	124.00
0.174500	123.00
0.174520	123.00
0.174540	124.00
0.174560	125.00
0.174580	125.00
0.174600	124.00
0.174620	124.00
0.174640	126.00
0.174660	128.00
0.174680	128.00
0.174700	126.00
0.174720	124.00
0.174740	124.00
0.174760	125.00
0.174780	126.00
0.174800	126.00
0.174820	125.00
0.174840	125.00
0.174860	126.00
0.174880	127.00
0.174900	127.00
0.174920	127.00
0.174940	127.00
0.174960	127.00
0.174980	126.00
0.175000	125.00
0.175020	124.00
0.175040	125.00
0.175060	127.00
0.175080	127.00
0.175100	126.00
0.175120	125.00
0.175140	125.00
0.175160	126.00
0.175180	126.00
0.175200	125.00
0.175220	124.00
0.175240	125.00
0.175260	126.00
0.175280	126.00
0.175300	126.00
0.175320	125.00
0.175340	125.00
0.175360	126.00
0.175380	126.00
0.175400	125.00
0.175420	124.00
0.175440	124.00
0.175460	126.00
0.175480	126.00
0.175500	126.00
0.175520	125.00
0.175540	125.00
0.175560	126.00
0.175580	127.00
0.175600	126.00
0.175620	124.00
0.175640	124.00
0.175660	124.00
0.175680	124.00
0.175700	124.00
0.175720	124.00
0.175740	125.00
0.175760	126.00
0.175780	127.00
0.175800	126.00
0.175820	125.00
0.175840	125.00
0.175860	125.00
0.175880	125.00
0.175900	125.00
0.175920	125.00
0.175940	126.00
0.175960	128.00
0.175980	128.00
0.176000	127.00
0.176020	125.00
0.176040	125.00
0.176060	125.00
0.176080	126.00
0.176100	126.00
0.176120	127.00
0.176140	128.00
0.176160	128.00
0.176180	127.00
0.176200	125.00
0.176220	124.00
0.176240	124.00
0.176260	124.00
0.176280	125.00
0.176300	124.00
0.176320	123.00
0.176340	123.00
0.176360	124.00
0.176380	125.00
0.176400	124.00
0.176420	124.00
0.176440	124.00
0.176460	125.00
0.176480	126.00
0.176500	125.00
0.176520	125.00
0.176540	124.00
0.176560	124.00
0.176580	125.00
0.176600	126.00
0.176620	127.00
0.176640	127.00
0.176660	127.00
0.176680	126.00
0.176700	125.00
0.176720	125.00
0.176740	126.00
0.176760	127.00
0.176780	128.00
0.176800	128.00
0.176820	127.00
0.176840	126.00
0.176860	125.00
0.176880	125.00
0.176900	124.00
0.176920	124.00
0.176940	125.00
0.176960	125.00
0.176980	124.00
0.177000	124.00
0.177020	124.00
0.177040	125.00
0.177060	126.00
0.177080	126.00
0.177100	125.00
0.177120	124.00
0.177140	124.00
0.177160	125.00
0.177180	126.00
0.177200	126.00
0.177220	126.00
0.177240	126.00
0.177260	127.00
0.177280	126.00
0.177300	125.00
0.177320	124.00
0.177340	124.00
0.177360	124.00
0.177380	124.00
0.177400	123.00
0.177420	123.00
0.177440	124.00
0.177460	126.00
0.177480	127.00
0.177500	127.00
0.177520	127.00
0.177540	126.00
0.177560	126.00
0.177580	125.00
0.177600	125.00
0.177620	125.00
0.177640	125.00
0.177660	126.00
0.177680	125.00
0.177700	125.00
0.177720	125.00
0.177740	126.00
0.177760	128.00
0.177780	128.00
0.177800	126.00
0.177820	125.00
0.177840	124.00
0.177860	125.00
0.177880	127.00
0.177900	127.00
0.177920	126.00
0.177940	124.00
0.177960	124.00
0.177980	125.00
0.178000	126.00
0.178020	126.00
0.178040	126.00
0.178060	126.00
0.178080	126.00
0.178100	126.00
0.178120	126.00
0.178140	125.00
0.178160	124.00
0.178180	124.00
0.178200	123.00
0.178220	123.00
0.178240	123.00
0.178260	122.00
0.178280	122.00
0.178300	123.00
0.178320	124.00
0.178340	125.00
0.178360	125.00
0.178380	125.00
0.178400	124.00
0.178420	124.00
0.178440	125.00
0.178460	127.00
0.178480	127.00
0.178500	126.00
0.178520	126.00
0.178540	126.00
0.178560	126.00
0.178580	126.00
0.178600	126.00
0.178620	126.00
0.178640	126.00
0.178660	126.00
0.178680	125.00
0.178700	125.00
0.178720	125.00
0.178740	125.00
0.178760	125.00
0.178780	125.00
0.178800	125.00
0.178820	125.00
0.178840	125.00
0.178860	126.00
0.178880	126.00
0.178900	126.00
0.178920	126.00
0.178940	126.00
0.178960	126.00
0.178980	125.00
0.179000	124.00
0.179020	123.00
0.179040	123.00
0.179060	124.00
0.179080	124.00
0.179100	124.00
0.179120	123.00
0.179140	124.00
0.179160	125.00
0.179180	126.00
0.179200	127.00
0.179220	127.00
0.179240	126.00
0.179260	125.00
0.179280	124.00
0.179300	124.00
0.179320	125.00
0.179340	126.00
0.179360	127.00
0.179380	127.00
0.179400	127.00
0.179420	127.00
0.179440	128.00
0.179460	128.00
0.179480	127.00
0.179500	126.00
0.179520	125.00
0.179540	126.00
0.179560	126.00
0.179580	126.00
0.179600	126.00
0.179620	126.00
0.179640	125.00
0.179660	126.00
0.179680	126.00
0.179700	126.00
0.179720	126.00
0.179740	127.00
0.179760	127.00
0.179780	127.00
0.179800	126.00
0.179820	125.00
0.179840	125.00
0.179860	125.00
0.179880	125.00
0.179900	126.00
0.179920	126.00
0.179940	126.00
0.179960	126.00
0.179980	125.00
0.180000	124.00
0.180020	124.00
0.180040	124.00
0.180060	125.00
0.180080	126.00
0.180100	125.00
0.180120	125.00
0.180140	126.00
0.180160	126.00
0.180180	126.00
0.180200	125.00
0.180220	123.00
0.180240	123.00
0.180260	123.00
0.180280	124.00
0.180300	124.00
0.180320	123.00
0.180340	123.00
0.180360	123.00
0.180380	124.00
0.180400	125.00
0.180420	126.00
0.180440	126.00
0.180460	126.00
0.180480	126.00
0.180500	125.00
0.180520	125.00
0.180540	126.00
0.180560	126.00
0.180580	126.00
0.180600	126.00
0.180620	126.00
0.180640	126.00
0.180660	127.00
0.180680	127.00
0.180700	127.00
0.180720	126.00
0.180740	127.00
0.180760	127.00
0.180780	127.00
0.180800	127.00
0.180820	126.00
0.180840	127.00
0.180860	127.00
0.180880	126.00
0.180900	125.00
0.180920	124.00
0.180940	124.00
0.180960	125.00
0.180980	126.00
0.181000	126.00
0.181020	125.00
0.181040	125.00
0.181060	125.00
0.181080	126.00
0.181100	126.00
0.181120	125.00
0.181140	125.00
0.181160	125.00
0.181180	125.00
0.181200	124.00
0.181220	124.00
0.181240	124.00
0.181260	124.00
0.181280	125.00
0.181300	125.00
0.181320	126.00
0.181340	127.00
0.181360	128.00
0.181380	127.00
0.181400	126.00
0.181420	125.00
0.181440	125.00
0.181460	126.00
0.181480	126.00
0.181500	125.00
0.181520	125.00
0.181540	125.00
0.181560	126.00
0.181580	126.00
0.181600	126.00
0.181620	126.00
0.181640	126.00
0.181660	126.00
0.181680	127.00
0.181700	127.00
0.181720	126.00
0.181740	125.00
0.181760	124.00
0.181780	125.00
0.181800	125.00
0.181820	125.00
0.181840	125.00
0.181860	125.00
0.181880	124.00
0.181900	124.00
0.181920	125.00
0.181940	126.00
0.181960	127.00
0.181980	127.00
0.182000	126.00
0.182020	125.00
0.182040	124.00
0.182060	125.00
0.182080	125.00
0.182100	126.00
0.182120	125.00
0.182140	125.00
0.182160	126.00
0.182180	126.00
0.182200	126.00
0.182220	126.00
0.182240	125.00
0.182260	125.00
0.182280	124.00
0.182300	124.00
0.182320	123.00
0.182340	123.00
0.182360	124.00
0.182380	126.00
0.182400	127.00
0.182420	127.00
0.182440	126.00
0.182460	126.00
0.182480	125.00
0.182500	126.00
0.182520	126.00
0.182540	126.00
0.182560	126.00
0.182580	126.00
0.182600	125.00
0.182620	125.00
0.182640	125.00
0.182660	125.00
0.182680	125.00
0.182700	126.00
0.182720	126.00
0.182740	126.00
0.182760	125.00
0.182780	125.00
0.182800	125.00
0.182820	125.00
0.182840	126.00
0.182860	126.00
0.182880	125.00
0.182900	125.00
0.182920	124.00
0.182940	124.00
0.182960	124.00
0.182980	124.00
0.183000	125.00
0.183020	126.00
0.183040	127.00
0.183060	127.00
0.183080	126.00
0.183100	124.00
0.183120	123.00
0.183140	123.00
0.183160	124.00
0.183180	125.00
0.183200	125.00
0.183220	124.00
0.183240	125.00
0.183260	126.00
0.183280	127.00
0.183300	127.00
0.183320	127.00
0.183340	126.00
0.183360	126.00
0.183380	127.00
0.183400	126.00
0.183420	126.00
0.183440	125.00
0.183460	124.00
0.183480	123.00
0.183500	123.00
0.183520	124.00
0.183540	125.00
0.183560	127.00
0.183580	127.00
0.183600	127.00
0.183620	126.00
0.183640	125.00
0.183660	125.00
0.183680	126.00
0.183700	126.00
0.183720	126.00
0.183740	125.00
0.183760	125.00
0.183780	124.00
0.183800	125.00
0.183820	125.00
0.183840	125.00
0.183860	125.00
0.183880	124.00
0.183900	124.00
0.183920	124.00
0.183940	125.00
0.183960	126.00
0.183980	126.00
0.184000	126.00
0.184020	125.00
0.184040	126.00
0.184060	126.00
0.184080	126.00
0.184100	125.00
0.184120	124.00
0.184140	124.00
0.184160	124.00
0.184180	124.00
0.184200	124.00
0.184220	124.00
0.184240	126.00
0.184260	127.00
0.184280	128.00
0.184300	127.00
0.184320	126.00
0.184340	126.00
0.184360	125.00
0.184380	124.00
0.184400	123.00
0.184420	123.00
0.184440	124.00
0.184460	125.00
0.184480	126.00
0.184500	126.00
0.184520	126.00
0.184540	126.00
0.184560	127.00
0.184580	127.00
0.184600	127.00
0.184620	126.00
0.184640	125.00
0.184660	125.00
0.184680	125.00
0.184700	126.00
0.184720	126.00
0.184740	126.00
0.184760	126.00
0.184780	125.00
0.184800	124.00
0.184820	123.00
0.184840	124.00
0.184860	125.00
0.184880	126.00
0.184900	125.00
0.184920	125.00
0.184940	125.00
0.184960	124.00
0.184980	124.00
0.185000	124.00
0.185020	124.00
0.185040	124.00
0.185060	125.00
0.185080	125.00
0.185100	126.00
0.185120	125.00
0.185140	125.00
0.185160	125.00
0.185180	126.00
0.185200	126.00
0.185220	127.00
0.185240	127.00
0.185260	127.00
0.185280	126.00
0.185300	125.00
0.185320	125.00
0.185340	126.00
0.185360	125.00
0.185380	125.00
0.185400	124.00
0.185420	124.00
0.185440	125.00
0.185460	126.00
0.185480	126.00
0.185500	125.00
0.185520	125.00
0.185540	127.00
0.185560	128.00
0.185580	128.00
0.185600	127.00
0.185620	126.00
0.185640	126.00
0.185660	127.00
0.185680	127.00
0.185700	127.00
0.185720	126.00
0.185740	125.00
0.185760	125.00
0.185780	124.00
0.185800	124.00
0.185820	123.00
0.185840	124.00
0.185860	125.00
0.185880	126.00
0.185900	126.00
0.185920	125.00
0.185940	125.00
0.185960	125.00
0.185980	125.00
0.186000	125.00
0.186020	125.00
0.186040	125.00
0.186060	125.00
0.186080	124.00
0.186100	124.00
0.186120	124.00
0.186140	125.00
0.186160	127.00
0.186180	128.00
0.186200	127.00
0.186220	127.00
0.186240	126.00
0.186260	126.00
0.186280	126.00
0.186300	126.00
0.186320	125.00
0.186340	125.00
0.186360	125.00
0.186380	125.00
0.186400	124.00
0.186420	124.00
0.186440	123.00
0.186460	124.00
0.186480	126.00
0.186500	128.00
0.186520	129.00
0.186540	128.00
0.186560	126.00
0.186580	124.00
0.186600	123.00
0.186620	122.00
0.186640	123.00
0.186660	124.00
0.186680	126.00
0.186700	128.00
0.186720	130.00
0.186740	130.00
0.186760	128.00
0.186780	125.00
0.186800	122.00
0.186820	121.00
0.186840	121.00
0.186860	122.00
0.186880	123.00
0.186900	124.00
0.186920	126.00
0.186940	128.00
0.186960	129.00
0.186980	129.00
0.187000	127.00
0.187020	125.00
0.187040	123.00
0.187060	123.00
0.187080	123.00
0.187100	123.00
0.187120	123.00
0.187140	124.00
0.187160	126.00
0.187180	128.00
0.187200	129.00
0.187220	129.00
0.187240	127.00
0.187260	126.00
0.187280	124.00
0.187300	122.00
0.187320	121.00
0.187340	121.00
0.187360	122.00
0.187380	125.00
0.187400	128.00
0.187420	131.00
0.187440	132.00
0.187460	132.00
0.187480	129.00
0.187500	125.00
0.187520	122.00
0.187540	121.00
0.187560	121.00
0.187580	122.00
0.187600	123.00
0.187620	126.00
0.187640	129.00
0.187660	131.00
0.187680	131.00
0.187700	129.00
0.187720	126.00
0.187740	124.00
0.187760	123.00
0.187780	122.00
0.187800	122.00
0.187820	122.00
0.187840	123.00
0.187860	124.00
0.187880	125.00
0.187900	125.00
0.187920	125.00
0.187940	125.00
0.187960	125.00
0.187980	124.00
0.188000	123.00
0.188020	123.00
0.188040	124.00
0.188060	126.00
0.188080	128.00
0.188100	128.00
0.188120	127.00
0.188140	125.00
0.188160	124.00
0.188180	122.00
0.188200	121.00
0.188220	121.00
0.188240	123.00
0.188260	125.00
0.188280	128.00
0.188300	129.00
0.188320	129.00
0.188340	129.00
0.188360	128.00
0.188380	126.00
0.188400	124.00
0.188420	122.00
0.188440	121.00
0.188460	122.00
0.188480	124.00
0.188500	125.00
0.188520	127.00
0.188540	129.00
0.188560	131.00
0.188580	132.00
0.188600	132.00
0.188620	129.00
0.188640	126.00
0.188660	122.00
0.188680	119.00
0.188700	118.00
0.188720	118.00
0.188740	121.00
0.188760	125.00
0.188780	128.00
0.188800	130.00
0.188820	129.00
0.188840	126.00
0.188860	124.00
0.188880	124.00
0.188900	125.00
0.188920	126.00
0.188940	126.00
0.188960	125.00
0.188980	123.00
0.189000	122.00
0.189020	121.00
0.189040	122.00
0.189060	125.00
0.189080	129.00
0.189100	133.00
0.189120	133.00
0.189140	131.00
0.189160	127.00
0.189180	123.00
0.189200	120.00
0.189220	120.00
0.189240	123.00
0.189260	126.00
0.189280	130.00
0.189300	131.00
0.189320	130.00
0.189340	128.00
0.189360	125.00
0.189380	123.00
0.189400	121.00
0.189420	121.00
0.189440	121.00
0.189460	122.00
0.189480	123.00
0.189500	124.00
0.189520	126.00
0.189540	129.00
0.189560	133.00
0.189580	136.00
0.189600	136.00
0.189620	133.00
0.189640	126.00
0.189660	117.00
0.189680	109.00
0.189700	105.00
0.189720	107.00
0.189740	116.00
0.189760	128.00
0.189780	141.00
0.189800	149.00
0.189820	151.00
0.189840	144.00
0.189860	132.00
0.189880	117.00
0.189900	104.00
0.189920	96.00
0.189940	96.00
0.189960	104.00
0.189980	118.00
0.190000	133.00
0.190020	146.00
0.190040	153.00
0.190060	154.00
0.190080	149.00
0.190100	140.00
0.190120	127.00
0.190140	115.00
0.190160	105.00
0.190180	99.00
0.190200	99.00
0.190220	105.00
0.190240	115.00
0.190260	128.00
0.190280	141.00
0.190300	152.00
0.190320	158.00
0.190340	156.00
0.190360	146.00
0.190380	131.00
0.190400	115.00
0.190420	101.00
0.190440	93.00
0.190460	93.00
0.190480	102.00
0.190500	117.00
0.190520	135.00
0.190540	149.00
0.190560	155.00
0.190580	152.00
0.190600	140.00
0.190620	126.00
0.190640	112.00
0.190660	104.00
0.190680	102.00
0.190700	108.00
0.190720	119.00
0.190740	130.00
0.190760	139.00
0.190780	142.00
0.190800	138.00
0.190820	129.00
0.190840	118.00
0.190860	109.00
0.190880	105.00
0.190900	109.00
0.190920	119.00
0.190940	131.00
0.190960	141.00
0.190980	145.00
0.191000	143.00
0.191020	136.00
0.191040	126.00
0.191060	117.00
0.191080	112.00
0.191100	111.00
0.191120	115.00
0.191140	122.00
0.191160	129.00
0.191180	134.00
0.191200	135.00
0.191220	135.00
0.191240	132.00
0.191260	130.00
0.191280	127.00
0.191300	125.00
0.191320	122.00
0.191340	121.00
0.191360	121.00
0.191380	121.00
0.191400	122.00
0.191420	124.00
0.191440	126.00
0.191460	128.00
0.191480	130.00
0.191500	132.00
0.191520	133.00
0.191540	132.00
0.191560	130.00
0.191580	125.00
0.191600	118.00
0.191620	113.00
0.191640	110.00
0.191660	113.00
0.191680	119.00
0.191700	128.00
0.191720	136.00
0.191740	140.00
0.191760	141.00
0.191780	137.00
0.191800	130.00
0.191820	122.00
0.191840	116.00
0.191860	113.00
0.191880	113.00
0.191900	116.00
0.191920	121.00
0.191940	126.00
0.191960	131.00
0.191980	133.00
0.192000	133.00
0.192020	130.00
0.192040	127.00
0.192060	125.00
0.192080	125.00
0.192100	125.00
0.192120	126.00
0.192140	126.00
0.192160	124.00
0.192180	122.00
0.192200	120.00
0.192220	119.00
0.192240	121.00
0.192260	124.00
0.192280	128.00
0.192300	130.00
0.192320	131.00
0.192340	130.00
0.192360	127.00
0.192380	124.00
0.192400	120.00
0.192420	118.00
0.192440	118.00
0.192460	120.00
0.192480	123.00
0.192500	125.00
0.192520	127.00
0.192540	128.00
0.192560	128.00
0.192580	128.00
0.192600	127.00
0.192620	125.00
0.192640	123.00
0.192660	122.00
0.192680	122.00
0.192700	122.00
0.192720	122.00
0.192740	122.00
0.192760	123.00
0.192780	124.00
0.192800	126.00
0.192820	129.00
0.192840	130.00
0.192860	129.00
0.192880	127.00
0.192900	124.00
0.192920	122.00
0.192940	122.00
0.192960	124.00
0.192980	126.00
0.193000	127.00
0.193020	127.00
0.193040	128.00
0.193060	129.00
0.193080	129.00
0.193100	129.00
0.193120	128.00
0.193140	126.00
0.193160	125.00
0.193180	125.00
0.193200	124.00
0.193220	124.00
0.193240	124.00
0.193260	125.00
0.193280	126.00
0.193300	127.00
0.193320	127.00
0.193340	126.00
0.193360	126.00
0.193380	125.00
0.193400	125.00
0.193420	125.00
0.193440	126.00
0.193460	127.00
0.193480	127.00
0.193500	127.00
0.193520	126.00
0.193540	125.00
0.193560	123.00
0.193580	121.00
0.193600	120.00
0.193620	120.00
0.193640	122.00
0.193660	124.00
0.193680	127.00
0.193700	129.00
0.193720	131.00
0.193740	130.00
0.193760	129.00
0.193780	125.00
0.193800	121.00
0.193820	118.00
0.193840	116.00
0.193860	118.00
0.193880	122.00
0.193900	126.00
0.193920	129.00
0.193940	130.00
0.193960	130.00
0.193980	129.00
0.194000	127.00
0.194020	124.00
0.194040	122.00
0.194060	121.00
0.194080	122.00
0.194100	123.00
0.194120	124.00
0.194140	125.00
0.194160	125.00
0.194180	126.00
0.194200	127.00
0.194220	129.00
0.194240	129.00
0.194260	130.00
0.194280	130.00
0.194300	129.00
0.194320	127.00
0.194340	125.00
0.194360	124.00
0.194380	123.00
0.194400	123.00
0.194420	123.00
0.194440	124.00
0.194460	125.00
0.194480	125.00
0.194500	125.00
0.194520	125.00
0.194540	126.00
0.194560	127.00
0.194580	128.00
0.194600	129.00
0.194620	128.00
0.194640	126.00
0.194660	124.00
0.194680	121.00
0.194700	119.00
0.194720	119.00
0.194740	119.00
0.194760	121.00
0.194780	124.00
0.194800	127.00
0.194820	130.00
0.194840	132.00
0.194860	133.00
0.194880	131.00
0.194900	128.00
0.194920	125.00
0.194940	121.00
0.194960	119.00
0.194980	119.00
0.195000	119.00
0.195020	121.00
0.195040	124.00
0.195060	127.00
0.195080	129.00
0.195100	131.00
0.195120	132.00
0.195140	132.00
0.195160	131.00
0.195180	129.00
0.195200	127.00
0.195220	124.00
0.195240	121.00
0.195260	119.00
0.195280	120.00
0.195300	122.00
0.195320	125.00
0.195340	127.00
0.195360	128.00
0.195380	128.00
0.195400	128.00
0.195420	127.00
0.195440	127.00
0.195460	126.00
0.195480	124.00
0.195500	123.00
0.195520	123.00
0.195540	123.00
0.195560	123.00
0.195580	123.00
0.195600	122.00
0.195620	123.00
0.195640	125.00
0.195660	128.00
0.195680	129.00
0.195700	129.00
0.195720	127.00
0.195740	125.00
0.195760	123.00
0.195780	121.00
0.195800	120.00
0.195820	120.00
0.195840	123.00
0.195860	126.00
0.195880	129.00
0.195900	130.00
0.195920	129.00
0.195940	127.00
0.195960	125.00
0.195980	124.00
0.196000	125.00
0.196020	125.00
0.196040	126.00
0.196060	127.00
0.196080	126.00
0.196100	126.00
0.196120	125.00
0.196140	125.00
0.196160	126.00
0.196180	128.00
0.196200	130.00
0.196220	131.00
0.196240	131.00
0.196260	130.00
0.196280	128.00
0.196300	125.00
0.196320	122.00
0.196340	120.00
0.196360	120.00
0.196380	122.00
0.196400	124.00
0.196420	126.00
0.196440	127.00
0.196460	128.00
0.196480	128.00
0.196500	126.00
0.196520	123.00
0.196540	120.00
0.196560	119.00
0.196580	120.00
0.196600	122.00
0.196620	124.00
0.196640	125.00
0.196660	126.00
0.196680	127.00
0.196700	127.00
0.196720	126.00
0.196740	125.00
0.196760	123.00
0.196780	124.00
0.196800	125.00
0.196820	126.00
0.196840	127.00
0.196860	127.00
0.196880	127.00
0.196900	127.00
0.196920	127.00
0.196940	127.00
0.196960	127.00
0.196980	127.00
0.197000	127.00
0.197020	128.00
0.197040	128.00
0.197060	126.00
0.197080	125.00
0.197100	124.00
0.197120	124.00
0.197140	126.00
0.197160	129.00
0.197180	130.00
0.197200	130.00
0.197220	129.00
0.197240	128.00
0.197260	126.00
0.197280	125.00
0.197300	123.00
0.197320	122.00
0.197340	123.00
0.197360	124.00
0.197380	127.00
0.197400	128.00
0.197420	128.00
0.197440	127.00
0.197460	125.00
0.197480	124.00
0.197500	123.00
0.197520	122.00
0.197540	121.00
0.197560	121.00
0.197580	121.00
0.197600	121.00
0.197620	121.00
0.197640	122.00
0.197660	123.00
0.197680	124.00
0.197700	125.00
0.197720	125.00
0.197740	126.00
0.197760	127.00
0.197780	127.00
0.197800	126.00
0.197820	124.00
0.197840	122.00
0.197860	120.00
0.197880	121.00
0.197900	123.00
0.197920	126.00
0.197940	128.00
0.197960	129.00
0.197980	129.00
0.198000	129.00
0.198020	128.00
0.198040	127.00
0.198060	125.00
0.198080	124.00
0.198100	122.00
0.198120	121.00
0.198140	121.00
0.198160	123.00
0.198180	125.00
0.198200	128.00
0.198220	130.00
0.198240	131.00
0.198260	131.00
0.198280	130.00
0.198300	128.00
0.198320	126.00
0.198340	123.00
0.198360	121.00
0.198380	120.00
0.198400	120.00
0.198420	121.00
0.198440	123.00
0.198460	126.00
0.198480	128.00
0.198500	129.00
0.198520	128.00
0.198540	127.00
0.198560	125.00
0.198580	123.00
0.198600	122.00
0.198620	122.00
0.198640	123.00
0.198660	124.00
0.198680	124.00
0.198700	125.00
0.198720	126.00
0.198740	127.00
0.198760	128.00
0.198780	128.00
0.198800	127.00
0.198820	126.00
0.198840	125.00
0.198860	124.00
0.198880	124.00
0.198900	123.00
0.198920	123.00
0.198940	123.00
0.198960	124.00
0.198980	125.00
0.199000	127.00
0.199020	129.00
0.199040	130.00
0.199060	130.00
0.199080	128.00
0.199100	126.00
0.199120	125.00
0.199140	124.00
0.199160	125.00
0.199180	125.00
0.199200	125.00
0.199220	125.00
0.199240	124.00
0.199260	124.00
0.199280	123.00
0.199300	123.00
0.199320	122.00
0.199340	123.00
0.199360	124.00
0.199380	125.00
0.199400	126.00
0.199420	127.00
0.199440	127.00
0.199460	127.00
0.199480	127.00
0.199500	125.00
0.199520	124.00
0.199540	122.00
0.199560	121.00
0.199580	121.00
0.199600	122.00
0.199620	124.00
0.199640	125.00
0.199660	126.00
0.199680	127.00
0.199700	127.00
0.199720	126.00
0.199740	125.00
0.199760	124.00
0.199780	124.00
0.199800	124.00
0.199820	125.00
0.199840	126.00
0.199860	127.00
0.199880	128.00
0.199900	128.00
0.199920	128.00
0.199940	127.00
0.199960	126.00
0.199980	125.00
0.200000	124.00
0.200020	124.00
0.200040	124.00
0.200060	125.00
0.200080	126.00
0.200100	127.00
0.200120	127.00
0.200140	127.00
0.200160	127.00
0.200180	126.00
0.200200	126.00
0.200220	125.00
0.200240	125.00
0.200260	125.00
0.200280	124.00
0.200300	124.00
0.200320	125.00
0.200340	125.00
0.200360	125.00
0.200380	124.00
0.200400	124.00
0.200420	124.00
0.200440	125.00
0.200460	125.00
0.200480	125.00
0.200500	124.00
0.200520	123.00
0.200540	123.00
0.200560	124.00
0.200580	124.00
0.200600	124.00
0.200620	123.00
0.200640	125.00
0.200660	127.00
0.200680	130.00
0.200700	130.00
0.200720	129.00
0.200740	126.00
0.200760	124.00
0.200780	123.00
0.200800	123.00
0.200820	123.00
0.200840	124.00
0.200860	126.00
0.200880	129.00
0.200900	132.00
0.200920	133.00
0.200940	132.00
0.200960	129.00
0.200980	126.00
0.201000	123.00
0.201020	121.00
0.201040	120.00
0.201060	120.00
0.201080	122.00
0.201100	125.00
0.201120	128.00
0.201140	129.00
0.201160	129.00
0.201180	128.00
0.201200	127.00
0.201220	125.00
0.201240	124.00
0.201260	123.00
0.201280	122.00
0.201300	122.00
0.201320	123.00
0.201340	125.00
0.201360	127.00
0.201380	127.00
0.201400	126.00
0.201420	125.00
0.201440	124.00
0.201460	123.00
0.201480	122.00
0.201500	122.00
0.201520	121.00
0.201540	121.00
0.201560	123.00
0.201580	125.00
0.201600	127.00
0.201620	129.00
0.201640	129.00
0.201660	129.00
0.201680	128.00
0.201700	126.00
0.201720	125.00
0.201740	124.00
0.201760	124.00
0.201780	124.00
0.201800	125.00
0.201820	126.00
0.201840	126.00
0.201860	127.00
0.201880	127.00
0.201900	127.00
0.201920	127.00
0.201940	127.00
0.201960	127.00
0.201980	127.00
0.202000	127.00
0.202020	127.00
0.202040	127.00
0.202060	126.00
0.202080	126.00
0.202100	126.00
0.202120	125.00
0.202140	125.00
0.202160	125.00
0.202180	125.00
0.202200	125.00
0.202220	125.00
0.202240	126.00
0.202260	126.00
0.202280	126.00
0.202300	126.00
0.202320	125.00
0.202340	123.00
0.202360	121.00
0.202380	121.00
0.202400	122.00
0.202420	123.00
0.202440	124.00
0.202460	125.00
0.202480	127.00
0.202500	128.00
0.202520	129.00
0.202540	128.00
0.202560	127.00
0.202580	125.00
0.202600	123.00
0.202620	123.00
0.202640	124.00
0.202660	125.00
0.202680	126.00
0.202700	127.00
0.202720	128.00
0.202740	128.00
0.202760	127.00
0.202780	126.00
0.202800	125.00
0.202820	125.00
0.202840	125.00
0.202860	126.00
0.202880	126.00
0.202900	126.00
0.202920	126.00
0.202940	127.00
0.202960	127.00
0.202980	127.00
0.203000	126.00
0.203020	125.00
0.203040	124.00
0.203060	123.00
0.203080	123.00
0.203100	123.00
0.203120	123.00
0.203140	124.00
0.203160	126.00
0.203180	127.00
0.203200	127.00
0.203220	126.00
0.203240	125.00
0.203260	125.00
0.203280	125.00
0.203300	124.00
0.203320	123.00
0.203340	122.00
0.203360	122.00
0.203380	122.00
0.203400	124.00
0.203420	125.00
0.203440	126.00
0.203460	125.00
0.203480	125.00
0.203500	125.00
0.203520	125.00
0.203540	126.00
0.203560	126.00
0.203580	126.00
0.203600	126.00
0.203620	125.00
0.203640	125.00
0.203660	125.00
0.203680	125.00
0.203700	126.00
0.203720	126.00
0.203740	125.00
0.203760	125.00
0.203780	125.00
0.203800	125.00
0.203820	125.00
0.203840	125.00
0.203860	126.00
0.203880	126.00
0.203900	126.00
0.203920	126.00
0.203940	126.00
0.203960	126.00
0.203980	127.00
0.204000	126.00
0.204020	125.00
0.204040	124.00
0.204060	124.00
0.204080	125.00
0.204100	126.00
0.204120	127.00
0.204140	127.00
0.204160	128.00
0.204180	128.00
0.204200	127.00
0.204220	126.00
0.204240	124.00
0.204260	124.00
0.204280	123.00
0.204300	123.00
0.204320	122.00
0.204340	122.00
0.204360	122.00
0.204380	123.00
0.204400	124.00
0.204420	126.00
0.204440	127.00
0.204460	127.00
0.204480	127.00
0.204500	126.00
0.204520	126.00
0.204540	125.00
0.204560	125.00
0.204580	125.00
0.204600	125.00
0.204620	125.00
0.204640	125.00
0.204660	125.00
0.204680	126.00
0.204700	127.00
0.204720	128.00
0.204740	128.00
0.204760	129.00
0.204780	128.00
0.204800	127.00
0.204820	127.00
0.204840	126.00
0.204860	125.00
0.204880	125.00
0.204900	124.00
0.204920	123.00
0.204940	123.00
0.204960	124.00
0.204980	125.00
0.205000	125.00
0.205020	125.00
0.205040	125.00
0.205060	124.00
0.205080	123.00
0.205100	123.00
0.205120	122.00
0.205140	122.00
0.205160	123.00
0.205180	125.00
0.205200	126.00
0.205220	126.00
0.205240	125.00
0.205260	124.00
0.205280	124.00
0.205300	125.00
0.205320	125.00
0.205340	125.00
0.205360	124.00
0.205380	124.00
0.205400	125.00
0.205420	125.00
0.205440	126.00
0.205460	126.00
0.205480	127.00
0.205500	127.00
0.205520	127.00
0.205540	127.00
0.205560	127.00
0.205580	127.00
0.205600	127.00
0.205620	127.00
0.205640	126.00
0.205660	126.00
0.205680	126.00
0.205700	126.00
0.205720	127.00
0.205740	127.00
0.205760	127.00
0.205780	127.00
0.205800	127.00
0.205820	126.00
0.205840	126.00
0.205860	125.00
0.205880	124.00
0.205900	124.00
0.205920	125.00
0.205940	126.00
0.205960	127.00
0.205980	127.00
0.206000	127.00
0.206020	126.00
0.206040	125.00
0.206060	124.00
0.206080	124.00
0.206100	125.00
0.206120	125.00
0.206140	126.00
0.206160	125.00
0.206180	125.00
0.206200	124.00
0.206220	124.00
0.206240	124.00
0.206260	123.00
0.206280	122.00
0.206300	122.00
0.206320	122.00
0.206340	123.00
0.206360	125.00
0.206380	126.00
0.206400	126.00
0.206420	127.00
0.206440	127.00
0.206460	128.00
0.206480	127.00
0.206500	127.00
0.206520	125.00
0.206540	124.00
0.206560	124.00
0.206580	124.00
0.206600	125.00
0.206620	125.00
0.206640	125.00
0.206660	126.00
0.206680	127.00
0.206700	128.00
0.206720	128.00
0.206740	127.00
0.206760	126.00
0.206780	126.00
0.206800	126.00
0.206820	126.00
0.206840	126.00
0.206860	126.00
0.206880	126.00
0.206900	127.00
0.206920	128.00
0.206940	128.00
0.206960	127.00
0.206980	126.00
0.207000	126.00
0.207020	126.00
0.207040	126.00
0.207060	125.00
0.207080	125.00
0.207100	124.00
0.207120	124.00
0.207140	124.00
0.207160	124.00
0.207180	125.00
0.207200	125.00
0.207220	124.00
0.207240	123.00
0.207260	122.00
0.207280	122.00
0.207300	123.00
0.207320	123.00
0.207340	123.00
0.207360	123.00
0.207380	124.00
0.207400	125.00
0.207420	126.00
0.207440	126.00
0.207460	126.00
0.207480	125.00
0.207500	125.00
0.207520	124.00
0.207540	124.00
0.207560	124.00
0.207580	124.00
0.207600	125.00
0.207620	127.00
0.207640	127.00
0.207660	127.00
0.207680	127.00
0.207700	126.00
0.207720	126.00
0.207740	125.00
0.207760	125.00
0.207780	126.00
0.207800	127.00
0.207820	128.00
0.207840	128.00
0.207860	128.00
0.207880	127.00
0.207900	126.00
0.207920	126.00
0.207940	125.00
0.207960	124.00
0.207980	124.00
0.208000	124.00
0.208020	125.00
0.208040	125.00
0.208060	125.00
0.208080	125.00
0.208100	125.00
0.208120	125.00
0.208140	126.00
0.208160	126.00
0.208180	126.00
0.208200	126.00
0.208220	125.00
0.208240	125.00
0.208260	124.00
0.208280	123.00
0.208300	122.00
0.208320	123.00
0.208340	124.00
0.208360	125.00
0.208380	126.00
0.208400	127.00
0.208420	126.00
0.208440	126.00
0.208460	126.00
0.208480	125.00
0.208500	125.00
0.208520	125.00
0.208540	124.00
0.208560	124.00
0.208580	123.00
0.208600	123.00
0.208620	124.00
0.208640	125.00
0.208660	126.00
0.208680	127.00
0.208700	127.00
0.208720	127.00
0.208740	127.00
0.208760	126.00
0.208780	126.00
0.208800	126.00
0.208820	125.00
0.208840	125.00
0.208860	124.00
0.208880	124.00
0.208900	125.00
0.208920	125.00
0.208940	126.00
0.208960	125.00
0.208980	125.00
0.209000	124.00
0.209020	124.00
0.209040	124.00
0.209060	124.00
0.209080	124.00
0.209100	123.00
0.209120	123.00
0.209140	124.00
0.209160	125.00
0.209180	125.00
0.209200	126.00
0.209220	126.00
0.209240	126.00
0.209260	126.00
0.209280	125.00
0.209300	125.00
0.209320	124.00
0.209340	125.00
0.209360	125.00
0.209380	126.00
0.209400	126.00
0.209420	127.00
0.209440	127.00
0.209460	127.00
0.209480	127.00
0.209500	128.00
0.209520	128.00
0.209540	127.00
0.209560	126.00
0.209580	125.00
0.209600	124.00
0.209620	123.00
0.209640	122.00
0.209660	122.00
0.209680	123.00
0.209700	123.00
0.209720	124.00
0.209740	125.00
0.209760	126.00
0.209780	126.00
0.209800	127.00
0.209820	127.00
0.209840	128.00
0.209860	127.00
0.209880	126.00
0.209900	124.00
0.209920	123.00
0.209940	123.00
0.209960	123.00
0.209980	123.00
0.210000	122.00
0.210020	122.00
0.210040	122.00
0.210060	123.00
0.210080	124.00
0.210100	125.00
0.210120	125.00
0.210140	125.00
0.210160	125.00
0.210180	125.00
0.210200	124.00
0.210220	123.00
0.210240	122.00
0.210260	123.00
0.210280	124.00
0.210300	126.00
0.210320	127.00
0.210340	127.00
0.210360	127.00
0.210380	127.00
0.210400	127.00
0.210420	127.00
0.210440	126.00
0.210460	125.00
0.210480	125.00
0.210500	124.00
0.210520	124.00
0.210540	124.00
0.210560	125.00
0.210580	126.00
0.210600	127.00
0.210620	127.00
0.210640	127.00
0.210660	126.00
0.210680	125.00
0.210700	124.00
0.210720	124.00
0.210740	125.00
0.210760	125.00
0.210780	126.00
0.210800	127.00
0.210820	127.00
0.210840	127.00
0.210860	127.00
0.210880	126.00
0.210900	124.00
0.210920	123.00
0.210940	123.00
0.210960	123.00
0.210980	124.00
0.211000	124.00
0.211020	124.00
0.211040	124.00
0.211060	125.00
0.211080	126.00
0.211100	126.00
0.211120	125.00
0.211140	124.00
0.211160	124.00
0.211180	124.00
0.211200	125.00
0.211220	125.00
0.211240	125.00
0.211260	125.00
0.211280	126.00
0.211300	127.00
0.211320	128.00
0.211340	127.00
0.211360	126.00
0.211380	124.00
0.211400	124.00
0.211420	123.00
0.211440	123.00
0.211460	124.00
0.211480	125.00
0.211500	126.00
0.211520	127.00
0.211540	127.00
0.211560	126.00
0.211580	126.00
0.211600	126.00
0.211620	127.00
0.211640	126.00
0.211660	125.00
0.211680	125.00
0.211700	125.00
0.211720	125.00
0.211740	125.00
0.211760	125.00
0.211780	124.00
0.211800	123.00
0.211820	124.00
0.211840	125.00
0.211860	126.00
0.211880	126.00
0.211900	126.00
0.211920	125.00
0.211940	125.00
0.211960	125.00
0.211980	125.00
0.212000	124.00
0.212020	124.00
0.212040	124.00
0.212060	124.00
0.212080	124.00
0.212100	123.00
0.212120	123.00
0.212140	124.00
0.212160	125.00
0.212180	126.00
0.212200	127.00
0.212220	128.00
0.212240	127.00
0.212260	127.00
0.212280	127.00
0.212300	126.00
0.212320	127.00
0.212340	127.00
0.212360	127.00
0.212380	127.00
0.212400	126.00
0.212420	125.00
0.212440	125.00
0.212460	124.00
0.212480	124.00
0.212500	125.00
0.212520	126.00
0.212540	126.00
0.212560	126.00
0.212580	126.00
0.212600	125.00
0.212620	126.00
0.212640	127.00
0.212660	128.00
0.212680	128.00
0.212700	128.00
0.212720	127.00
0.212740	127.00
0.212760	126.00
0.212780	126.00
0.212800	125.00
0.212820	125.00
0.212840	125.00
0.212860	125.00
0.212880	125.00
0.212900	125.00
0.212920	125.00
0.212940	125.00
0.212960	125.00
0.212980	124.00
0.213000	123.00
0.213020	123.00
0.213040	123.00
0.213060	123.00
0.213080	123.00
0.213100	124.00
0.213120	125.00
0.213140	126.00
0.213160	127.00
0.213180	128.00
0.213200	128.00
0.213220	127.00
0.213240	126.00
0.213260	125.00
0.213280	124.00
0.213300	124.00
0.213320	125.00
0.213340	125.00
0.213360	125.00
0.213380	125.00
0.213400	124.00
0.213420	125.00
0.213440	125.00
0.213460	125.00
0.213480	125.00
0.213500	125.00
0.213520	124.00
0.213540	125.00
0.213560	126.00
0.213580	126.00
0.213600	125.00
0.213620	124.00
0.213640	124.00
0.213660	125.00
0.213680	126.00
0.213700	125.00
0.213720	125.00
0.213740	124.00
0.213760	125.00
0.213780	126.00
0.213800	126.00
0.213820	126.00
0.213840	126.00
0.213860	126.00
0.213880	126.00
0.213900	126.00
0.213920	125.00
0.213940	124.00
0.213960	124.00
0.213980	124.00
0.214000	125.00
0.214020	124.00
0.214040	124.00
0.214060	124.00
0.214080	124.00
0.214100	124.00
0.214120	123.00
0.214140	123.00
0.214160	124.00
0.214180	125.00
0.214200	125.00
0.214220	125.00
0.214240	125.00
0.214260	125.00
0.214280	126.00
0.214300	126.00
0.214320	125.00
0.214340	125.00
0.214360	125.00
0.214380	126.00
0.214400	127.00
0.214420	126.00
0.214440	124.00
0.214460	124.00
0.214480	124.00
0.214500	125.00
0.214520	126.00
0.214540	126.00
0.214560	125.00
0.214580	124.00
0.214600	123.00
0.214620	124.00
0.214640	125.00
0.214660	126.00
0.214680	126.00
0.214700	126.00
0.214720	125.00
0.214740	125.00
0.214760	125.00
0.214780	126.00
0.214800	126.00
0.214820	126.00
0.214840	125.00
0.214860	124.00
0.214880	124.00
0.214900	124.00
0.214920	123.00
0.214940	123.00
0.214960	122.00
0.214980	122.00
0.215000	123.00
0.215020	124.00
0.215040	125.00
0.215060	125.00
0.215080	125.00
0.215100	126.00
0.215120	126.00
0.215140	126.00
0.215160	125.00
0.215180	125.00
0.215200	125.00
0.215220	125.00
0.215240	126.00
0.215260	126.00
0.215280	127.00
0.215300	128.00
0.215320	128.00
0.215340	127.00
0.215360	126.00
0.215380	125.00
0.215400	126.00
0.215420	126.00
0.215440	126.00
0.215460	126.00
0.215480	125.00
0.215500	124.00
0.215520	124.00
0.215540	125.00
0.215560	126.00
0.215580	127.00
0.215600	126.00
0.215620	124.00
0.215640	123.00
0.215660	124.00
0.215680	125.00
0.215700	125.00
0.215720	125.00
0.215740	124.00
0.215760	124.00
0.215780	124.00
0.215800	124.00
0.215820	124.00
0.215840	125.00
0.215860	126.00
0.215880	127.00
0.215900	127.00
0.215920	126.00
0.215940	125.00
0.215960	125.00
0.215980	126.00
0.216000	126.00
0.216020	127.00
0.216040	126.00
0.216060	126.00
0.216080	125.00
0.216100	125.00
0.216120	125.00
0.216140	124.00
0.216160	124.00
0.216180	124.00
0.216200	124.00
0.216220	125.00
0.216240	124.00
0.216260	124.00
0.216280	124.00
0.216300	125.00
0.216320	126.00
0.216340	125.00
0.216360	125.00
0.216380	125.00
0.216400	126.00
0.216420	127.00
0.216440	127.00
0.216460	126.00
0.216480	126.00
0.216500	126.00
0.216520	126.00
0.216540	126.00
0.216560	125.00
0.216580	124.00
0.216600	124.00
0.216620	124.00
0.216640	125.00
0.216660	125.00
0.216680	126.00
0.216700	126.00
0.216720	126.00
0.216740	126.00
0.216760	125.00
0.216780	124.00
0.216800	124.00
0.216820	124.00
0.216840	123.00
0.216860	123.00
0.216880	122.00
0.216900	123.00
0.216920	124.00
0.216940	125.00
0.216960	126.00
0.216980	126.00
0.217000	126.00
0.217020	126.00
0.217040	127.00
0.217060	127.00
0.217080	127.00
0.217100	126.00
0.217120	126.00
0.217140	126.00
0.217160	125.00
0.217180	125.00
0.217200	124.00
0.217220	124.00
0.217240	125.00
0.217260	125.00
0.217280	126.00
0.217300	127.00
0.217320	127.00
0.217340	128.00
0.217360	127.00
0.217380	126.00
0.217400	125.00
0.217420	124.00
0.217440	124.00
0.217460	124.00
0.217480	124.00
0.217500	125.00
0.217520	127.00
0.217540	127.00
0.217560	127.00
0.217580	126.00
0.217600	126.00
0.217620	126.00
0.217640	126.00
0.217660	126.00
0.217680	125.00
0.217700	124.00
0.217720	123.00
0.217740	124.00
0.217760	125.00
0.217780	125.00
0.217800	126.00
0.217820	125.00
0.217840	124.00
0.217860	124.00
0.217880	123.00
0.217900	124.00
0.217920	124.00
0.217940	124.00
0.217960	124.00
0.217980	124.00
0.218000	124.00
0.218020	124.00
0.218040	125.00
0.218060	124.00
0.218080	123.00
0.218100	123.00
0.218120	124.00
0.218140	125.00
0.218160	126.00
0.218180	126.00
0.218200	126.00
0.218220	126.00
0.218240	126.00
0.218260	126.00
0.218280	125.00
0.218300	125.00
0.218320	126.00
0.218340	126.00
0.218360	127.00
0.218380	127.00
0.218400	127.00
0.218420	127.00
0.218440	126.00
0.218460	126.00
0.218480	125.00
0.218500	124.00
0.218520	124.00
0.218540	124.00
0.218560	124.00
0.218580	124.00
0.218600	125.00
0.218620	125.00
0.218640	125.00
0.218660	125.00
0.218680	125.00
0.218700	125.00
0.218720	125.00
0.218740	124.00
0.218760	123.00
0.218780	123.00
0.218800	124.00
0.218820	125.00
0.218840	125.00
0.218860	125.00
0.218880	124.00
0.218900	123.00
0.218920	124.00
0.218940	125.00
0.218960	126.00
0.218980	126.00
0.219000	126.00
0.219020	126.00
0.219040	126.00
0.219060	126.00
0.219080	126.00
0.219100	125.00
0.219120	126.00
0.219140	126.00
0.219160	127.00
0.219180	126.00
0.219200	125.00
0.219220	125.00
0.219240	125.00
0.219260	125.00
0.219280	126.00
0.219300	126.00
0.219320	127.00
0.219340	128.00
0.219360	128.00
0.219380	128.00
0.219400	127.00
0.219420	126.00
0.219440	126.00
0.219460	125.00
0.219480	124.00
0.219500	123.00
0.219520	122.00
0.219540	122.00
0.219560	123.00
0.219580	123.00
0.219600	124.00
0.219620	125.00
0.219640	126.00
0.219660	127.00
0.219680	127.00
0.219700	126.00
0.219720	124.00
0.219740	123.00
0.219760	124.00
0.219780	124.00
0.219800	125.00
0.219820	125.00
0.219840	124.00
0.219860	124.00
0.219880	125.00
0.219900	126.00
0.219920	127.00
0.219940	127.00
0.219960	126.00
0.219980	125.00
0.220000	125.00
0.220020	124.00
0.220040	124.00
0.220060	124.00
0.220080	124.00
0.220100	124.00
0.220120	125.00
0.220140	126.00
0.220160	127.00
0.220180	127.00
0.220200	127.00
0.220220	127.00
0.220240	126.00
0.220260	126.00
0.220280	125.00
0.220300	126.00
0.220320	126.00
0.220340	127.00
0.220360	127.00
0.220380	126.00
0.220400	125.00
0.220420	125.00
0.220440	125.00
0.220460	125.00
0.220480	125.00
0.220500	125.00
0.220520	125.00
0.220540	125.00
0.220560	125.00
0.220580	124.00
0.220600	124.00
0.220620	124.00
0.220640	124.00
0.220660	124.00
0.220680	124.00
0.220700	124.00
0.220720	124.00
0.220740	124.00
0.220760	124.00
0.220780	125.00
0.220800	125.00
0.220820	125.00
0.220840	125.00
0.220860	125.00
0.220880	125.00
0.220900	124.00
0.220920	125.00
0.220940	125.00
0.220960	126.00
0.220980	125.00
0.221000	124.00
0.221020	123.00
0.221040	123.00
0.221060	123.00
0.221080	123.00
0.221100	123.00
0.221120	124.00
0.221140	125.00
0.221160	126.00
0.221180	127.00
0.221200	127.00
0.221220	127.00
0.221240	126.00
0.221260	126.00
0.221280	126.00
0.221300	126.00
0.221320	126.00
0.221340	126.00
0.221360	126.00
0.221380	127.00
0.221400	126.00
0.221420	126.00
0.221440	126.00
0.221460	125.00
0.221480	124.00
0.221500	123.00
0.221520	123.00
0.221540	123.00
0.221560	124.00
0.221580	125.00
0.221600	125.00
0.221620	126.00
0.221640	125.00
0.221660	125.00
0.221680	124.00
0.221700	123.00
0.221720	122.00
0.221740	122.00
0.221760	122.00
0.221780	123.00
0.221800	124.00
0.221820	124.00
0.221840	125.00
0.221860	125.00
0.221880	125.00
0.221900	125.00
0.221920	125.00
0.221940	125.00
0.221960	126.00
0.221980	126.00
0.222000	126.00
0.222020	126.00
0.222040	126.00
0.222060	126.00
0.222080	126.00
0.222100	126.00
0.222120	126.00
0.222140	126.00
0.222160	126.00
0.222180	127.00
0.222200	127.00
0.222220	127.00
0.222240	127.00
0.222260	127.00
0.222280	127.00
0.222300	126.00
0.222320	126.00
0.222340	126.00
0.222360	126.00
0.222380	126.00
0.222400	125.00
0.222420	124.00
0.222440	123.00
0.222460	124.00
0.222480	125.00
0.222500	126.00
0.222520	126.00
0.222540	125.00
0.222560	124.00
0.222580	124.00
0.222600	124.00
0.222620	125.00
0.222640	124.00
0.222660	124.00
0.222680	124.00
0.222700	124.00
0.222720	125.00
0.222740	126.00
0.222760	126.00
0.222780	125.00
0.222800	125.00
0.222820	125.00
0.222840	125.00
0.222860	126.00
0.222880	126.00
0.222900	126.00
0.222920	126.00
0.222940	125.00
0.222960	125.00
0.222980	125.00
0.223000	125.00
0.223020	125.00
0.223040	125.00
0.223060	125.00
0.223080	125.00
0.223100	126.00
0.223120	126.00
0.223140	127.00
0.223160	127.00
0.223180	126.00
0.223200	126.00
0.223220	126.00
0.223240	127.00
0.223260	127.00
0.223280	126.00
0.223300	125.00
0.223320	124.00
0.223340	123.00
0.223360	123.00
0.223380	124.00
0.223400	126.00
0.223420	127.00
0.223440	127.00
0.223460	126.00
0.223480	125.00
0.223500	125.00
0.223520	125.00
0.223540	126.00
0.223560	126.00
0.223580	125.00
0.223600	125.00
0.223620	125.00
0.223640	125.00
0.223660	125.00
0.223680	124.00
0.223700	123.00
0.223720	123.00
0.223740	123.00
0.223760	124.00
0.223780	125.00
0.223800	126.00
0.223820	125.00
0.223840	125.00
0.223860	125.00
0.223880	125.00
0.223900	125.00
0.223920	126.00
0.223940	126.00
0.223960	125.00
0.223980	125.00
0.224000	126.00
0.224020	126.00
0.224040	126.00
0.224060	125.00
0.224080	125.00
0.224100	125.00
0.224120	126.00
0.224140	126.00
0.224160	127.00
0.224180	127.00
0.224200	127.00
0.224220	126.00
0.224240	125.00
0.224260	124.00
0.224280	124.00
0.224300	124.00
0.224320	125.00
0.224340	125.00
0.224360	125.00
0.224380	124.00
0.224400	123.00
0.224420	123.00
0.224440	124.00
0.224460	124.00
0.224480	124.00
0.224500	123.00
0.224520	123.00
0.224540	122.00
0.224560	122.00
0.224580	123.00
0.224600	123.00
0.224620	124.00
0.224640	125.00
0.224660	125.00
0.224680	126.00
0.224700	126.00
0.224720	126.00
0.224740	127.00
0.224760	127.00
0.224780	126.00
0.224800	125.00
0.224820	125.00
0.224840	125.00
0.224860	126.00
0.224880	126.00
0.224900	126.00
0.224920	125.00
0.224940	125.00
0.224960	126.00
0.224980	127.00
0.225000	127.00
0.225020	127.00
0.225040	127.00
0.225060	126.00
0.225080	125.00
0.225100	125.00
0.225120	126.00
0.225140	127.00
0.225160	128.00
0.225180	128.00
0.225200	127.00
0.225220	125.00
0.225240	124.00
0.225260	124.00
0.225280	124.00
0.225300	125.00
0.225320	125.00
0.225340	124.00
0.225360	124.00
0.225380	124.00
0.225400	124.00
0.225420	125.00
0.225440	124.00
0.225460	124.00
0.225480	123.00
0.225500	124.00
0.225520	124.00
0.225540	125.00
0.225560	124.00
0.225580	124.00
0.225600	123.00
0.225620	124.00
0.225640	124.00
0.225660	125.00
0.225680	124.00
0.225700	124.00
0.225720	124.00
0.225740	124.00
0.225760	125.00
0.225780	126.00
0.225800	127.00
0.225820	127.00
0.225840	127.00
0.225860	126.00
0.225880	126.00
0.225900	126.00
0.225920	125.00
0.225940	125.00
0.225960	125.00
0.225980	124.00
0.226000	125.00
0.226020	126.00
0.226040	126.00
0.226060	127.00
0.226080	127.00
0.226100	126.00
0.226120	126.00
0.226140	126.00
0.226160	127.00
0.226180	127.00
0.226200	127.00
0.226220	126.00
0.226240	126.00
0.226260	125.00
0.226280	125.00
0.226300	125.00
0.226320	125.00
0.226340	125.00
0.226360	125.00
0.226380	126.00
0.226400	125.00
0.226420	124.00
0.226440	123.00
0.226460	123.00
0.226480	124.00
0.226500	125.00
0.226520	125.00
0.226540	124.00
0.226560	124.00
0.226580	124.00
0.226600	124.00
0.226620	125.00
0.226640	125.00
0.226660	125.00
0.226680	125.00
0.226700	126.00
0.226720	127.00
0.226740	127.00
0.226760	126.00
0.226780	126.00
0.226800	125.00
0.226820	125.00
0.226840	125.00
0.226860	126.00
0.226880	126.00
0.226900	126.00
0.226920	126.00
0.226940	126.00
0.226960	126.00
0.226980	125.00
0.227000	125.00
0.227020	126.00
0.227040	127.00
0.227060	128.00
0.227080	127.00
0.227100	126.00
0.227120	125.00
0.227140	125.00
0.227160	125.00
0.227180	125.00
0.227200	125.00
0.227220	125.00
0.227240	125.00
0.227260	126.00
0.227280	127.00
0.227300	127.00
0.227320	126.00
0.227340	125.00
0.227360	124.00
0.227380	124.00
0.227400	124.00
0.227420	124.00
0.227440	125.00
0.227460	125.00
0.227480	125.00
0.227500	125.00
0.227520	125.00
0.227540	124.00
0.227560	124.00
0.227580	125.00
0.227600	125.00
0.227620	126.00
0.227640	126.00
0.227660	126.00
0.227680	126.00
0.227700	125.00
0.227720	125.00
0.227740	126.00
0.227760	127.00
0.227780	127.00
0.227800	127.00
0.227820	126.00
0.227840	126.00
0.227860	125.00
0.227880	125.00
0.227900	125.00
0.227920	126.00
0.227940	126.00
0.227960	127.00
0.227980	127.00
0.228000	126.00
0.228020	125.00
0.228040	125.00
0.228060	125.00
0.228080	125.00
0.228100	125.00
0.228120	124.00
0.228140	124.00
0.228160	123.00
0.228180	123.00
0.228200	123.00
0.228220	123.00
0.228240	124.00
0.228260	124.00
0.228280	125.00
0.228300	125.00
0.228320	125.00
0.228340	125.00
0.228360	125.00
0.228380	125.00
0.228400	125.00
0.228420	125.00
0.228440	125.00
0.228460	125.00
0.228480	125.00
0.228500	124.00
0.228520	124.00
0.228540	125.00
0.228560	125.00
0.228580	126.00
0.228600	126.00
0.228620	126.00
0.228640	126.00
0.228660	126.00
0.228680	126.00
0.228700	126.00
0.228720	126.00
0.228740	126.00
0.228760	125.00
0.228780	125.00
0.228800	125.00
0.228820	126.00
0.228840	126.00
0.228860	126.00
0.228880	125.00
0.228900	124.00
0.228920	124.00
0.228940	123.00
0.228960	124.00
0.228980	126.00
