0.173000	102.00
0.173020	52.00
0.173040	105.00
0.173060	144.00
0.173080	145.00
0.173100	123.00
0.173120	109.00
0.173140	114.00
0.173160	128.00
0.173180	132.00
0.173200	126.00
0.173220	121.00
0.173240	126.00
0.173260	135.00
0.173280	136.00
0.173300	128.00
0.173320	120.00
0.173340	118.00
0.173360	121.00
0.173380	122.00
0.173400	120.00
0.173420	120.00
0.173440	125.00
0.173460	132.00
0.173480	134.00
0.173500	130.00
0.173520	126.00
0.173540	125.00
0.173560	127.00
0.173580	126.00
0.173600	123.00
0.173620	119.00
0.173640	120.00
0.173660	124.00
0.173680	127.00
0.173700	126.00
0.173720	125.00
0.173740	126.00
0.173760	129.00
0.173780	131.00
0.173800	130.00
0.173820	127.00
0.173840	126.00
0.173860	127.00
0.173880	125.00
0.173900	123.00
0.173920	121.00
0.173940	121.00
0.173960	124.00
0.173980	126.00
0.174000	125.00
0.174020	125.00
0.174040	126.00
0.174060	127.00
0.174080	127.00
0.174100	124.00
0.174120	122.00
0.174140	122.00
0.174160	123.00
0.174180	123.00
0.174200	123.00
0.174220	122.00
0.174240	123.00
0.174260	126.00
0.174280	127.00
0.174300	127.00
0.174320	126.00
0.174340	127.00
0.174360	128.00
0.174380	127.00
0.174400	125.00
0.174420	124.00
0.174440	124.00
0.174460	125.00
0.174480	125.00
0.174500	124.00
0.174520	123.00
0.174540	124.00
0.174560	127.00
0.174580	128.00
0.174600	127.00
0.174620	126.00
0.174640	125.00
0.174660	127.00
0.174680	127.00
0.174700	127.00
0.174720	126.00
0.174740	126.00
0.174760	126.00
0.174780	127.00
0.174800	126.00
0.174820	126.00
0.174840	127.00
0.174860	127.00
0.174880	126.00
0.174900	124.00
0.174920	123.00
0.174940	124.00
0.174960	125.00
0.174980	125.00
0.175000	124.00
0.175020	122.00
0.175040	123.00
0.175060	125.00
0.175080	127.00
0.175100	127.00
0.175120	126.00
0.175140	125.00
0.175160	125.00
0.175180	126.00
0.175200	126.00
0.175220	125.00
0.175240	125.00
0.175260	126.00
0.175280	126.00
0.175300	126.00
0.175320	125.00
0.175340	125.00
0.175360	125.00
0.175380	126.00
0.175400	125.00
0.175420	125.00
0.175440	125.00
0.175460	126.00
0.175480	126.00
0.175500	126.00
0.175520	126.00
0.175540	127.00
0.175560	128.00
0.175580	128.00
0.175600	127.00
0.175620	125.00
0.175640	125.00
0.175660	126.00
0.175680	126.00
0.175700	126.00
0.175720	125.00
0.175740	124.00
0.175760	124.00
0.175780	124.00
0.175800	124.00
0.175820	124.00
0.175840	125.00
0.175860	126.00
0.175880	126.00
0.175900	125.00
0.175920	125.00
0.175940	125.00
0.175960	126.00
0.175980	125.00
0.176000	124.00
0.176020	123.00
0.176040	124.00
0.176060	125.00
0.176080	126.00
0.176100	125.00
0.176120	123.00
0.176140	123.00
0.176160	123.00
0.176180	125.00
0.176200	126.00
0.176220	127.00
0.176240	129.00
0.176260	129.00
0.176280	128.00
0.176300	127.00
0.176320	126.00
0.176340	126.00
0.176360	126.00
0.176380	126.00
0.176400	126.00
0.176420	125.00
0.176440	125.00
0.176460	126.00
0.176480	127.00
0.176500	126.00
0.176520	126.00
0.176540	126.00
0.176560	127.00
0.176580	127.00
0.176600	127.00
0.176620	127.00
0.176640	126.00
0.176660	126.00
0.176680	125.00
0.176700	124.00
0.176720	124.00
0.176740	125.00
0.176760	126.00
0.176780	125.00
0.176800	124.00
0.176820	123.00
0.176840	124.00
0.176860	125.00
0.176880	126.00
0.176900	125.00
0.176920	124.00
0.176940	123.00
0.176960	124.00
0.176980	124.00
0.177000	124.00
0.177020	124.00
0.177040	125.00
0.177060	125.00
0.177080	125.00
0.177100	124.00
0.177120	123.00
0.177140	124.00
0.177160	126.00
0.177180	127.00
0.177200	127.00
0.177220	126.00
0.177240	125.00
0.177260	125.00
0.177280	125.00
0.177300	125.00
0.177320	125.00
0.177340	126.00
0.177360	127.00
0.177380	128.00
0.177400	128.00
0.177420	127.00
0.177440	126.00
0.177460	126.00
0.177480	126.00
0.177500	127.00
0.177520	127.00
0.177540	128.00
0.177560	128.00
0.177580	128.00
0.177600	127.00
0.177620	126.00
0.177640	126.00
0.177660	126.00
0.177680	127.00
0.177700	127.00
0.177720	126.00
0.177740	126.00
0.177760	126.00
0.177780	126.00
0.177800	125.00
0.177820	125.00
0.177840	125.00
0.177860	125.00
0.177880	125.00
0.177900	124.00
0.177920	123.00
0.177940	124.00
0.177960	125.00
0.177980	125.00
0.178000	125.00
0.178020	125.00
0.178040	125.00
0.178060	125.00
0.178080	126.00
0.178100	125.00
0.178120	125.00
0.178140	125.00
0.178160	125.00
0.178180	125.00
0.178200	125.00
0.178220	125.00
0.178240	126.00
0.178260	126.00
0.178280	126.00
0.178300	125.00
0.178320	125.00
0.178340	126.00
0.178360	127.00
0.178380	127.00
0.178400	127.00
0.178420	127.00
0.178440	127.00
0.178460	127.00
0.178480	128.00
0.178500	127.00
0.178520	126.00
0.178540	125.00
0.178560	125.00
0.178580	125.00
0.178600	125.00
0.178620	126.00
0.178640	126.00
0.178660	126.00
0.178680	126.00
0.178700	126.00
0.178720	126.00
0.178740	126.00
0.178760	126.00
0.178780	126.00
0.178800	125.00
0.178820	124.00
0.178840	123.00
0.178860	123.00
0.178880	124.00
0.178900	124.00
0.178920	124.00
0.178940	124.00
0.178960	125.00
0.178980	125.00
0.179000	125.00
0.179020	125.00
0.179040	125.00
0.179060	126.00
0.179080	126.00
0.179100	125.00
0.179120	125.00
0.179140	125.00
0.179160	126.00
0.179180	126.00
0.179200	126.00
0.179220	126.00
0.179240	125.00
0.179260	125.00
0.179280	125.00
0.179300	125.00
0.179320	125.00
0.179340	125.00
0.179360	125.00
0.179380	126.00
0.179400	127.00
0.179420	127.00
0.179440	126.00
0.179460	125.00
0.179480	125.00
0.179500	125.00
0.179520	125.00
0.179540	126.00
0.179560	126.00
0.179580	127.00
0.179600	128.00
0.179620	128.00
0.179640	129.00
0.179660	128.00
0.179680	128.00
0.179700	127.00
0.179720	126.00
0.179740	126.00
0.179760	126.00
0.179780	125.00
0.179800	125.00
0.179820	125.00
0.179840	124.00
0.179860	124.00
0.179880	124.00
0.179900	123.00
0.179920	124.00
0.179940	124.00
0.179960	124.00
0.179980	124.00
0.180000	123.00
0.180020	124.00
0.180040	125.00
0.180060	126.00
0.180080	126.00
0.180100	125.00
0.180120	125.00
0.180140	125.00
0.180160	125.00
0.180180	126.00
0.180200	126.00
0.180220	125.00
0.180240	125.00
0.180260	125.00
0.180280	126.00
0.180300	127.00
0.180320	127.00
0.180340	126.00
0.180360	126.00
0.180380	126.00
0.180400	126.00
0.180420	126.00
0.180440	127.00
0.180460	127.00
0.180480	127.00
0.180500	126.00
0.180520	126.00
0.180540	125.00
0.180560	125.00
0.180580	125.00
0.180600	125.00
0.180620	125.00
0.180640	125.00
0.180660	125.00
0.180680	125.00
0.180700	125.00
0.180720	125.00
0.180740	125.00
0.180760	125.00
0.180780	125.00
0.180800	125.00
0.180820	125.00
0.180840	125.00
0.180860	125.00
0.180880	124.00
0.180900	124.00
0.180920	124.00
0.180940	125.00
0.180960	126.00
0.180980	126.00
0.181000	125.00
0.181020	125.00
0.181040	126.00
0.181060	127.00
0.181080	126.00
0.181100	125.00
0.181120	124.00
0.181140	124.00
0.181160	125.00
0.181180	125.00
0.181200	125.00
0.181220	125.00
0.181240	126.00
0.181260	127.00
0.181280	127.00
0.181300	126.00
0.181320	126.00
0.181340	126.00
0.181360	127.00
0.181380	127.00
0.181400	127.00
0.181420	127.00
0.181440	126.00
0.181460	126.00
0.181480	126.00
0.181500	125.00
0.181520	124.00
0.181540	124.00
0.181560	125.00
0.181580	126.00
0.181600	126.00
0.181620	126.00
0.181640	126.00
0.181660	126.00
0.181680	127.00
0.181700	126.00
0.181720	126.00
0.181740	126.00
0.181760	126.00
0.181780	126.00
0.181800	126.00
0.181820	124.00
0.181840	124.00
0.181860	124.00
0.181880	125.00
0.181900	126.00
0.181920	125.00
0.181940	125.00
0.181960	124.00
0.181980	125.00
0.182000	125.00
0.182020	126.00
0.182040	126.00
0.182060	126.00
0.182080	126.00
0.182100	127.00
0.182120	127.00
0.182140	127.00
0.182160	127.00
0.182180	127.00
0.182200	126.00
0.182220	125.00
0.182240	125.00
0.182260	126.00
0.182280	127.00
0.182300	127.00
0.182320	127.00
0.182340	126.00
0.182360	125.00
0.182380	124.00
0.182400	124.00
0.182420	125.00
0.182440	125.00
0.182460	125.00
0.182480	124.00
0.182500	124.00
0.182520	125.00
0.182540	126.00
0.182560	126.00
0.182580	125.00
0.182600	125.00
0.182620	124.00
0.182640	125.00
0.182660	125.00
0.182680	124.00
0.182700	123.00
0.182720	122.00
0.182740	123.00
0.182760	124.00
0.182780	125.00
0.182800	125.00
0.182820	125.00
0.182840	124.00
0.182860	123.00
0.182880	124.00
0.182900	124.00
0.182920	124.00
0.182940	125.00
0.182960	126.00
0.182980	126.00
0.183000	126.00
0.183020	125.00
0.183040	125.00
0.183060	125.00
0.183080	126.00
0.183100	125.00
0.183120	125.00
0.183140	124.00
0.183160	124.00
0.183180	125.00
0.183200	125.00
0.183220	126.00
0.183240	125.00
0.183260	125.00
0.183280	125.00
0.183300	125.00
0.183320	126.00
0.183340	126.00
0.183360	127.00
0.183380	127.00
0.183400	127.00
0.183420	126.00
0.183440	126.00
0.183460	126.00
0.183480	126.00
0.183500	127.00
0.183520	126.00
0.183540	126.00
0.183560	126.00
0.183580	126.00
0.183600	126.00
0.183620	126.00
0.183640	125.00
0.183660	124.00
0.183680	123.00
0.183700	124.00
0.183720	124.00
0.183740	124.00
0.183760	123.00
0.183780	123.00
0.183800	123.00
0.183820	124.00
0.183840	125.00
0.183860	125.00
0.183880	124.00
0.183900	125.00
0.183920	126.00
0.183940	127.00
0.183960	127.00
0.183980	126.00
0.184000	125.00
0.184020	125.00
0.184040	126.00
0.184060	127.00
0.184080	126.00
0.184100	125.00
0.184120	124.00
0.184140	124.00
0.184160	126.00
0.184180	127.00
0.184200	127.00
0.184220	127.00
0.184240	126.00
0.184260	125.00
0.184280	124.00
0.184300	124.00
0.184320	124.00
0.184340	125.00
0.184360	125.00
0.184380	126.00
0.184400	125.00
0.184420	125.00
0.184440	125.00
0.184460	126.00
0.184480	125.00
0.184500	125.00
0.184520	124.00
0.184540	124.00
0.184560	124.00
0.184580	124.00
0.184600	124.00
0.184620	124.00
0.184640	124.00
0.184660	124.00
0.184680	125.00
0.184700	125.00
0.184720	125.00
0.184740	124.00
0.184760	124.00
0.184780	125.00
0.184800	126.00
0.184820	126.00
0.184840	127.00
0.184860	127.00
0.184880	127.00
0.184900	128.00
0.184920	128.00
0.184940	128.00
0.184960	128.00
0.184980	127.00
0.185000	126.00
0.185020	125.00
0.185040	125.00
0.185060	125.00
0.185080	126.00
0.185100	126.00
0.185120	126.00
0.185140	125.00
0.185160	126.00
0.185180	126.00
0.185200	127.00
0.185220	127.00
0.185240	126.00
0.185260	124.00
0.185280	124.00
0.185300	124.00
0.185320	125.00
0.185340	125.00
0.185360	126.00
0.185380	125.00
0.185400	125.00
0.185420	125.00
0.185440	126.00
0.185460	126.00
0.185480	126.00
0.185500	125.00
0.185520	125.00
0.185540	125.00
0.185560	126.00
0.185580	126.00
0.185600	126.00
0.185620	126.00
0.185640	125.00
0.185660	125.00
0.185680	124.00
0.185700	124.00
0.185720	125.00
0.185740	125.00
0.185760	126.00
0.185780	125.00
0.185800	125.00
0.185820	125.00
0.185840	126.00
0.185860	127.00
0.185880	127.00
0.185900	126.00
0.185920	125.00
0.185940	124.00
0.185960	124.00
0.185980	124.00
0.186000	124.00
0.186020	125.00
0.186040	125.00
0.186060	125.00
0.186080	125.00
0.186100	125.00
0.186120	126.00
0.186140	126.00
0.186160	126.00
0.186180	126.00
0.186200	126.00
0.186220	126.00
0.186240	126.00
0.186260	126.00
0.186280	126.00
0.186300	126.00
0.186320	125.00
0.186340	125.00
0.186360	125.00
0.186380	125.00
0.186400	126.00
0.186420	126.00
0.186440	126.00
0.186460	126.00
0.186480	125.00
0.186500	124.00
0.186520	124.00
0.186540	124.00
0.186560	124.00
0.186580	125.00
0.186600	125.00
0.186620	125.00
0.186640	125.00
0.186660	125.00
0.186680	125.00
0.186700	125.00
0.186720	125.00
0.186740	125.00
0.186760	124.00
0.186780	124.00
0.186800	123.00
0.186820	123.00
0.186840	124.00
0.186860	125.00
0.186880	126.00
0.186900	127.00
0.186920	128.00
0.186940	129.00
0.186960	128.00
0.186980	126.00
0.187000	124.00
0.187020	123.00
0.187040	123.00
0.187060	124.00
0.187080	125.00
0.187100	125.00
0.187120	126.00
0.187140	127.00
0.187160	129.00
0.187180	130.00
0.187200	130.00
0.187220	128.00
0.187240	127.00
0.187260	126.00
0.187280	125.00
0.187300	124.00
0.187320	122.00
0.187340	121.00
0.187360	121.00
0.187380	123.00
0.187400	125.00
0.187420	127.00
0.187440	128.00
0.187460	128.00
0.187480	127.00
0.187500	126.00
0.187520	125.00
0.187540	124.00
0.187560	123.00
0.187580	124.00
0.187600	124.00
0.187620	125.00
0.187640	126.00
0.187660	127.00
0.187680	127.00
0.187700	127.00
0.187720	126.00
0.187740	125.00
0.187760	125.00
0.187780	125.00
0.187800	125.00
0.187820	125.00
0.187840	125.00
0.187860	125.00
0.187880	125.00
0.187900	125.00
0.187920	126.00
0.187940	127.00
0.187960	127.00
0.187980	126.00
0.188000	126.00
0.188020	126.00
0.188040	126.00
0.188060	126.00
0.188080	126.00
0.188100	126.00
0.188120	125.00
0.188140	125.00
0.188160	126.00
0.188180	126.00
0.188200	125.00
0.188220	124.00
0.188240	124.00
0.188260	124.00
0.188280	126.00
0.188300	126.00
0.188320	126.00
0.188340	126.00
0.188360	125.00
0.188380	125.00
0.188400	125.00
0.188420	125.00
0.188440	124.00
0.188460	124.00
0.188480	124.00
0.188500	125.00
0.188520	125.00
0.188540	124.00
0.188560	123.00
0.188580	123.00
0.188600	123.00
0.188620	124.00
0.188640	124.00
0.188660	125.00
0.188680	124.00
0.188700	124.00
0.188720	124.00
0.188740	124.00
0.188760	125.00
0.188780	125.00
0.188800	125.00
0.188820	125.00
0.188840	126.00
0.188860	126.00
0.188880	126.00
0.188900	126.00
0.188920	127.00
0.188940	127.00
0.188960	126.00
0.188980	126.00
0.189000	126.00
0.189020	126.00
0.189040	126.00
0.189060	126.00
0.189080	125.00
0.189100	125.00
0.189120	125.00
0.189140	126.00
0.189160	127.00
0.189180	127.00
0.189200	127.00
0.189220	126.00
0.189240	126.00
0.189260	126.00
0.189280	125.00
0.189300	124.00
0.189320	124.00
0.189340	125.00
0.189360	126.00
0.189380	126.00
0.189400	125.00
0.189420	124.00
0.189440	124.00
0.189460	125.00
0.189480	125.00
0.189500	126.00
0.189520	126.00
0.189540	126.00
0.189560	124.00
0.189580	122.00
0.189600	120.00
0.189620	120.00
0.189640	122.00
0.189660	124.00
0.189680	127.00
0.189700	128.00
0.189720	129.00
0.189740	129.00
0.189760	128.00
0.189780	125.00
0.189800	123.00
0.189820	121.00
0.189840	121.00
0.189860	122.00
0.189880	123.00
0.189900	124.00
0.189920	125.00
0.189940	128.00
0.189960	129.00
0.189980	129.00
0.190000	128.00
0.190020	126.00
0.190040	125.00
0.190060	125.00
0.190080	124.00
0.190100	123.00
0.190120	122.00
0.190140	122.00
0.190160	123.00
0.190180	125.00
0.190200	127.00
0.190220	130.00
0.190240	132.00
0.190260	132.00
0.190280	131.00
0.190300	128.00
0.190320	124.00
0.190340	122.00
0.190360	121.00
0.190380	121.00
0.190400	122.00
0.190420	124.00
0.190440	126.00
0.190460	128.00
0.190480	130.00
0.190500	131.00
0.190520	131.00
0.190540	130.00
0.190560	127.00
0.190580	124.00
0.190600	120.00
0.190620	118.00
0.190640	118.00
0.190660	120.00
0.190680	125.00
0.190700	130.00
0.190720	134.00
0.190740	135.00
0.190760	133.00
0.190780	127.00
0.190800	121.00
0.190820	115.00
0.190840	113.00
0.190860	114.00
0.190880	118.00
0.190900	124.00
0.190920	130.00
0.190940	136.00
0.190960	139.00
0.190980	138.00
0.191000	133.00
0.191020	126.00
0.191040	118.00
0.191060	112.00
0.191080	110.00
0.191100	112.00
0.191120	119.00
0.191140	128.00
0.191160	136.00
0.191180	141.00
0.191200	140.00
0.191220	136.00
0.191240	129.00
0.191260	122.00
0.191280	116.00
0.191300	113.00
0.191320	114.00
0.191340	118.00
0.191360	123.00
0.191380	128.00
0.191400	131.00
0.191420	132.00
0.191440	131.00
0.191460	128.00
0.191480	125.00
0.191500	122.00
0.191520	121.00
0.191540	122.00
0.191560	124.00
0.191580	126.00
0.191600	127.00
0.191620	126.00
0.191640	125.00
0.191660	123.00
0.191680	123.00
0.191700	124.00
0.191720	127.00
0.191740	130.00
0.191760	132.00
0.191780	131.00
0.191800	129.00
0.191820	127.00
0.191840	124.00
0.191860	123.00
0.191880	123.00
0.191900	123.00
0.191920	124.00
0.191940	124.00
0.191960	124.00
0.191980	123.00
0.192000	121.00
0.192020	122.00
0.192040	125.00
0.192060	130.00
0.192080	135.00
0.192100	136.00
0.192120	134.00
0.192140	128.00
0.192160	121.00
0.192180	114.00
0.192200	109.00
0.192220	108.00
0.192240	112.00
0.192260	121.00
0.192280	132.00
0.192300	140.00
0.192320	144.00
0.192340	141.00
0.192360	134.00
0.192380	124.00
0.192400	114.00
0.192420	108.00
0.192440	107.00
0.192460	112.00
0.192480	121.00
0.192500	131.00
0.192520	139.00
0.192540	141.00
0.192560	138.00
0.192580	132.00
0.192600	125.00
0.192620	119.00
0.192640	117.00
0.192660	117.00
0.192680	120.00
0.192700	123.00
0.192720	126.00
0.192740	128.00
0.192760	128.00
0.192780	127.00
0.192800	125.00
0.192820	123.00
0.192840	122.00
0.192860	123.00
0.192880	125.00
0.192900	128.00
0.192920	130.00
0.192940	131.00
0.192960	130.00
0.192980	128.00
0.193000	125.00
0.193020	122.00
0.193040	120.00
0.193060	119.00
0.193080	120.00
0.193100	122.00
0.193120	125.00
0.193140	128.00
0.193160	132.00
0.193180	133.00
0.193200	133.00
0.193220	132.00
0.193240	129.00
0.193260	125.00
0.193280	121.00
0.193300	116.00
0.193320	112.00
0.193340	111.00
0.193360	114.00
0.193380	121.00
0.193400	128.00
0.193420	135.00
0.193440	141.00
0.193460	143.00
0.193480	141.00
0.193500	136.00
0.193520	128.00
0.193540	121.00
0.193560	114.00
0.193580	110.00
0.193600	109.00
0.193620	111.00
0.193640	117.00
0.193660	125.00
0.193680	134.00
0.193700	140.00
0.193720	143.00
0.193740	143.00
0.193760	139.00
0.193780	132.00
0.193800	124.00
0.193820	116.00
0.193840	110.00
0.193860	107.00
0.193880	109.00
0.193900	114.00
0.193920	122.00
0.193940	131.00
0.193960	139.00
0.193980	143.00
0.194000	141.00
0.194020	136.00
0.194040	127.00
0.194060	119.00
0.194080	113.00
0.194100	111.00
0.194120	112.00
0.194140	115.00
0.194160	119.00
0.194180	124.00
0.194200	128.00
0.194220	131.00
0.194240	133.00
0.194260	132.00
0.194280	131.00
0.194300	128.00
0.194320	125.00
0.194340	122.00
0.194360	120.00
0.194380	119.00
0.194400	119.00
0.194420	121.00
0.194440	123.00
0.194460	126.00
0.194480	128.00
0.194500	128.00
0.194520	128.00
0.194540	128.00
0.194560	127.00
0.194580	126.00
0.194600	124.00
0.194620	123.00
0.194640	123.00
0.194660	124.00
0.194680	125.00
0.194700	126.00
0.194720	126.00
0.194740	127.00
0.194760	127.00
0.194780	127.00
0.194800	126.00
0.194820	124.00
0.194840	123.00
0.194860	123.00
0.194880	123.00
0.194900	124.00
0.194920	126.00
0.194940	129.00
0.194960	131.00
0.194980	133.00
0.195000	132.00
0.195020	130.00
0.195040	127.00
0.195060	125.00
0.195080	122.00
0.195100	121.00
0.195120	119.00
0.195140	118.00
0.195160	119.00
0.195180	121.00
0.195200	125.00
0.195220	130.00
0.195240	134.00
0.195260	136.00
0.195280	135.00
0.195300	131.00
0.195320	125.00
0.195340	118.00
0.195360	114.00
0.195380	113.00
0.195400	115.00
0.195420	120.00
0.195440	125.00
0.195460	130.00
0.195480	133.00
0.195500	133.00
0.195520	130.00
0.195540	127.00
0.195560	124.00
0.195580	124.00
0.195600	124.00
0.195620	125.00
0.195640	125.00
0.195660	124.00
0.195680	124.00
0.195700	123.00
0.195720	123.00
0.195740	123.00
0.195760	124.00
0.195780	128.00
0.195800	133.00
0.195820	137.00
0.195840	138.00
0.195860	135.00
0.195880	129.00
0.195900	123.00
0.195920	119.00
0.195940	117.00
0.195960	117.00
0.195980	120.00
0.196000	124.00
0.196020	128.00
0.196040	131.00
0.196060	132.00
0.196080	131.00
0.196100	129.00
0.196120	126.00
0.196140	122.00
0.196160	120.00
0.196180	118.00
0.196200	118.00
0.196220	118.00
0.196240	120.00
0.196260	122.00
0.196280	125.00
0.196300	128.00
0.196320	131.00
0.196340	131.00
0.196360	130.00
0.196380	128.00
0.196400	123.00
0.196420	120.00
0.196440	117.00
0.196460	118.00
0.196480	120.00
0.196500	125.00
0.196520	129.00
0.196540	131.00
0.196560	132.00
0.196580	130.00
0.196600	128.00
0.196620	125.00
0.196640	123.00
0.196660	123.00
0.196680	124.00
0.196700	126.00
0.196720	128.00
0.196740	128.00
0.196760	127.00
0.196780	125.00
0.196800	124.00
0.196820	123.00
0.196840	124.00
0.196860	125.00
0.196880	127.00
0.196900	130.00
0.196920	131.00
0.196940	131.00
0.196960	129.00
0.196980	126.00
0.197000	123.00
0.197020	120.00
0.197040	119.00
0.197060	121.00
0.197080	124.00
0.197100	127.00
0.197120	130.00
0.197140	130.00
0.197160	129.00
0.197180	127.00
0.197200	124.00
0.197220	122.00
0.197240	121.00
0.197260	122.00
0.197280	123.00
0.197300	125.00
0.197320	127.00
0.197340	128.00
0.197360	126.00
0.197380	124.00
0.197400	122.00
0.197420	121.00
0.197440	121.00
0.197460	122.00
0.197480	123.00
0.197500	124.00
0.197520	127.00
0.197540	129.00
0.197560	130.00
0.197580	129.00
0.197600	126.00
0.197620	123.00
0.197640	122.00
0.197660	122.00
0.197680	122.00
0.197700	122.00
0.197720	123.00
0.197740	126.00
0.197760	129.00
0.197780	132.00
0.197800	133.00
0.197820	132.00
0.197840	129.00
0.197860	126.00
0.197880	123.00
0.197900	120.00
0.197920	118.00
0.197940	119.00
0.197960	121.00
0.197980	125.00
0.198000	127.00
0.198020	128.00
0.198040	128.00
0.198060	128.00
0.198080	128.00
0.198100	127.00
0.198120	126.00
0.198140	125.00
0.198160	123.00
0.198180	122.00
0.198200	122.00
0.198220	122.00
0.198240	122.00
0.198260	123.00
0.198280	124.00
0.198300	125.00
0.198320	127.00
0.198340	128.00
0.198360	130.00
0.198380	130.00
0.198400	128.00
0.198420	124.00
0.198440	122.00
0.198460	121.00
0.198480	123.00
0.198500	126.00
0.198520	129.00
0.198540	131.00
0.198560	131.00
0.198580	131.00
0.198600	129.00
0.198620	126.00
0.198640	123.00
0.198660	121.00
0.198680	121.00
0.198700	123.00
0.198720	126.00
0.198740	128.00
0.198760	129.00
0.198780	128.00
0.198800	126.00
0.198820	124.00
0.198840	122.00
0.198860	122.00
0.198880	123.00
0.198900	124.00
0.198920	126.00
0.198940	127.00
0.198960	127.00
0.198980	128.00
0.199000	128.00
0.199020	128.00
0.199040	126.00
0.199060	124.00
0.199080	123.00
0.199100	123.00
0.199120	123.00
0.199140	124.00
0.199160	124.00
0.199180	124.00
0.199200	125.00
0.199220	126.00
0.199240	126.00
0.199260	126.00
0.199280	126.00
0.199300	126.00
0.199320	126.00
0.199340	127.00
0.199360	128.00
0.199380	128.00
0.199400	127.00
0.199420	126.00
0.199440	125.00
0.199460	125.00
0.199480	125.00
0.199500	125.00
0.199520	125.00
0.199540	126.00
0.199560	127.00
0.199580	127.00
0.199600	127.00
0.199620	127.00
0.199640	127.00
0.199660	126.00
0.199680	126.00
0.199700	125.00
0.199720	125.00
0.199740	125.00
0.199760	125.00
0.199780	126.00
0.199800	127.00
0.199820	127.00
0.199840	127.00
0.199860	127.00
0.199880	127.00
0.199900	127.00
0.199920	127.00
0.199940	126.00
0.199960	124.00
0.199980	123.00
0.200000	122.00
0.200020	122.00
0.200040	123.00
0.200060	123.00
0.200080	123.00
0.200100	124.00
0.200120	126.00
0.200140	127.00
0.200160	128.00
0.200180	127.00
0.200200	126.00
0.200220	123.00
0.200240	121.00
0.200260	120.00
0.200280	120.00
0.200300	122.00
0.200320	125.00
0.200340	127.00
0.200360	128.00
0.200380	129.00
0.200400	129.00
0.200420	128.00
0.200440	127.00
0.200460	125.00
0.200480	122.00
0.200500	120.00
0.200520	119.00
0.200540	120.00
0.200560	123.00
0.200580	126.00
0.200600	127.00
0.200620	129.00
0.200640	130.00
0.200660	130.00
0.200680	129.00
0.200700	127.00
0.200720	124.00
0.200740	122.00
0.200760	121.00
0.200780	121.00
0.200800	121.00
0.200820	122.00
0.200840	123.00
0.200860	124.00
0.200880	125.00
0.200900	125.00
0.200920	126.00
0.200940	127.00
0.200960	127.00
0.200980	127.00
0.201000	126.00
0.201020	124.00
0.201040	122.00
0.201060	122.00
0.201080	122.00
0.201100	122.00
0.201120	122.00
0.201140	123.00
0.201160	125.00
0.201180	128.00
0.201200	130.00
0.201220	130.00
0.201240	129.00
0.201260	127.00
0.201280	125.00
0.201300	123.00
0.201320	121.00
0.201340	121.00
0.201360	121.00
0.201380	122.00
0.201400	124.00
0.201420	126.00
0.201440	128.00
0.201460	129.00
0.201480	131.00
0.201500	131.00
0.201520	130.00
0.201540	128.00
0.201560	124.00
0.201580	122.00
0.201600	120.00
0.201620	121.00
0.201640	123.00
0.201660	125.00
0.201680	127.00
0.201700	129.00
0.201720	130.00
0.201740	130.00
0.201760	129.00
0.201780	127.00
0.201800	125.00
0.201820	123.00
0.201840	121.00
0.201860	120.00
0.201880	120.00
0.201900	121.00
0.201920	123.00
0.201940	126.00
0.201960	128.00
0.201980	128.00
0.202000	128.00
0.202020	127.00
0.202040	126.00
0.202060	126.00
0.202080	125.00
0.202100	125.00
0.202120	124.00
0.202140	123.00
0.202160	123.00
0.202180	124.00
0.202200	125.00
0.202220	125.00
0.202240	126.00
0.202260	125.00
0.202280	126.00
0.202300	126.00
0.202320	126.00
0.202340	126.00
0.202360	125.00
0.202380	124.00
0.202400	124.00
0.202420	124.00
0.202440	124.00
0.202460	125.00
0.202480	126.00
0.202500	128.00
0.202520	130.00
0.202540	131.00
0.202560	130.00
0.202580	128.00
0.202600	126.00
0.202620	125.00
0.202640	124.00
0.202660	124.00
0.202680	124.00
0.202700	124.00
0.202720	125.00
0.202740	127.00
0.202760	128.00
0.202780	128.00
0.202800	127.00
0.202820	126.00
0.202840	125.00
0.202860	123.00
0.202880	122.00
0.202900	121.00
0.202920	122.00
0.202940	123.00
0.202960	125.00
0.202980	126.00
0.203000	127.00
0.203020	127.00
0.203040	126.00
0.203060	125.00
0.203080	125.00
0.203100	124.00
0.203120	124.00
0.203140	124.00
0.203160	124.00
0.203180	124.00
0.203200	124.00
0.203220	125.00
0.203240	126.00
0.203260	127.00
0.203280	127.00
0.203300	127.00
0.203320	127.00
0.203340	127.00
0.203360	126.00
0.203380	125.00
0.203400	124.00
0.203420	124.00
0.203440	125.00
0.203460	127.00
0.203480	128.00
0.203500	128.00
0.203520	128.00
0.203540	128.00
0.203560	128.00
0.203580	128.00
0.203600	127.00
0.203620	125.00
0.203640	124.00
0.203660	123.00
0.203680	123.00
0.203700	123.00
0.203720	124.00
0.203740	126.00
0.203760	128.00
0.203780	129.00
0.203800	129.00
0.203820	127.00
0.203840	125.00
0.203860	123.00
0.203880	122.00
0.203900	122.00
0.203920	122.00
0.203940	123.00
0.203960	124.00
0.203980	125.00
0.204000	126.00
0.204020	126.00
0.204040	126.00
0.204060	125.00
0.204080	124.00
0.204100	123.00
0.204120	122.00
0.204140	122.00
0.204160	123.00
0.204180	124.00
0.204200	124.00
0.204220	124.00
0.204240	125.00
0.204260	125.00
0.204280	126.00
0.204300	126.00
0.204320	126.00
0.204340	125.00
0.204360	124.00
0.204380	124.00
0.204400	125.00
0.204420	125.00
0.204440	126.00
0.204460	126.00
0.204480	126.00
0.204500	125.00
0.204520	125.00
0.204540	126.00
0.204560	127.00
0.204580	128.00
0.204600	128.00
0.204620	128.00
0.204640	127.00
0.204660	126.00
0.204680	125.00
0.204700	125.00
0.204720	125.00
0.204740	125.00
0.204760	126.00
0.204780	125.00
0.204800	125.00
0.204820	125.00
0.204840	125.00
0.204860	125.00
0.204880	124.00
0.204900	124.00
0.204920	123.00
0.204940	123.00
0.204960	124.00
0.204980	124.00
0.205000	124.00
0.205020	124.00
0.205040	124.00
0.205060	124.00
0.205080	124.00
0.205100	123.00
0.205120	124.00
0.205140	125.00
0.205160	127.00
0.205180	128.00
0.205200	127.00
0.205220	126.00
0.205240	126.00
0.205260	125.00
0.205280	125.00
0.205300	124.00
0.205320	124.00
0.205340	124.00
0.205360	125.00
0.205380	126.00
0.205400	126.00
0.205420	125.00
0.205440	124.00
0.205460	124.00
0.205480	125.00
0.205500	126.00
0.205520	126.00
0.205540	126.00
0.205560	126.00
0.205580	126.00
0.205600	126.00
0.205620	125.00
0.205640	125.00
0.205660	125.00
0.205680	126.00
0.205700	127.00
0.205720	127.00
0.205740	126.00
0.205760	125.00
0.205780	124.00
0.205800	124.00
0.205820	124.00
0.205840	124.00
0.205860	125.00
0.205880	125.00
0.205900	126.00
0.205920	126.00
0.205940	126.00
0.205960	125.00
0.205980	125.00
0.206000	125.00
0.206020	125.00
0.206040	126.00
0.206060	125.00
0.206080	125.00
0.206100	124.00
0.206120	124.00
0.206140	123.00
0.206160	123.00
0.206180	123.00
0.206200	123.00
0.206220	125.00
0.206240	127.00
0.206260	129.00
0.206280	130.00
0.206300	129.00
0.206320	128.00
0.206340	127.00
0.206360	127.00
0.206380	126.00
0.206400	124.00
0.206420	123.00
0.206440	122.00
0.206460	123.00
0.206480	125.00
0.206500	127.00
0.206520	128.00
0.206540	128.00
0.206560	129.00
0.206580	129.00
0.206600	128.00
0.206620	127.00
0.206640	126.00
0.206660	125.00
0.206680	125.00
0.206700	124.00
0.206720	124.00
0.206740	123.00
0.206760	123.00
0.206780	124.00
0.206800	125.00
0.206820	126.00
0.206840	126.00
0.206860	126.00
0.206880	126.00
0.206900	124.00
0.206920	123.00
0.206940	122.00
0.206960	122.00
0.206980	122.00
0.207000	123.00
0.207020	123.00
0.207040	124.00
0.207060	125.00
0.207080	127.00
0.207100	128.00
0.207120	127.00
0.207140	126.00
0.207160	126.00
0.207180	126.00
0.207200	127.00
0.207220	127.00
0.207240	126.00
0.207260	124.00
0.207280	124.00
0.207300	124.00
0.207320	125.00
0.207340	125.00
0.207360	125.00
0.207380	125.00
0.207400	126.00
0.207420	127.00
0.207440	129.00
0.207460	129.00
0.207480	128.00
0.207500	127.00
0.207520	125.00
0.207540	124.00
0.207560	124.00
0.207580	124.00
0.207600	125.00
0.207620	125.00
0.207640	126.00
0.207660	126.00
0.207680	126.00
0.207700	126.00
0.207720	125.00
0.207740	123.00
0.207760	121.00
0.207780	121.00
0.207800	122.00
0.207820	123.00
0.207840	123.00
0.207860	124.00
0.207880	124.00
0.207900	125.00
0.207920	126.00
0.207940	126.00
0.207960	126.00
0.207980	125.00
0.208000	125.00
0.208020	125.00
0.208040	125.00
0.208060	124.00
0.208080	123.00
0.208100	123.00
0.208120	124.00
0.208140	125.00
0.208160	126.00
0.208180	127.00
0.208200	127.00
0.208220	126.00
0.208240	126.00
0.208260	125.00
0.208280	124.00
0.208300	124.00
0.208320	125.00
0.208340	125.00
0.208360	126.00
0.208380	126.00
0.208400	125.00
0.208420	126.00
0.208440	127.00
0.208460	128.00
0.208480	128.00
0.208500	127.00
0.208520	126.00
0.208540	124.00
0.208560	123.00
0.208580	122.00
0.208600	122.00
0.208620	122.00
0.208640	122.00
0.208660	122.00
0.208680	123.00
0.208700	123.00
0.208720	124.00
0.208740	125.00
0.208760	125.00
0.208780	125.00
0.208800	124.00
0.208820	123.00
0.208840	122.00
0.208860	123.00
0.208880	125.00
0.208900	127.00
0.208920	127.00
0.208940	127.00
0.208960	126.00
0.208980	126.00
0.209000	125.00
0.209020	125.00
0.209040	125.00
0.209060	124.00
0.209080	124.00
0.209100	124.00
0.209120	124.00
0.209140	126.00
0.209160	127.00
0.209180	128.00
0.209200	128.00
0.209220	127.00
0.209240	126.00
0.209260	125.00
0.209280	125.00
0.209300	125.00
0.209320	125.00
0.209340	125.00
0.209360	125.00
0.209380	126.00
0.209400	126.00
0.209420	126.00
0.209440	126.00
0.209460	126.00
0.209480	125.00
0.209500	124.00
0.209520	123.00
0.209540	123.00
0.209560	124.00
0.209580	125.00
0.209600	126.00
0.209620	126.00
0.209640	126.00
0.209660	126.00
0.209680	125.00
0.209700	124.00
0.209720	123.00
0.209740	122.00
0.209760	122.00
0.209780	123.00
0.209800	125.00
0.209820	126.00
0.209840	126.00
0.209860	126.00
0.209880	126.00
0.209900	126.00
0.209920	127.00
0.209940	127.00
0.209960	127.00
0.209980	126.00
0.210000	126.00
0.210020	126.00
0.210040	125.00
0.210060	124.00
0.210080	124.00
0.210100	124.00
0.210120	125.00
0.210140	127.00
0.210160	128.00
0.210180	129.00
0.210200	128.00
0.210220	127.00
0.210240	126.00
0.210260	125.00
0.210280	124.00
0.210300	124.00
0.210320	124.00
0.210340	125.00
0.210360	127.00
0.210380	128.00
0.210400	128.00
0.210420	127.00
0.210440	125.00
0.210460	124.00
0.210480	124.00
0.210500	125.00
0.210520	125.00
0.210540	125.00
0.210560	124.00
0.210580	124.00
0.210600	125.00
0.210620	125.00
0.210640	126.00
0.210660	126.00
0.210680	126.00
0.210700	126.00
0.210720	126.00
0.210740	126.00
0.210760	125.00
0.210780	124.00
0.210800	123.00
0.210820	123.00
0.210840	124.00
0.210860	126.00
0.210880	127.00
0.210900	127.00
0.210920	126.00
0.210940	125.00
0.210960	125.00
0.210980	124.00
0.211000	125.00
0.211020	125.00
0.211040	125.00
0.211060	124.00
0.211080	123.00
0.211100	123.00
0.211120	123.00
0.211140	124.00
0.211160	126.00
0.211180	127.00
0.211200	128.00
0.211220	128.00
0.211240	127.00
0.211260	126.00
0.211280	125.00
0.211300	125.00
0.211320	125.00
0.211340	125.00
0.211360	124.00
0.211380	124.00
0.211400	124.00
0.211420	124.00
0.211440	125.00
0.211460	125.00
0.211480	124.00
0.211500	124.00
0.211520	125.00
0.211540	125.00
0.211560	126.00
0.211580	126.00
0.211600	126.00
0.211620	126.00
0.211640	126.00
0.211660	126.00
0.211680	125.00
0.211700	125.00
0.211720	124.00
0.211740	125.00
0.211760	125.00
0.211780	125.00
0.211800	124.00
0.211820	124.00
0.211840	124.00
0.211860	125.00
0.211880	126.00
0.211900	127.00
0.211920	128.00
0.211940	128.00
0.211960	128.00
0.211980	127.00
0.212000	126.00
0.212020	125.00
0.212040	125.00
0.212060	125.00
0.212080	125.00
0.212100	124.00
0.212120	123.00
0.212140	124.00
0.212160	125.00
0.212180	126.00
0.212200	126.00
0.212220	126.00
0.212240	125.00
0.212260	126.00
0.212280	126.00
0.212300	126.00
0.212320	126.00
0.212340	125.00
0.212360	124.00
0.212380	124.00
0.212400	124.00
0.212420	123.00
0.212440	123.00
0.212460	122.00
0.212480	123.00
0.212500	123.00
0.212520	123.00
0.212540	123.00
0.212560	124.00
0.212580	124.00
0.212600	125.00
0.212620	125.00
0.212640	125.00
0.212660	125.00
0.212680	126.00
0.212700	127.00
0.212720	128.00
0.212740	129.00
0.212760	129.00
0.212780	128.00
0.212800	127.00
0.212820	126.00
0.212840	125.00
0.212860	125.00
0.212880	125.00
0.212900	124.00
0.212920	124.00
0.212940	123.00
0.212960	125.00
0.212980	126.00
0.213000	127.00
0.213020	127.00
0.213040	127.00
0.213060	127.00
0.213080	127.00
0.213100	126.00
0.213120	125.00
0.213140	124.00
0.213160	123.00
0.213180	124.00
0.213200	125.00
0.213220	125.00
0.213240	126.00
0.213260	126.00
0.213280	126.00
0.213300	127.00
0.213320	126.00
0.213340	126.00
0.213360	125.00
0.213380	124.00
0.213400	124.00
0.213420	124.00
0.213440	124.00
0.213460	124.00
0.213480	124.00
0.213500	124.00
0.213520	125.00
0.213540	126.00
0.213560	126.00
0.213580	126.00
0.213600	125.00
0.213620	125.00
0.213640	124.00
0.213660	124.00
0.213680	124.00
0.213700	124.00
0.213720	124.00
0.213740	124.00
0.213760	123.00
0.213780	124.00
0.213800	124.00
0.213820	125.00
0.213840	126.00
0.213860	127.00
0.213880	126.00
0.213900	125.00
0.213920	125.00
0.213940	124.00
0.213960	124.00
0.213980	124.00
0.214000	126.00
0.214020	127.00
0.214040	128.00
0.214060	128.00
0.214080	127.00
0.214100	126.00
0.214120	126.00
0.214140	125.00
0.214160	125.00
0.214180	126.00
0.214200	126.00
0.214220	126.00
0.214240	126.00
0.214260	126.00
0.214280	126.00
0.214300	125.00
0.214320	125.00
0.214340	124.00
0.214360	124.00
0.214380	124.00
0.214400	124.00
0.214420	124.00
0.214440	124.00
0.214460	124.00
0.214480	123.00
0.214500	124.00
0.214520	124.00
0.214540	125.00
0.214560	124.00
0.214580	124.00
0.214600	124.00
0.214620	124.00
0.214640	125.00
0.214660	125.00
0.214680	125.00
0.214700	124.00
0.214720	124.00
0.214740	125.00
0.214760	125.00
0.214780	126.00
0.214800	127.00
0.214820	127.00
0.214840	127.00
0.214860	126.00
0.214880	126.00
0.214900	125.00
0.214920	125.00
0.214940	125.00
0.214960	125.00
0.214980	125.00
0.215000	125.00
0.215020	125.00
0.215040	126.00
0.215060	126.00
0.215080	126.00
0.215100	127.00
0.215120	128.00
0.215140	128.00
0.215160	127.00
0.215180	125.00
0.215200	124.00
0.215220	123.00
0.215240	124.00
0.215260	124.00
0.215280	125.00
0.215300	125.00
0.215320	124.00
0.215340	125.00
0.215360	125.00
0.215380	124.00
0.215400	124.00
0.215420	123.00
0.215440	123.00
0.215460	123.00
0.215480	124.00
0.215500	124.00
0.215520	124.00
0.215540	124.00
0.215560	125.00
0.215580	125.00
0.215600	125.00
0.215620	124.00
0.215640	123.00
0.215660	123.00
0.215680	123.00
0.215700	125.00
0.215720	126.00
0.215740	127.00
0.215760	127.00
0.215780	126.00
0.215800	126.00
0.215820	126.00
0.215840	126.00
0.215860	126.00
0.215880	126.00
0.215900	126.00
0.215920	126.00
0.215940	126.00
0.215960	125.00
0.215980	124.00
0.216000	124.00
0.216020	125.00
0.216040	126.00
0.216060	127.00
0.216080	127.00
0.216100	126.00
0.216120	126.00
0.216140	126.00
0.216160	125.00
0.216180	125.00
0.216200	126.00
0.216220	127.00
0.216240	127.00
0.216260	127.00
0.216280	126.00
0.216300	125.00
0.216320	124.00
0.216340	124.00
0.216360	125.00
0.216380	126.00
0.216400	126.00
0.216420	125.00
0.216440	125.00
0.216460	124.00
0.216480	124.00
0.216500	124.00
0.216520	124.00
0.216540	124.00
0.216560	124.00
0.216580	123.00
0.216600	124.00
0.216620	125.00
0.216640	126.00
0.216660	126.00
0.216680	125.00
0.216700	125.00
0.216720	125.00
0.216740	125.00
0.216760	125.00
0.216780	125.00
0.216800	125.00
0.216820	125.00
0.216840	125.00
0.216860	124.00
0.216880	124.00
0.216900	125.00
0.216920	127.00
0.216940	128.00
0.216960	128.00
0.216980	127.00
0.217000	126.00
0.217020	126.00
0.217040	126.00
0.217060	126.00
0.217080	125.00
0.217100	124.00
0.217120	124.00
0.217140	125.00
0.217160	126.00
0.217180	126.00
0.217200	125.00
0.217220	125.00
0.217240	125.00
0.217260	125.00
0.217280	125.00
0.217300	125.00
0.217320	124.00
0.217340	124.00
0.217360	124.00
0.217380	124.00
0.217400	124.00
0.217420	124.00
0.217440	124.00
0.217460	125.00
0.217480	125.00
0.217500	124.00
0.217520	124.00
0.217540	124.00
0.217560	125.00
0.217580	125.00
0.217600	125.00
0.217620	125.00
0.217640	125.00
0.217660	126.00
0.217680	126.00
0.217700	126.00
0.217720	125.00
0.217740	124.00
0.217760	124.00
0.217780	125.00
0.217800	126.00
0.217820	127.00
0.217840	127.00
0.217860	126.00
0.217880	125.00
0.217900	124.00
0.217920	124.00
0.217940	124.00
0.217960	125.00
0.217980	125.00
0.218000	126.00
0.218020	127.00
0.218040	127.00
0.218060	127.00
0.218080	127.00
0.218100	126.00
0.218120	126.00
0.218140	126.00
0.218160	125.00
0.218180	125.00
0.218200	125.00
0.218220	125.00
0.218240	126.00
0.218260	126.00
0.218280	126.00
0.218300	125.00
0.218320	124.00
0.218340	124.00
0.218360	125.00
0.218380	125.00
0.218400	125.00
0.218420	125.00
0.218440	124.00
0.218460	123.00
0.218480	123.00
0.218500	124.00
0.218520	125.00
0.218540	127.00
0.218560	127.00
0.218580	127.00
0.218600	127.00
0.218620	126.00
0.218640	126.00
0.218660	126.00
0.218680	126.00
0.218700	125.00
0.218720	125.00
0.218740	125.00
0.218760	124.00
0.218780	123.00
0.218800	123.00
0.218820	123.00
0.218840	124.00
0.218860	125.00
0.218880	125.00
0.218900	125.00
0.218920	126.00
0.218940	127.00
0.218960	127.00
0.218980	127.00
0.219000	126.00
0.219020	126.00
0.219040	127.00
0.219060	128.00
0.219080	127.00
0.219100	126.00
0.219120	124.00
0.219140	124.00
0.219160	124.00
0.219180	125.00
0.219200	124.00
0.219220	124.00
0.219240	124.00
0.219260	124.00
0.219280	124.00
0.219300	124.00
0.219320	124.00
0.219340	123.00
0.219360	123.00
0.219380	123.00
0.219400	124.00
0.219420	125.00
0.219440	125.00
0.219460	125.00
0.219480	125.00
0.219500	125.00
0.219520	124.00
0.219540	125.00
0.219560	125.00
0.219580	125.00
0.219600	125.00
0.219620	126.00
0.219640	126.00
0.219660	127.00
0.219680	126.00
0.219700	126.00
0.219720	125.00
0.219740	126.00
0.219760	126.00
0.219780	126.00
0.219800	125.00
0.219820	124.00
0.219840	124.00
0.219860	124.00
0.219880	124.00
0.219900	124.00
0.219920	123.00
0.219940	123.00
0.219960	124.00
0.219980	125.00
0.220000	126.00
0.220020	127.00
0.220040	126.00
0.220060	126.00
0.220080	125.00
0.220100	125.00
0.220120	125.00
0.220140	126.00
0.220160	126.00
0.220180	127.00
0.220200	127.00
0.220220	128.00
0.220240	128.00
0.220260	127.00
0.220280	126.00
0.220300	125.00
0.220320	124.00
0.220340	124.00
0.220360	123.00
0.220380	123.00
0.220400	123.00
0.220420	123.00
0.220440	123.00
0.220460	124.00
0.220480	124.00
0.220500	124.00
0.220520	124.00
0.220540	125.00
0.220560	126.00
0.220580	127.00
0.220600	127.00
0.220620	127.00
0.220640	127.00
0.220660	127.00
0.220680	126.00
0.220700	124.00
0.220720	124.00
0.220740	124.00
0.220760	125.00
0.220780	125.00
0.220800	126.00
0.220820	126.00
0.220840	126.00
0.220860	127.00
0.220880	127.00
0.220900	127.00
0.220920	126.00
0.220940	125.00
0.220960	125.00
0.220980	124.00
0.221000	123.00
0.221020	123.00
0.221040	123.00
0.221060	124.00
0.221080	125.00
0.221100	125.00
0.221120	125.00
0.221140	125.00
0.221160	125.00
0.221180	126.00
0.221200	126.00
0.221220	126.00
0.221240	125.00
0.221260	125.00
0.221280	125.00
0.221300	124.00
0.221320	124.00
0.221340	124.00
0.221360	123.00
0.221380	123.00
0.221400	123.00
0.221420	124.00
0.221440	125.00
0.221460	125.00
0.221480	125.00
0.221500	125.00
0.221520	124.00
0.221540	125.00
0.221560	125.00
0.221580	125.00
0.221600	125.00
0.221620	124.00
0.221640	124.00
0.221660	124.00
0.221680	125.00
0.221700	125.00
0.221720	126.00
0.221740	126.00
0.221760	127.00
0.221780	127.00
0.221800	127.00
0.221820	127.00
0.221840	127.00
0.221860	128.00
0.221880	127.00
0.221900	127.00
0.221920	127.00
0.221940	127.00
0.221960	127.00
0.221980	127.00
0.222000	126.00
0.222020	125.00
0.222040	125.00
0.222060	124.00
0.222080	125.00
0.222100	125.00
0.222120	125.00
0.222140	125.00
0.222160	126.00
0.222180	126.00
0.222200	126.00
0.222220	126.00
0.222240	126.00
0.222260	126.00
0.222280	125.00
0.222300	124.00
0.222320	123.00
0.222340	123.00
0.222360	124.00
0.222380	124.00
0.222400	123.00
0.222420	122.00
0.222440	121.00
0.222460	122.00
0.222480	123.00
0.222500	124.00
0.222520	125.00
0.222540	125.00
0.222560	125.00
0.222580	124.00
0.222600	125.00
0.222620	125.00
0.222640	125.00
0.222660	124.00
0.222680	125.00
0.222700	125.00
0.222720	125.00
0.222740	125.00
0.222760	126.00
0.222780	126.00
0.222800	126.00
0.222820	127.00
0.222840	127.00
0.222860	127.00
0.222880	126.00
0.222900	125.00
0.222920	125.00
0.222940	126.00
0.222960	127.00
0.222980	127.00
0.223000	126.00
0.223020	125.00
0.223040	125.00
0.223060	125.00
0.223080	126.00
0.223100	126.00
0.223120	125.00
0.223140	124.00
0.223160	124.00
0.223180	123.00
0.223200	123.00
0.223220	123.00
0.223240	123.00
0.223260	123.00
0.223280	124.00
0.223300	125.00
0.223320	125.00
0.223340	125.00
0.223360	126.00
0.223380	126.00
0.223400	126.00
0.223420	125.00
0.223440	125.00
0.223460	125.00
0.223480	126.00
0.223500	127.00
0.223520	127.00
0.223540	125.00
0.223560	124.00
0.223580	123.00
0.223600	124.00
0.223620	124.00
0.223640	125.00
0.223660	125.00
0.223680	125.00
0.223700	125.00
0.223720	125.00
0.223740	126.00
0.223760	126.00
0.223780	126.00
0.223800	126.00
0.223820	126.00
0.223840	127.00
0.223860	127.00
0.223880	127.00
0.223900	127.00
0.223920	126.00
0.223940	126.00
0.223960	126.00
0.223980	126.00
0.224000	125.00
0.224020	125.00
0.224040	124.00
0.224060	124.00
0.224080	124.00
0.224100	125.00
0.224120	125.00
0.224140	125.00
0.224160	124.00
0.224180	124.00
0.224200	125.00
0.224220	126.00
0.224240	126.00
0.224260	126.00
0.224280	124.00
0.224300	123.00
0.224320	123.00
0.224340	124.00
0.224360	125.00
0.224380	125.00
0.224400	124.00
0.224420	124.00
0.224440	125.00
0.224460	126.00
0.224480	126.00
0.224500	125.00
0.224520	125.00
0.224540	126.00
0.224560	127.00
0.224580	128.00
0.224600	127.00
0.224620	126.00
0.224640	126.00
0.224660	127.00
0.224680	127.00
0.224700	127.00
0.224720	125.00
0.224740	124.00
0.224760	124.00
0.224780	124.00
0.224800	124.00
0.224820	124.00
0.224840	125.00
0.224860	125.00
0.224880	125.00
0.224900	124.00
0.224920	124.00
0.224940	125.00
0.224960	126.00
0.224980	126.00
0.225000	126.00
0.225020	124.00
0.225040	123.00
0.225060	124.00
0.225080	125.00
0.225100	125.00
0.225120	124.00
0.225140	123.00
0.225160	123.00
0.225180	124.00
0.225200	125.00
0.225220	125.00
0.225240	124.00
0.225260	123.00
0.225280	124.00
0.225300	125.00
0.225320	126.00
0.225340	126.00
0.225360	126.00
0.225380	126.00
0.225400	126.00
0.225420	126.00
0.225440	125.00
0.225460	124.00
0.225480	124.00
0.225500	124.00
0.225520	124.00
0.225540	125.00
0.225560	125.00
0.225580	125.00
0.225600	125.00
0.225620	125.00
0.225640	125.00
0.225660	125.00
0.225680	125.00
0.225700	126.00
0.225720	126.00
0.225740	126.00
0.225760	126.00
0.225780	126.00
0.225800	126.00
0.225820	126.00
0.225840	126.00
0.225860	125.00
0.225880	125.00
0.225900	125.00
0.225920	125.00
0.225940	124.00
0.225960	124.00
0.225980	124.00
0.226000	125.00
0.226020	126.00
0.226040	125.00
0.226060	124.00
0.226080	123.00
0.226100	122.00
0.226120	123.00
0.226140	124.00
0.226160	124.00
0.226180	125.00
0.226200	125.00
0.226220	126.00
0.226240	127.00
0.226260	127.00
0.226280	127.00
0.226300	127.00
0.226320	126.00
0.226340	126.00
0.226360	126.00
0.226380	125.00
0.226400	124.00
0.226420	124.00
0.226440	124.00
0.226460	125.00
0.226480	126.00
0.226500	126.00
0.226520	125.00
0.226540	124.00
0.226560	124.00
0.226580	125.00
0.226600	126.00
0.226620	126.00
0.226640	126.00
0.226660	126.00
0.226680	125.00
0.226700	126.00
0.226720	126.00
0.226740	126.00
0.226760	126.00
0.226780	126.00
0.226800	126.00
0.226820	126.00
0.226840	127.00
0.226860	127.00
0.226880	126.00
0.226900	125.00
0.226920	125.00
0.226940	125.00
0.226960	126.00
0.226980	125.00
0.227000	125.00
0.227020	124.00
0.227040	124.00
0.227060	124.00
0.227080	125.00
0.227100	124.00
0.227120	124.00
0.227140	123.00
0.227160	123.00
0.227180	124.00
0.227200	124.00
0.227220	124.00
0.227240	125.00
0.227260	125.00
0.227280	125.00
0.227300	125.00
0.227320	125.00
0.227340	125.00
0.227360	126.00
0.227380	126.00
0.227400	126.00
0.227420	126.00
0.227440	126.00
0.227460	125.00
0.227480	125.00
0.227500	125.00
0.227520	124.00
0.227540	125.00
0.227560	125.00
0.227580	125.00
0.227600	125.00
0.227620	125.00
0.227640	125.00
0.227660	126.00
0.227680	127.00
0.227700	127.00
0.227720	127.00
0.227740	126.00
0.227760	126.00
0.227780	126.00
0.227800	126.00
0.227820	126.00
0.227840	126.00
0.227860	126.00
0.227880	125.00
0.227900	125.00
0.227920	125.00
0.227940	125.00
0.227960	125.00
0.227980	126.00
0.228000	126.00
0.228020	125.00
0.228040	125.00
0.228060	124.00
0.228080	124.00
0.228100	124.00
0.228120	124.00
0.228140	124.00
0.228160	125.00
0.228180	126.00
0.228200	125.00
0.228220	125.00
0.228240	124.00
0.228260	124.00
0.228280	125.00
0.228300	126.00
0.228320	126.00
0.228340	126.00
0.228360	125.00
0.228380	125.00
0.228400	124.00
0.228420	124.00
0.228440	124.00
0.228460	125.00
0.228480	125.00
0.228500	125.00
0.228520	124.00
0.228540	125.00
0.228560	126.00
0.228580	127.00
0.228600	127.00
0.228620	125.00
0.228640	124.00
0.228660	124.00
0.228680	126.00
0.228700	127.00
0.228720	127.00
0.228740	126.00
0.228760	125.00
0.228780	125.00
0.228800	126.00
0.228820	126.00
0.228840	126.00
0.228860	125.00
0.228880	124.00
0.228900	124.00
0.228920	124.00
0.228940	125.00
0.228960	125.00
0.228980	125.00
