0.173000	101.00
0.173020	49.00
0.173040	102.00
0.173060	141.00
0.173080	144.00
0.173100	125.00
0.173120	112.00
0.173140	117.00
0.173160	130.00
0.173180	132.00
0.173200	124.00
0.173220	118.00
0.173240	121.00
0.173260	128.00
0.173280	130.00
0.173300	124.00
0.173320	120.00
0.173340	122.00
0.173360	127.00
0.173380	129.00
0.173400	124.00
0.173420	121.00
0.173440	123.00
0.173460	128.00
0.173480	129.00
0.173500	126.00
0.173520	122.00
0.173540	124.00
0.173560	127.00
0.173580	128.00
0.173600	126.00
0.173620	124.00
0.173640	125.00
0.173660	128.00
0.173680	129.00
0.173700	126.00
0.173720	124.00
0.173740	124.00
0.173760	126.00
0.173780	127.00
0.173800	125.00
0.173820	124.00
0.173840	125.00
0.173860	127.00
0.173880	127.00
0.173900	125.00
0.173920	123.00
0.173940	124.00
0.173960	125.00
0.173980	126.00
0.174000	124.00
0.174020	122.00
0.174040	123.00
0.174060	126.00
0.174080	126.00
0.174100	125.00
0.174120	123.00
0.174140	123.00
0.174160	125.00
0.174180	126.00
0.174200	124.00
0.174220	123.00
0.174240	124.00
0.174260	126.00
0.174280	126.00
0.174300	125.00
0.174320	124.00
0.174340	124.00
0.174360	127.00
0.174380	128.00
0.174400	126.00
0.174420	124.00
0.174440	124.00
0.174460	125.00
0.174480	125.00
0.174500	125.00
0.174520	124.00
0.174540	125.00
0.174560	126.00
0.174580	127.00
0.174600	126.00
0.174620	126.00
0.174640	127.00
0.174660	127.00
0.174680	127.00
0.174700	126.00
0.174720	124.00
0.174740	125.00
0.174760	126.00
0.174780	127.00
0.174800	126.00
0.174820	125.00
0.174840	125.00
0.174860	126.00
0.174880	126.00
0.174900	125.00
0.174920	125.00
0.174940	126.00
0.174960	127.00
0.174980	127.00
0.175000	126.00
0.175020	125.00
0.175040	125.00
0.175060	126.00
0.175080	126.00
0.175100	125.00
0.175120	123.00
0.175140	123.00
0.175160	123.00
0.175180	123.00
0.175200	123.00
0.175220	122.00
0.175240	122.00
0.175260	123.00
0.175280	125.00
0.175300	126.00
0.175320	126.00
0.175340	127.00
0.175360	127.00
0.175380	126.00
0.175400	126.00
0.175420	126.00
0.175440	127.00
0.175460	127.00
0.175480	127.00
0.175500	127.00
0.175520	127.00
0.175540	127.00
0.175560	127.00
0.175580	127.00
0.175600	125.00
0.175620	125.00
0.175640	126.00
0.175660	127.00
0.175680	128.00
0.175700	128.00
0.175720	127.00
0.175740	126.00
0.175760	126.00
0.175780	126.00
0.175800	125.00
0.175820	125.00
0.175840	125.00
0.175860	126.00
0.175880	126.00
0.175900	124.00
0.175920	123.00
0.175940	123.00
0.175960	124.00
0.175980	125.00
0.176000	125.00
0.176020	125.00
0.176040	125.00
0.176060	126.00
0.176080	126.00
0.176100	126.00
0.176120	125.00
0.176140	125.00
0.176160	125.00
0.176180	124.00
0.176200	123.00
0.176220	122.00
0.176240	123.00
0.176260	125.00
0.176280	127.00
0.176300	126.00
0.176320	126.00
0.176340	125.00
0.176360	126.00
0.176380	126.00
0.176400	126.00
0.176420	125.00
0.176440	125.00
0.176460	125.00
0.176480	126.00
0.176500	126.00
0.176520	126.00
0.176540	126.00
0.176560	127.00
0.176580	127.00
0.176600	127.00
0.176620	127.00
0.176640	127.00
0.176660	127.00
0.176680	126.00
0.176700	125.00
0.176720	125.00
0.176740	125.00
0.176760	126.00
0.176780	125.00
0.176800	125.00
0.176820	124.00
0.176840	125.00
0.176860	125.00
0.176880	125.00
0.176900	125.00
0.176920	124.00
0.176940	124.00
0.176960	125.00
0.176980	126.00
0.177000	126.00
0.177020	126.00
0.177040	126.00
0.177060	126.00
0.177080	126.00
0.177100	124.00
0.177120	124.00
0.177140	124.00
0.177160	125.00
0.177180	125.00
0.177200	125.00
0.177220	125.00
0.177240	125.00
0.177260	126.00
0.177280	126.00
0.177300	125.00
0.177320	124.00
0.177340	125.00
0.177360	125.00
0.177380	125.00
0.177400	125.00
0.177420	124.00
0.177440	124.00
0.177460	125.00
0.177480	125.00
0.177500	125.00
0.177520	124.00
0.177540	125.00
0.177560	127.00
0.177580	128.00
0.177600	127.00
0.177620	126.00
0.177640	126.00
0.177660	126.00
0.177680	126.00
0.177700	126.00
0.177720	126.00
0.177740	126.00
0.177760	126.00
0.177780	126.00
0.177800	125.00
0.177820	124.00
0.177840	124.00
0.177860	125.00
0.177880	126.00
0.177900	126.00
0.177920	125.00
0.177940	125.00
0.177960	125.00
0.177980	125.00
0.178000	125.00
0.178020	124.00
0.178040	124.00
0.178060	124.00
0.178080	124.00
0.178100	124.00
0.178120	124.00
0.178140	124.00
0.178160	124.00
0.178180	125.00
0.178200	125.00
0.178220	125.00
0.178240	125.00
0.178260	126.00
0.178280	127.00
0.178300	126.00
0.178320	125.00
0.178340	125.00
0.178360	125.00
0.178380	126.00
0.178400	126.00
0.178420	126.00
0.178440	125.00
0.178460	124.00
0.178480	123.00
0.178500	123.00
0.178520	124.00
0.178540	125.00
0.178560	127.00
0.178580	128.00
0.178600	128.00
0.178620	128.00
0.178640	128.00
0.178660	127.00
0.178680	126.00
0.178700	125.00
0.178720	125.00
0.178740	125.00
0.178760	126.00
0.178780	127.00
0.178800	126.00
0.178820	126.00
0.178840	125.00
0.178860	126.00
0.178880	126.00
0.178900	126.00
0.178920	125.00
0.178940	125.00
0.178960	125.00
0.178980	125.00
0.179000	124.00
0.179020	124.00
0.179040	124.00
0.179060	124.00
0.179080	123.00
0.179100	124.00
0.179120	124.00
0.179140	126.00
0.179160	127.00
0.179180	127.00
0.179200	127.00
0.179220	127.00
0.179240	127.00
0.179260	127.00
0.179280	126.00
0.179300	125.00
0.179320	124.00
0.179340	124.00
0.179360	125.00
0.179380	125.00
0.179400	125.00
0.179420	124.00
0.179440	124.00
0.179460	125.00
0.179480	126.00
0.179500	125.00
0.179520	125.00
0.179540	125.00
0.179560	126.00
0.179580	127.00
0.179600	127.00
0.179620	126.00
0.179640	126.00
0.179660	126.00
0.179680	126.00
0.179700	126.00
0.179720	126.00
0.179740	126.00
0.179760	126.00
0.179780	126.00
0.179800	126.00
0.179820	125.00
0.179840	124.00
0.179860	124.00
0.179880	124.00
0.179900	125.00
0.179920	125.00
0.179940	125.00
0.179960	126.00
0.179980	126.00
0.180000	125.00
0.180020	124.00
0.180040	124.00
0.180060	124.00
0.180080	124.00
0.180100	125.00
0.180120	125.00
0.180140	125.00
0.180160	125.00
0.180180	125.00
0.180200	125.00
0.180220	126.00
0.180240	126.00
0.180260	126.00
0.180280	125.00
0.180300	124.00
0.180320	124.00
0.180340	124.00
0.180360	125.00
0.180380	126.00
0.180400	127.00
0.180420	127.00
0.180440	127.00
0.180460	126.00
0.180480	125.00
0.180500	124.00
0.180520	125.00
0.180540	126.00
0.180560	126.00
0.180580	126.00
0.180600	125.00
0.180620	125.00
0.180640	125.00
0.180660	125.00
0.180680	124.00
0.180700	124.00
0.180720	124.00
0.180740	124.00
0.180760	126.00
0.180780	126.00
0.180800	126.00
0.180820	125.00
0.180840	126.00
0.180860	126.00
0.180880	126.00
0.180900	126.00
0.180920	125.00
0.180940	125.00
0.180960	125.00
0.180980	125.00
0.181000	125.00
0.181020	125.00
0.181040	124.00
0.181060	123.00
0.181080	123.00
0.181100	123.00
0.181120	124.00
0.181140	125.00
0.181160	126.00
0.181180	126.00
0.181200	126.00
0.181220	126.00
0.181240	125.00
0.181260	125.00
0.181280	125.00
0.181300	125.00
0.181320	125.00
0.181340	126.00
0.181360	126.00
0.181380	126.00
0.181400	126.00
0.181420	126.00
0.181440	126.00
0.181460	127.00
0.181480	127.00
0.181500	128.00
0.181520	128.00
0.181540	127.00
0.181560	127.00
0.181580	126.00
0.181600	125.00
0.181620	126.00
0.181640	126.00
0.181660	127.00
0.181680	126.00
0.181700	126.00
0.181720	125.00
0.181740	125.00
0.181760	125.00
0.181780	125.00
0.181800	125.00
0.181820	125.00
0.181840	125.00
0.181860	126.00
0.181880	126.00
0.181900	125.00
0.181920	125.00
0.181940	125.00
0.181960	126.00
0.181980	126.00
0.182000	125.00
0.182020	125.00
0.182040	124.00
0.182060	124.00
0.182080	124.00
0.182100	124.00
0.182120	124.00
0.182140	125.00
0.182160	125.00
0.182180	125.00
0.182200	125.00
0.182220	125.00
0.182240	125.00
0.182260	125.00
0.182280	126.00
0.182300	126.00
0.182320	126.00
0.182340	126.00
0.182360	126.00
0.182380	126.00
0.182400	125.00
0.182420	125.00
0.182440	126.00
0.182460	126.00
0.182480	126.00
0.182500	126.00
0.182520	127.00
0.182540	127.00
0.182560	127.00
0.182580	127.00
0.182600	126.00
0.182620	125.00
0.182640	126.00
0.182660	127.00
0.182680	127.00
0.182700	127.00
0.182720	126.00
0.182740	125.00
0.182760	125.00
0.182780	124.00
0.182800	123.00
0.182820	122.00
0.182840	122.00
0.182860	124.00
0.182880	126.00
0.182900	127.00
0.182920	126.00
0.182940	125.00
0.182960	124.00
0.182980	124.00
0.183000	124.00
0.183020	124.00
0.183040	125.00
0.183060	126.00
0.183080	127.00
0.183100	128.00
0.183120	128.00
0.183140	127.00
0.183160	127.00
0.183180	126.00
0.183200	126.00
0.183220	125.00
0.183240	125.00
0.183260	125.00
0.183280	125.00
0.183300	126.00
0.183320	126.00
0.183340	126.00
0.183360	126.00
0.183380	126.00
0.183400	126.00
0.183420	126.00
0.183440	126.00
0.183460	125.00
0.183480	124.00
0.183500	124.00
0.183520	124.00
0.183540	125.00
0.183560	126.00
0.183580	126.00
0.183600	126.00
0.183620	125.00
0.183640	125.00
0.183660	124.00
0.183680	123.00
0.183700	121.00
0.183720	121.00
0.183740	122.00
0.183760	124.00
0.183780	125.00
0.183800	125.00
0.183820	124.00
0.183840	124.00
0.183860	125.00
0.183880	124.00
0.183900	124.00
0.183920	123.00
0.183940	123.00
0.183960	124.00
0.183980	125.00
0.184000	126.00
0.184020	127.00
0.184040	127.00
0.184060	127.00
0.184080	126.00
0.184100	125.00
0.184120	124.00
0.184140	125.00
0.184160	125.00
0.184180	125.00
0.184200	125.00
0.184220	124.00
0.184240	124.00
0.184260	126.00
0.184280	127.00
0.184300	128.00
0.184320	127.00
0.184340	127.00
0.184360	127.00
0.184380	126.00
0.184400	126.00
0.184420	126.00
0.184440	127.00
0.184460	128.00
0.184480	129.00
0.184500	128.00
0.184520	127.00
0.184540	126.00
0.184560	126.00
0.184580	126.00
0.184600	126.00
0.184620	125.00
0.184640	124.00
0.184660	124.00
0.184680	125.00
0.184700	125.00
0.184720	125.00
0.184740	124.00
0.184760	124.00
0.184780	125.00
0.184800	125.00
0.184820	124.00
0.184840	124.00
0.184860	124.00
0.184880	124.00
0.184900	124.00
0.184920	124.00
0.184940	125.00
0.184960	125.00
0.184980	126.00
0.185000	125.00
0.185020	125.00
0.185040	124.00
0.185060	125.00
0.185080	126.00
0.185100	127.00
0.185120	127.00
0.185140	126.00
0.185160	126.00
0.185180	126.00
0.185200	127.00
0.185220	128.00
0.185240	128.00
0.185260	127.00
0.185280	127.00
0.185300	127.00
0.185320	127.00
0.185340	127.00
0.185360	126.00
0.185380	125.00
0.185400	124.00
0.185420	124.00
0.185440	124.00
0.185460	124.00
0.185480	125.00
0.185500	125.00
0.185520	125.00
0.185540	125.00
0.185560	125.00
0.185580	125.00
0.185600	125.00
0.185620	125.00
0.185640	125.00
0.185660	125.00
0.185680	125.00
0.185700	125.00
0.185720	125.00
0.185740	125.00
0.185760	125.00
0.185780	125.00
0.185800	125.00
0.185820	126.00
0.185840	126.00
0.185860	125.00
0.185880	124.00
0.185900	123.00
0.185920	124.00
0.185940	126.00
0.185960	128.00
0.185980	129.00
0.186000	128.00
0.186020	127.00
0.186040	126.00
0.186060	126.00
0.186080	125.00
0.186100	125.00
0.186120	126.00
0.186140	127.00
0.186160	127.00
0.186180	127.00
0.186200	126.00
0.186220	125.00
0.186240	125.00
0.186260	125.00
0.186280	126.00
0.186300	126.00
0.186320	126.00
0.186340	127.00
0.186360	127.00
0.186380	127.00
0.186400	127.00
0.186420	126.00
0.186440	125.00
0.186460	125.00
0.186480	125.00
0.186500	124.00
0.186520	124.00
0.186540	124.00
0.186560	125.00
0.186580	124.00
0.186600	124.00
0.186620	123.00
0.186640	124.00
0.186660	125.00
0.186680	125.00
0.186700	124.00
0.186720	123.00
0.186740	123.00
0.186760	124.00
0.186780	125.00
0.186800	125.00
0.186820	124.00
0.186840	123.00
0.186860	123.00
0.186880	125.00
0.186900	126.00
0.186920	126.00
0.186940	126.00
0.186960	126.00
0.186980	127.00
0.187000	127.00
0.187020	127.00
0.187040	126.00
0.187060	125.00
0.187080	124.00
0.187100	123.00
0.187120	123.00
0.187140	124.00
0.187160	126.00
0.187180	127.00
0.187200	127.00
0.187220	126.00
0.187240	125.00
0.187260	125.00
0.187280	125.00
0.187300	125.00
0.187320	125.00
0.187340	126.00
0.187360	126.00
0.187380	126.00
0.187400	126.00
0.187420	126.00
0.187440	126.00
0.187460	127.00
0.187480	127.00
0.187500	127.00
0.187520	125.00
0.187540	125.00
0.187560	124.00
0.187580	125.00
0.187600	125.00
0.187620	124.00
0.187640	124.00
0.187660	124.00
0.187680	125.00
0.187700	125.00
0.187720	125.00
0.187740	125.00
0.187760	125.00
0.187780	125.00
0.187800	125.00
0.187820	125.00
0.187840	125.00
0.187860	126.00
0.187880	126.00
0.187900	126.00
0.187920	125.00
0.187940	125.00
0.187960	124.00
0.187980	125.00
0.188000	126.00
0.188020	126.00
0.188040	125.00
0.188060	124.00
0.188080	124.00
0.188100	124.00
0.188120	125.00
0.188140	125.00
0.188160	125.00
0.188180	126.00
0.188200	126.00
0.188220	126.00
0.188240	125.00
0.188260	124.00
0.188280	123.00
0.188300	123.00
0.188320	124.00
0.188340	125.00
0.188360	126.00
0.188380	126.00
0.188400	126.00
0.188420	126.00
0.188440	126.00
0.188460	126.00
0.188480	126.00
0.188500	126.00
0.188520	126.00
0.188540	125.00
0.188560	124.00
0.188580	124.00
0.188600	124.00
0.188620	124.00
0.188640	123.00
0.188660	123.00
0.188680	123.00
0.188700	123.00
0.188720	124.00
0.188740	125.00
0.188760	126.00
0.188780	126.00
0.188800	126.00
0.188820	126.00
0.188840	127.00
0.188860	128.00
0.188880	128.00
0.188900	127.00
0.188920	126.00
0.188940	125.00
0.188960	124.00
0.188980	124.00
0.189000	124.00
0.189020	124.00
0.189040	125.00
0.189060	127.00
0.189080	128.00
0.189100	128.00
0.189120	129.00
0.189140	129.00
0.189160	129.00
0.189180	128.00
0.189200	127.00
0.189220	125.00
0.189240	125.00
0.189260	125.00
0.189280	125.00
0.189300	125.00
0.189320	125.00
0.189340	124.00
0.189360	124.00
0.189380	124.00
0.189400	125.00
0.189420	125.00
0.189440	126.00
0.189460	126.00
0.189480	125.00
0.189500	124.00
0.189520	123.00
0.189540	123.00
0.189560	124.00
0.189580	125.00
0.189600	126.00
0.189620	126.00
0.189640	126.00
0.189660	126.00
0.189680	125.00
0.189700	125.00
0.189720	124.00
0.189740	123.00
0.189760	123.00
0.189780	124.00
0.189800	124.00
0.189820	125.00
0.189840	126.00
0.189860	126.00
0.189880	126.00
0.189900	127.00
0.189920	127.00
0.189940	127.00
0.189960	126.00
0.189980	126.00
0.190000	126.00
0.190020	127.00
0.190040	128.00
0.190060	128.00
0.190080	128.00
0.190100	127.00
0.190120	126.00
0.190140	125.00
0.190160	125.00
0.190180	124.00
0.190200	124.00
0.190220	124.00
0.190240	125.00
0.190260	125.00
0.190280	125.00
0.190300	124.00
0.190320	124.00
0.190340	125.00
0.190360	126.00
0.190380	126.00
0.190400	126.00
0.190420	125.00
0.190440	124.00
0.190460	124.00
0.190480	125.00
0.190500	125.00
0.190520	125.00
0.190540	125.00
0.190560	125.00
0.190580	124.00
0.190600	124.00
0.190620	124.00
0.190640	123.00
0.190660	124.00
0.190680	124.00
0.190700	125.00
0.190720	125.00
0.190740	125.00
0.190760	125.00
0.190780	125.00
0.190800	126.00
0.190820	126.00
0.190840	126.00
0.190860	126.00
0.190880	125.00
0.190900	125.00
0.190920	125.00
0.190940	126.00
0.190960	126.00
0.190980	125.00
0.191000	125.00
0.191020	125.00
0.191040	125.00
0.191060	126.00
0.191080	125.00
0.191100	124.00
0.191120	123.00
0.191140	123.00
0.191160	124.00
0.191180	126.00
0.191200	127.00
0.191220	127.00
0.191240	127.00
0.191260	127.00
0.191280	126.00
0.191300	126.00
0.191320	126.00
0.191340	125.00
0.191360	125.00
0.191380	126.00
0.191400	126.00
0.191420	126.00
0.191440	126.00
0.191460	126.00
0.191480	126.00
0.191500	125.00
0.191520	125.00
0.191540	124.00
0.191560	124.00
0.191580	124.00
0.191600	124.00
0.191620	125.00
0.191640	125.00
0.191660	125.00
0.191680	124.00
0.191700	123.00
0.191720	123.00
0.191740	124.00
0.191760	124.00
0.191780	124.00
0.191800	124.00
0.191820	124.00
0.191840	125.00
0.191860	126.00
0.191880	127.00
0.191900	127.00
0.191920	126.00
0.191940	126.00
0.191960	126.00
0.191980	126.00
0.192000	125.00
0.192020	125.00
0.192040	125.00
0.192060	126.00
0.192080	126.00
0.192100	126.00
0.192120	126.00
0.192140	126.00
0.192160	127.00
0.192180	127.00
0.192200	126.00
0.192220	126.00
0.192240	126.00
0.192260	126.00
0.192280	126.00
0.192300	126.00
0.192320	125.00
0.192340	125.00
0.192360	125.00
0.192380	125.00
0.192400	124.00
0.192420	124.00
0.192440	124.00
0.192460	124.00
0.192480	124.00
0.192500	124.00
0.192520	123.00
0.192540	122.00
0.192560	122.00
0.192580	122.00
0.192600	123.00
0.192620	125.00
0.192640	125.00
0.192660	125.00
0.192680	124.00
0.192700	123.00
0.192720	124.00
0.192740	125.00
0.192760	126.00
0.192780	127.00
0.192800	127.00
0.192820	126.00
0.192840	126.00
0.192860	126.00
0.192880	126.00
0.192900	127.00
0.192920	127.00
0.192940	126.00
0.192960	125.00
0.192980	125.00
0.193000	125.00
0.193020	125.00
0.193040	125.00
0.193060	126.00
0.193080	126.00
0.193100	127.00
0.193120	127.00
0.193140	126.00
0.193160	126.00
0.193180	126.00
0.193200	126.00
0.193220	126.00
0.193240	126.00
0.193260	125.00
0.193280	125.00
0.193300	125.00
0.193320	126.00
0.193340	126.00
0.193360	126.00
0.193380	126.00
0.193400	126.00
0.193420	125.00
0.193440	125.00
0.193460	123.00
0.193480	122.00
0.193500	121.00
0.193520	122.00
0.193540	123.00
0.193560	124.00
0.193580	125.00
0.193600	126.00
0.193620	127.00
0.193640	127.00
0.193660	127.00
0.193680	126.00
0.193700	124.00
0.193720	123.00
0.193740	123.00
0.193760	125.00
0.193780	126.00
0.193800	127.00
0.193820	127.00
0.193840	127.00
0.193860	128.00
0.193880	127.00
0.193900	126.00
0.193920	125.00
0.193940	124.00
0.193960	125.00
0.193980	125.00
0.194000	125.00
0.194020	126.00
0.194040	126.00
0.194060	126.00
0.194080	127.00
0.194100	127.00
0.194120	127.00
0.194140	126.00
0.194160	126.00
0.194180	125.00
0.194200	124.00
0.194220	123.00
0.194240	123.00
0.194260	124.00
0.194280	125.00
0.194300	126.00
0.194320	125.00
0.194340	125.00
0.194360	125.00
0.194380	125.00
0.194400	125.00
0.194420	124.00
0.194440	124.00
0.194460	124.00
0.194480	125.00
0.194500	125.00
0.194520	126.00
0.194540	126.00
0.194560	127.00
0.194580	127.00
0.194600	127.00
0.194620	127.00
0.194640	127.00
0.194660	126.00
0.194680	125.00
0.194700	124.00
0.194720	124.00
0.194740	124.00
0.194760	124.00
0.194780	125.00
0.194800	126.00
0.194820	126.00
0.194840	126.00
0.194860	126.00
0.194880	126.00
0.194900	125.00
0.194920	125.00
0.194940	124.00
0.194960	125.00
0.194980	126.00
0.195000	126.00
0.195020	127.00
0.195040	127.00
0.195060	127.00
0.195080	126.00
0.195100	125.00
0.195120	124.00
0.195140	124.00
0.195160	125.00
0.195180	126.00
0.195200	127.00
0.195220	127.00
0.195240	127.00
0.195260	127.00
0.195280	127.00
0.195300	125.00
0.195320	123.00
0.195340	120.00
0.195360	119.00
0.195380	120.00
0.195400	124.00
0.195420	127.00
0.195440	131.00
0.195460	132.00
0.195480	130.00
0.195500	126.00
0.195520	122.00
0.195540	119.00
0.195560	119.00
0.195580	121.00
0.195600	125.00
0.195620	128.00
0.195640	130.00
0.195660	132.00
0.195680	131.00
0.195700	129.00
0.195720	125.00
0.195740	122.00
0.195760	120.00
0.195780	121.00
0.195800	124.00
0.195820	129.00
0.195840	131.00
0.195860	131.00
0.195880	128.00
0.195900	124.00
0.195920	121.00
0.195940	121.00
0.195960	123.00
0.195980	125.00
0.196000	128.00
0.196020	129.00
0.196040	129.00
0.196060	128.00
0.196080	126.00
0.196100	124.00
0.196120	122.00
0.196140	122.00
0.196160	124.00
0.196180	127.00
0.196200	128.00
0.196220	127.00
0.196240	123.00
0.196260	120.00
0.196280	118.00
0.196300	118.00
0.196320	120.00
0.196340	124.00
0.196360	128.00
0.196380	131.00
0.196400	133.00
0.196420	131.00
0.196440	126.00
0.196460	121.00
0.196480	118.00
0.196500	117.00
0.196520	119.00
0.196540	122.00
0.196560	125.00
0.196580	128.00
0.196600	129.00
0.196620	129.00
0.196640	128.00
0.196660	128.00
0.196680	126.00
0.196700	125.00
0.196720	125.00
0.196740	125.00
0.196760	126.00
0.196780	127.00
0.196800	127.00
0.196820	126.00
0.196840	124.00
0.196860	124.00
0.196880	124.00
0.196900	126.00
0.196920	128.00
0.196940	130.00
0.196960	132.00
0.196980	134.00
0.197000	135.00
0.197020	132.00
0.197040	125.00
0.197060	118.00
0.197080	112.00
0.197100	109.00
0.197120	112.00
0.197140	118.00
0.197160	127.00
0.197180	136.00
0.197200	142.00
0.197220	143.00
0.197240	138.00
0.197260	130.00
0.197280	122.00
0.197300	115.00
0.197320	111.00
0.197340	111.00
0.197360	115.00
0.197380	123.00
0.197400	131.00
0.197420	137.00
0.197440	140.00
0.197460	138.00
0.197480	131.00
0.197500	123.00
0.197520	114.00
0.197540	109.00
0.197560	107.00
0.197580	111.00
0.197600	118.00
0.197620	128.00
0.197640	137.00
0.197660	144.00
0.197680	146.00
0.197700	142.00
0.197720	134.00
0.197740	123.00
0.197760	112.00
0.197780	105.00
0.197800	103.00
0.197820	107.00
0.197840	116.00
0.197860	126.00
0.197880	135.00
0.197900	142.00
0.197920	144.00
0.197940	142.00
0.197960	137.00
0.197980	130.00
0.198000	123.00
0.198020	118.00
0.198040	115.00
0.198060	114.00
0.198080	114.00
0.198100	115.00
0.198120	118.00
0.198140	123.00
0.198160	129.00
0.198180	135.00
0.198200	139.00
0.198220	139.00
0.198240	136.00
0.198260	131.00
0.198280	125.00
0.198300	120.00
0.198320	115.00
0.198340	113.00
0.198360	113.00
0.198380	116.00
0.198400	120.00
0.198420	126.00
0.198440	131.00
0.198460	135.00
0.198480	138.00
0.198500	139.00
0.198520	138.00
0.198540	133.00
0.198560	126.00
0.198580	117.00
0.198600	110.00
0.198620	106.00
0.198640	108.00
0.198660	114.00
0.198680	124.00
0.198700	134.00
0.198720	143.00
0.198740	148.00
0.198760	146.00
0.198780	138.00
0.198800	128.00
0.198820	117.00
0.198840	110.00
0.198860	108.00
0.198880	112.00
0.198900	119.00
0.198920	128.00
0.198940	135.00
0.198960	138.00
0.198980	137.00
0.199000	132.00
0.199020	127.00
0.199040	122.00
0.199060	119.00
0.199080	118.00
0.199100	118.00
0.199120	119.00
0.199140	122.00
0.199160	126.00
0.199180	128.00
0.199200	128.00
0.199220	127.00
0.199240	124.00
0.199260	121.00
0.199280	119.00
0.199300	118.00
0.199320	119.00
0.199340	122.00
0.199360	126.00
0.199380	129.00
0.199400	132.00
0.199420	132.00
0.199440	131.00
0.199460	127.00
0.199480	123.00
0.199500	121.00
0.199520	121.00
0.199540	122.00
0.199560	125.00
0.199580	126.00
0.199600	127.00
0.199620	126.00
0.199640	125.00
0.199660	125.00
0.199680	125.00
0.199700	125.00
0.199720	126.00
0.199740	128.00
0.199760	128.00
0.199780	128.00
0.199800	126.00
0.199820	124.00
0.199840	123.00
0.199860	122.00
0.199880	123.00
0.199900	124.00
0.199920	124.00
0.199940	125.00
0.199960	125.00
0.199980	125.00
0.200000	125.00
0.200020	125.00
0.200040	125.00
0.200060	125.00
0.200080	125.00
0.200100	125.00
0.200120	124.00
0.200140	123.00
0.200160	123.00
0.200180	124.00
0.200200	125.00
0.200220	127.00
0.200240	127.00
0.200260	127.00
0.200280	127.00
0.200300	127.00
0.200320	126.00
0.200340	124.00
0.200360	122.00
0.200380	122.00
0.200400	123.00
0.200420	125.00
0.200440	127.00
0.200460	127.00
0.200480	126.00
0.200500	124.00
0.200520	124.00
0.200540	125.00
0.200560	127.00
0.200580	129.00
0.200600	129.00
0.200620	127.00
0.200640	123.00
0.200660	120.00
0.200680	117.00
0.200700	117.00
0.200720	119.00
0.200740	123.00
0.200760	129.00
0.200780	134.00
0.200800	138.00
0.200820	140.00
0.200840	138.00
0.200860	133.00
0.200880	125.00
0.200900	117.00
0.200920	111.00
0.200940	108.00
0.200960	109.00
0.200980	114.00
0.201000	121.00
0.201020	130.00
0.201040	137.00
0.201060	142.00
0.201080	143.00
0.201100	141.00
0.201120	135.00
0.201140	127.00
0.201160	118.00
0.201180	110.00
0.201200	103.00
0.201220	101.00
0.201240	104.00
0.201260	113.00
0.201280	124.00
0.201300	136.00
0.201320	144.00
0.201340	148.00
0.201360	148.00
0.201380	142.00
0.201400	133.00
0.201420	122.00
0.201440	111.00
0.201460	102.00
0.201480	99.00
0.201500	102.00
0.201520	110.00
0.201540	122.00
0.201560	136.00
0.201580	146.00
0.201600	152.00
0.201620	151.00
0.201640	144.00
0.201660	132.00
0.201680	120.00
0.201700	109.00
0.201720	103.00
0.201740	104.00
0.201760	110.00
0.201780	121.00
0.201800	132.00
0.201820	141.00
0.201840	146.00
0.201860	145.00
0.201880	140.00
0.201900	132.00
0.201920	122.00
0.201940	116.00
0.201960	113.00
0.201980	115.00
0.202000	119.00
0.202020	123.00
0.202040	127.00
0.202060	129.00
0.202080	130.00
0.202100	130.00
0.202120	128.00
0.202140	125.00
0.202160	122.00
0.202180	119.00
0.202200	116.00
0.202220	115.00
0.202240	116.00
0.202260	119.00
0.202280	124.00
0.202300	128.00
0.202320	131.00
0.202340	132.00
0.202360	131.00
0.202380	130.00
0.202400	129.00
0.202420	128.00
0.202440	128.00
0.202460	126.00
0.202480	125.00
0.202500	123.00
0.202520	121.00
0.202540	119.00
0.202560	118.00
0.202580	120.00
0.202600	123.00
0.202620	127.00
0.202640	132.00
0.202660	136.00
0.202680	138.00
0.202700	136.00
0.202720	131.00
0.202740	125.00
0.202760	119.00
0.202780	114.00
0.202800	113.00
0.202820	114.00
0.202840	119.00
0.202860	125.00
0.202880	131.00
0.202900	135.00
0.202920	137.00
0.202940	136.00
0.202960	133.00
0.202980	128.00
0.203000	123.00
0.203020	118.00
0.203040	114.00
0.203060	112.00
0.203080	113.00
0.203100	117.00
0.203120	121.00
0.203140	127.00
0.203160	133.00
0.203180	137.00
0.203200	138.00
0.203220	136.00
0.203240	132.00
0.203260	125.00
0.203280	120.00
0.203300	116.00
0.203320	115.00
0.203340	115.00
0.203360	118.00
0.203380	122.00
0.203400	126.00
0.203420	130.00
0.203440	133.00
0.203460	135.00
0.203480	135.00
0.203500	134.00
0.203520	131.00
0.203540	126.00
0.203560	121.00
0.203580	117.00
0.203600	116.00
0.203620	117.00
0.203640	120.00
0.203660	124.00
0.203680	128.00
0.203700	130.00
0.203720	131.00
0.203740	131.00
0.203760	129.00
0.203780	127.00
0.203800	126.00
0.203820	125.00
0.203840	125.00
0.203860	124.00
0.203880	124.00
0.203900	123.00
0.203920	122.00
0.203940	121.00
0.203960	121.00
0.203980	122.00
0.204000	124.00
0.204020	126.00
0.204040	129.00
0.204060	131.00
0.204080	132.00
0.204100	130.00
0.204120	126.00
0.204140	122.00
0.204160	117.00
0.204180	115.00
0.204200	115.00
0.204220	118.00
0.204240	123.00
0.204260	128.00
0.204280	132.00
0.204300	133.00
0.204320	132.00
0.204340	130.00
0.204360	127.00
0.204380	124.00
0.204400	122.00
0.204420	122.00
0.204440	122.00
0.204460	124.00
0.204480	126.00
0.204500	129.00
0.204520	131.00
0.204540	131.00
0.204560	129.00
0.204580	125.00
0.204600	121.00
0.204620	119.00
0.204640	118.00
0.204660	120.00
0.204680	123.00
0.204700	126.00
0.204720	129.00
0.204740	131.00
0.204760	132.00
0.204780	132.00
0.204800	131.00
0.204820	129.00
0.204840	127.00
0.204860	124.00
0.204880	122.00
0.204900	120.00
0.204920	118.00
0.204940	118.00
0.204960	119.00
0.204980	122.00
0.205000	126.00
0.205020	129.00
0.205040	130.00
0.205060	131.00
0.205080	131.00
0.205100	130.00
0.205120	128.00
0.205140	125.00
0.205160	122.00
0.205180	120.00
0.205200	119.00
0.205220	119.00
0.205240	120.00
0.205260	122.00
0.205280	124.00
0.205300	127.00
0.205320	130.00
0.205340	132.00
0.205360	134.00
0.205380	134.00
0.205400	133.00
0.205420	130.00
0.205440	125.00
0.205460	119.00
0.205480	115.00
0.205500	114.00
0.205520	116.00
0.205540	121.00
0.205560	127.00
0.205580	133.00
0.205600	136.00
0.205620	137.00
0.205640	134.00
0.205660	129.00
0.205680	123.00
0.205700	119.00
0.205720	117.00
0.205740	118.00
0.205760	121.00
0.205780	123.00
0.205800	125.00
0.205820	127.00
0.205840	128.00
0.205860	128.00
0.205880	127.00
0.205900	126.00
0.205920	125.00
0.205940	124.00
0.205960	123.00
0.205980	122.00
0.206000	121.00
0.206020	121.00
0.206040	122.00
0.206060	124.00
0.206080	127.00
0.206100	130.00
0.206120	131.00
0.206140	131.00
0.206160	128.00
0.206180	125.00
0.206200	122.00
0.206220	119.00
0.206240	117.00
0.206260	117.00
0.206280	119.00
0.206300	122.00
0.206320	127.00
0.206340	131.00
0.206360	133.00
0.206380	133.00
0.206400	131.00
0.206420	129.00
0.206440	127.00
0.206460	125.00
0.206480	124.00
0.206500	123.00
0.206520	121.00
0.206540	120.00
0.206560	120.00
0.206580	120.00
0.206600	122.00
0.206620	124.00
0.206640	126.00
0.206660	129.00
0.206680	133.00
0.206700	135.00
0.206720	135.00
0.206740	133.00
0.206760	128.00
0.206780	122.00
0.206800	117.00
0.206820	114.00
0.206840	113.00
0.206860	114.00
0.206880	118.00
0.206900	123.00
0.206920	128.00
0.206940	132.00
0.206960	134.00
0.206980	134.00
0.207000	132.00
0.207020	130.00
0.207040	127.00
0.207060	124.00
0.207080	120.00
0.207100	118.00
0.207120	116.00
0.207140	116.00
0.207160	118.00
0.207180	121.00
0.207200	125.00
0.207220	129.00
0.207240	132.00
0.207260	133.00
0.207280	133.00
0.207300	132.00
0.207320	129.00
0.207340	126.00
0.207360	122.00
0.207380	119.00
0.207400	118.00
0.207420	120.00
0.207440	124.00
0.207460	127.00
0.207480	130.00
0.207500	131.00
0.207520	131.00
0.207540	129.00
0.207560	127.00
0.207580	125.00
0.207600	124.00
0.207620	123.00
0.207640	122.00
0.207660	121.00
0.207680	121.00
0.207700	122.00
0.207720	123.00
0.207740	125.00
0.207760	126.00
0.207780	126.00
0.207800	126.00
0.207820	126.00
0.207840	126.00
0.207860	125.00
0.207880	125.00
0.207900	125.00
0.207920	126.00
0.207940	126.00
0.207960	127.00
0.207980	127.00
0.208000	126.00
0.208020	126.00
0.208040	125.00
0.208060	124.00
0.208080	123.00
0.208100	124.00
0.208120	125.00
0.208140	128.00
0.208160	130.00
0.208180	130.00
0.208200	129.00
0.208220	127.00
0.208240	125.00
0.208260	124.00
0.208280	122.00
0.208300	122.00
0.208320	123.00
0.208340	125.00
0.208360	127.00
0.208380	128.00
0.208400	128.00
0.208420	127.00
0.208440	127.00
0.208460	127.00
0.208480	126.00
0.208500	125.00
0.208520	125.00
0.208540	125.00
0.208560	126.00
0.208580	126.00
0.208600	127.00
0.208620	127.00
0.208640	126.00
0.208660	126.00
0.208680	124.00
0.208700	123.00
0.208720	122.00
0.208740	122.00
0.208760	122.00
0.208780	123.00
0.208800	123.00
0.208820	124.00
0.208840	125.00
0.208860	126.00
0.208880	126.00
0.208900	126.00
0.208920	126.00
0.208940	126.00
0.208960	127.00
0.208980	126.00
0.209000	126.00
0.209020	124.00
0.209040	123.00
0.209060	123.00
0.209080	124.00
0.209100	125.00
0.209120	125.00
0.209140	125.00
0.209160	124.00
0.209180	125.00
0.209200	126.00
0.209220	127.00
0.209240	127.00
0.209260	127.00
0.209280	127.00
0.209300	127.00
0.209320	126.00
0.209340	126.00
0.209360	125.00
0.209380	124.00
0.209400	124.00
0.209420	124.00
0.209440	125.00
0.209460	126.00
0.209480	127.00
0.209500	128.00
0.209520	127.00
0.209540	127.00
0.209560	126.00
0.209580	126.00
0.209600	126.00
0.209620	125.00
0.209640	125.00
0.209660	125.00
0.209680	124.00
0.209700	125.00
0.209720	125.00
0.209740	125.00
0.209760	124.00
0.209780	123.00
0.209800	122.00
0.209820	122.00
0.209840	123.00
0.209860	124.00
0.209880	124.00
0.209900	124.00
0.209920	124.00
0.209940	125.00
0.209960	125.00
0.209980	126.00
0.210000	125.00
0.210020	125.00
0.210040	125.00
0.210060	126.00
0.210080	126.00
0.210100	127.00
0.210120	127.00
0.210140	127.00
0.210160	126.00
0.210180	126.00
0.210200	126.00
0.210220	126.00
0.210240	125.00
0.210260	125.00
0.210280	124.00
0.210300	124.00
0.210320	123.00
0.210340	124.00
0.210360	125.00
0.210380	125.00
0.210400	125.00
0.210420	125.00
0.210440	126.00
0.210460	127.00
0.210480	128.00
0.210500	128.00
0.210520	128.00
0.210540	127.00
0.210560	126.00
0.210580	126.00
0.210600	126.00
0.210620	126.00
0.210640	125.00
0.210660	125.00
0.210680	125.00
0.210700	125.00
0.210720	125.00
0.210740	124.00
0.210760	124.00
0.210780	125.00
0.210800	125.00
0.210820	126.00
0.210840	125.00
0.210860	125.00
0.210880	125.00
0.210900	125.00
0.210920	125.00
0.210940	124.00
0.210960	124.00
0.210980	124.00
0.211000	125.00
0.211020	126.00
0.211040	127.00
0.211060	127.00
0.211080	126.00
0.211100	126.00
0.211120	126.00
0.211140	126.00
0.211160	126.00
0.211180	127.00
0.211200	128.00
0.211220	128.00
0.211240	128.00
0.211260	127.00
0.211280	126.00
0.211300	125.00
0.211320	125.00
0.211340	125.00
0.211360	125.00
0.211380	125.00
0.211400	125.00
0.211420	126.00
0.211440	126.00
0.211460	126.00
0.211480	125.00
0.211500	124.00
0.211520	123.00
0.211540	123.00
0.211560	125.00
0.211580	126.00
0.211600	127.00
0.211620	127.00
0.211640	127.00
0.211660	126.00
0.211680	126.00
0.211700	125.00
0.211720	124.00
0.211740	122.00
0.211760	121.00
0.211780	121.00
0.211800	122.00
0.211820	123.00
0.211840	124.00
0.211860	125.00
0.211880	125.00
0.211900	125.00
0.211920	125.00
0.211940	125.00
0.211960	124.00
0.211980	123.00
0.212000	123.00
0.212020	124.00
0.212040	125.00
0.212060	126.00
0.212080	125.00
0.212100	125.00
0.212120	125.00
0.212140	126.00
0.212160	127.00
0.212180	127.00
0.212200	127.00
0.212220	127.00
0.212240	126.00
0.212260	126.00
0.212280	126.00
0.212300	125.00
0.212320	124.00
0.212340	124.00
0.212360	123.00
0.212380	124.00
0.212400	125.00
0.212420	125.00
0.212440	125.00
0.212460	125.00
0.212480	124.00
0.212500	124.00
0.212520	125.00
0.212540	126.00
0.212560	126.00
0.212580	126.00
0.212600	125.00
0.212620	124.00
0.212640	125.00
0.212660	126.00
0.212680	126.00
0.212700	125.00
0.212720	125.00
0.212740	125.00
0.212760	125.00
0.212780	126.00
0.212800	126.00
0.212820	125.00
0.212840	124.00
0.212860	124.00
0.212880	124.00
0.212900	125.00
0.212920	125.00
0.212940	125.00
0.212960	125.00
0.212980	125.00
0.213000	125.00
0.213020	125.00
0.213040	124.00
0.213060	125.00
0.213080	125.00
0.213100	126.00
0.213120	126.00
0.213140	126.00
0.213160	124.00
0.213180	123.00
0.213200	122.00
0.213220	123.00
0.213240	124.00
0.213260	126.00
0.213280	127.00
0.213300	127.00
0.213320	127.00
0.213340	128.00
0.213360	127.00
0.213380	127.00
0.213400	126.00
0.213420	125.00
0.213440	124.00
0.213460	124.00
0.213480	123.00
0.213500	123.00
0.213520	124.00
0.213540	125.00
0.213560	126.00
0.213580	126.00
0.213600	126.00
0.213620	126.00
0.213640	126.00
0.213660	126.00
0.213680	125.00
0.213700	124.00
0.213720	123.00
0.213740	123.00
0.213760	124.00
0.213780	124.00
0.213800	124.00
0.213820	125.00
0.213840	126.00
0.213860	127.00
0.213880	127.00
0.213900	126.00
0.213920	125.00
0.213940	125.00
0.213960	125.00
0.213980	126.00
0.214000	125.00
0.214020	123.00
0.214040	123.00
0.214060	124.00
0.214080	125.00
0.214100	126.00
0.214120	126.00
0.214140	126.00
0.214160	125.00
0.214180	125.00
0.214200	125.00
0.214220	124.00
0.214240	123.00
0.214260	123.00
0.214280	124.00
0.214300	125.00
0.214320	126.00
0.214340	127.00
0.214360	127.00
0.214380	127.00
0.214400	127.00
0.214420	126.00
0.214440	126.00
0.214460	125.00
0.214480	124.00
0.214500	124.00
0.214520	124.00
0.214540	124.00
0.214560	125.00
0.214580	126.00
0.214600	127.00
0.214620	127.00
0.214640	126.00
0.214660	125.00
0.214680	125.00
0.214700	125.00
0.214720	124.00
0.214740	125.00
0.214760	125.00
0.214780	126.00
0.214800	126.00
0.214820	125.00
0.214840	125.00
0.214860	126.00
0.214880	127.00
0.214900	128.00
0.214920	127.00
0.214940	126.00
0.214960	124.00
0.214980	124.00
0.215000	124.00
0.215020	125.00
0.215040	125.00
0.215060	125.00
0.215080	125.00
0.215100	125.00
0.215120	125.00
0.215140	124.00
0.215160	125.00
0.215180	125.00
0.215200	126.00
0.215220	127.00
0.215240	127.00
0.215260	126.00
0.215280	126.00
0.215300	126.00
0.215320	126.00
0.215340	126.00
0.215360	125.00
0.215380	125.00
0.215400	125.00
0.215420	125.00
0.215440	126.00
0.215460	126.00
0.215480	127.00
0.215500	127.00
0.215520	127.00
0.215540	126.00
0.215560	126.00
0.215580	125.00
0.215600	125.00
0.215620	125.00
0.215640	125.00
0.215660	125.00
0.215680	125.00
0.215700	124.00
0.215720	124.00
0.215740	125.00
0.215760	125.00
0.215780	125.00
0.215800	125.00
0.215820	125.00
0.215840	125.00
0.215860	125.00
0.215880	125.00
0.215900	125.00
0.215920	124.00
0.215940	124.00
0.215960	124.00
0.215980	124.00
0.216000	123.00
0.216020	123.00
0.216040	123.00
0.216060	123.00
0.216080	124.00
0.216100	125.00
0.216120	124.00
0.216140	124.00
0.216160	123.00
0.216180	124.00
0.216200	125.00
0.216220	126.00
0.216240	126.00
0.216260	125.00
0.216280	125.00
0.216300	125.00
0.216320	125.00
0.216340	125.00
0.216360	125.00
0.216380	125.00
0.216400	125.00
0.216420	126.00
0.216440	127.00
0.216460	127.00
0.216480	127.00
0.216500	126.00
0.216520	126.00
0.216540	126.00
0.216560	126.00
0.216580	126.00
0.216600	126.00
0.216620	125.00
0.216640	124.00
0.216660	124.00
0.216680	123.00
0.216700	124.00
0.216720	124.00
0.216740	124.00
0.216760	125.00
0.216780	125.00
0.216800	125.00
0.216820	126.00
0.216840	126.00
0.216860	126.00
0.216880	125.00
0.216900	124.00
0.216920	123.00
0.216940	123.00
0.216960	123.00
0.216980	124.00
0.217000	124.00
0.217020	125.00
0.217040	125.00
0.217060	125.00
0.217080	126.00
0.217100	127.00
0.217120	127.00
0.217140	127.00
0.217160	126.00
0.217180	125.00
0.217200	125.00
0.217220	125.00
0.217240	125.00
0.217260	126.00
0.217280	126.00
0.217300	125.00
0.217320	126.00
0.217340	126.00
0.217360	126.00
0.217380	126.00
0.217400	125.00
0.217420	125.00
0.217440	124.00
0.217460	124.00
0.217480	124.00
0.217500	124.00
0.217520	124.00
0.217540	124.00
0.217560	125.00
0.217580	125.00
0.217600	126.00
0.217620	126.00
0.217640	126.00
0.217660	125.00
0.217680	126.00
0.217700	126.00
0.217720	126.00
0.217740	125.00
0.217760	124.00
0.217780	124.00
0.217800	125.00
0.217820	126.00
0.217840	126.00
0.217860	125.00
0.217880	124.00
0.217900	124.00
0.217920	124.00
0.217940	124.00
0.217960	124.00
0.217980	124.00
0.218000	124.00
0.218020	124.00
0.218040	125.00
0.218060	125.00
0.218080	126.00
0.218100	126.00
0.218120	127.00
0.218140	127.00
0.218160	126.00
0.218180	125.00
0.218200	125.00
0.218220	126.00
0.218240	127.00
0.218260	126.00
0.218280	125.00
0.218300	124.00
0.218320	124.00
0.218340	124.00
0.218360	124.00
0.218380	124.00
0.218400	123.00
0.218420	124.00
0.218440	125.00
0.218460	126.00
0.218480	126.00
0.218500	125.00
0.218520	125.00
0.218540	125.00
0.218560	126.00
0.218580	126.00
0.218600	125.00
0.218620	124.00
0.218640	123.00
0.218660	123.00
0.218680	124.00
0.218700	125.00
0.218720	126.00
0.218740	127.00
0.218760	128.00
0.218780	127.00
0.218800	126.00
0.218820	125.00
0.218840	124.00
0.218860	125.00
0.218880	126.00
0.218900	126.00
0.218920	125.00
0.218940	125.00
0.218960	125.00
0.218980	125.00
0.219000	126.00
0.219020	126.00
0.219040	126.00
0.219060	126.00
0.219080	126.00
0.219100	126.00
0.219120	126.00
0.219140	126.00
0.219160	125.00
0.219180	125.00
0.219200	125.00
0.219220	124.00
0.219240	124.00
0.219260	124.00
0.219280	124.00
0.219300	125.00
0.219320	125.00
0.219340	125.00
0.219360	124.00
0.219380	123.00
0.219400	123.00
0.219420	124.00
0.219440	125.00
0.219460	125.00
0.219480	126.00
0.219500	126.00
0.219520	126.00
0.219540	126.00
0.219560	126.00
0.219580	125.00
0.219600	125.00
0.219620	124.00
0.219640	123.00
0.219660	123.00
0.219680	124.00
0.219700	124.00
0.219720	125.00
0.219740	125.00
0.219760	126.00
0.219780	126.00
0.219800	126.00
0.219820	126.00
0.219840	125.00
0.219860	125.00
0.219880	125.00
0.219900	126.00
0.219920	127.00
0.219940	127.00
0.219960	127.00
0.219980	127.00
0.220000	126.00
0.220020	125.00
0.220040	124.00
0.220060	124.00
0.220080	125.00
0.220100	125.00
0.220120	125.00
0.220140	125.00
0.220160	125.00
0.220180	125.00
0.220200	125.00
0.220220	125.00
0.220240	126.00
0.220260	126.00
0.220280	125.00
0.220300	124.00
0.220320	124.00
0.220340	124.00
0.220360	124.00
0.220380	125.00
0.220400	125.00
0.220420	125.00
0.220440	125.00
0.220460	125.00
0.220480	125.00
0.220500	125.00
0.220520	125.00
0.220540	125.00
0.220560	124.00
0.220580	124.00
0.220600	124.00
0.220620	124.00
0.220640	124.00
0.220660	125.00
0.220680	126.00
0.220700	127.00
0.220720	128.00
0.220740	127.00
0.220760	126.00
0.220780	126.00
0.220800	125.00
0.220820	125.00
0.220840	125.00
0.220860	125.00
0.220880	125.00
0.220900	124.00
0.220920	124.00
0.220940	123.00
0.220960	123.00
0.220980	124.00
0.221000	125.00
0.221020	127.00
0.221040	127.00
0.221060	127.00
0.221080	126.00
0.221100	125.00
0.221120	125.00
0.221140	126.00
0.221160	126.00
0.221180	127.00
0.221200	127.00
0.221220	127.00
0.221240	128.00
0.221260	128.00
0.221280	127.00
0.221300	126.00
0.221320	124.00
0.221340	122.00
0.221360	122.00
0.221380	123.00
0.221400	124.00
0.221420	124.00
0.221440	124.00
0.221460	124.00
0.221480	124.00
0.221500	124.00
0.221520	125.00
0.221540	125.00
0.221560	125.00
0.221580	125.00
0.221600	125.00
0.221620	126.00
0.221640	126.00
0.221660	126.00
0.221680	126.00
0.221700	126.00
0.221720	127.00
0.221740	128.00
0.221760	128.00
0.221780	127.00
0.221800	127.00
0.221820	126.00
0.221840	126.00
0.221860	125.00
0.221880	125.00
0.221900	125.00
0.221920	126.00
0.221940	126.00
0.221960	126.00
0.221980	125.00
0.222000	125.00
0.222020	125.00
0.222040	125.00
0.222060	125.00
0.222080	125.00
0.222100	126.00
0.222120	127.00
0.222140	127.00
0.222160	127.00
0.222180	127.00
0.222200	126.00
0.222220	126.00
0.222240	125.00
0.222260	124.00
0.222280	123.00
0.222300	123.00
0.222320	123.00
0.222340	124.00
0.222360	124.00
0.222380	124.00
0.222400	125.00
0.222420	125.00
0.222440	125.00
0.222460	125.00
0.222480	125.00
0.222500	125.00
0.222520	125.00
0.222540	126.00
0.222560	125.00
0.222580	124.00
0.222600	123.00
0.222620	123.00
0.222640	123.00
0.222660	124.00
0.222680	125.00
0.222700	125.00
0.222720	126.00
0.222740	126.00
0.222760	126.00
0.222780	126.00
0.222800	125.00
0.222820	125.00
0.222840	126.00
0.222860	126.00
0.222880	126.00
0.222900	126.00
0.222920	125.00
0.222940	125.00
0.222960	125.00
0.222980	126.00
0.223000	126.00
0.223020	125.00
0.223040	125.00
0.223060	125.00
0.223080	125.00
0.223100	125.00
0.223120	125.00
0.223140	125.00
0.223160	125.00
0.223180	125.00
0.223200	124.00
0.223220	124.00
0.223240	124.00
0.223260	124.00
0.223280	125.00
0.223300	125.00
0.223320	125.00
0.223340	125.00
0.223360	125.00
0.223380	125.00
0.223400	124.00
0.223420	124.00
0.223440	124.00
0.223460	124.00
0.223480	124.00
0.223500	124.00
0.223520	124.00
0.223540	125.00
0.223560	126.00
0.223580	126.00
0.223600	126.00
0.223620	125.00
0.223640	124.00
0.223660	124.00
0.223680	124.00
0.223700	125.00
0.223720	126.00
0.223740	126.00
0.223760	126.00
0.223780	126.00
0.223800	125.00
0.223820	125.00
0.223840	125.00
0.223860	125.00
0.223880	125.00
0.223900	125.00
0.223920	125.00
0.223940	125.00
0.223960	126.00
0.223980	126.00
0.224000	126.00
0.224020	126.00
0.224040	125.00
0.224060	125.00
0.224080	125.00
0.224100	125.00
0.224120	125.00
0.224140	126.00
0.224160	126.00
0.224180	126.00
0.224200	127.00
0.224220	127.00
0.224240	126.00
0.224260	126.00
0.224280	125.00
0.224300	125.00
0.224320	125.00
0.224340	124.00
0.224360	124.00
0.224380	124.00
0.224400	125.00
0.224420	125.00
0.224440	125.00
0.224460	125.00
0.224480	124.00
0.224500	123.00
0.224520	123.00
0.224540	124.00
0.224560	125.00
0.224580	126.00
0.224600	125.00
0.224620	124.00
0.224640	123.00
0.224660	123.00
0.224680	124.00
0.224700	125.00
0.224720	125.00
0.224740	125.00
0.224760	125.00
0.224780	125.00
0.224800	126.00
0.224820	127.00
0.224840	127.00
0.224860	127.00
0.224880	126.00
0.224900	126.00
0.224920	126.00
0.224940	126.00
0.224960	126.00
0.224980	126.00
0.225000	126.00
0.225020	126.00
0.225040	125.00
0.225060	124.00
0.225080	124.00
0.225100	123.00
0.225120	123.00
0.225140	123.00
0.225160	123.00
0.225180	123.00
0.225200	123.00
0.225220	124.00
0.225240	125.00
0.225260	125.00
0.225280	125.00
0.225300	124.00
0.225320	124.00
0.225340	125.00
0.225360	125.00
0.225380	126.00
0.225400	125.00
0.225420	124.00
0.225440	124.00
0.225460	123.00
0.225480	123.00
0.225500	124.00
0.225520	125.00
0.225540	126.00
0.225560	126.00
0.225580	126.00
0.225600	126.00
0.225620	125.00
0.225640	125.00
0.225660	125.00
0.225680	125.00
0.225700	125.00
0.225720	125.00
0.225740	126.00
0.225760	127.00
0.225780	127.00
0.225800	127.00
0.225820	127.00
0.225840	127.00
0.225860	127.00
0.225880	126.00
0.225900	126.00
0.225920	125.00
0.225940	125.00
0.225960	125.00
0.225980	126.00
0.226000	126.00
0.226020	125.00
0.226040	125.00
0.226060	125.00
0.226080	126.00
0.226100	126.00
0.226120	127.00
0.226140	126.00
0.226160	125.00
0.226180	125.00
0.226200	125.00
0.226220	125.00
0.226240	125.00
0.226260	124.00
0.226280	123.00
0.226300	123.00
0.226320	124.00
0.226340	125.00
0.226360	125.00
0.226380	125.00
0.226400	125.00
0.226420	126.00
0.226440	127.00
0.226460	127.00
0.226480	126.00
0.226500	125.00
0.226520	124.00
0.226540	125.00
0.226560	126.00
0.226580	126.00
0.226600	125.00
0.226620	124.00
0.226640	123.00
0.226660	123.00
0.226680	122.00
0.226700	122.00
0.226720	123.00
0.226740	125.00
0.226760	126.00
0.226780	127.00
0.226800	126.00
0.226820	125.00
0.226840	125.00
0.226860	126.00
0.226880	127.00
0.226900	126.00
0.226920	125.00
0.226940	124.00
0.226960	124.00
0.226980	125.00
0.227000	125.00
0.227020	124.00
0.227040	124.00
0.227060	124.00
0.227080	124.00
0.227100	123.00
0.227120	122.00
0.227140	122.00
0.227160	123.00
0.227180	124.00
0.227200	126.00
0.227220	126.00
0.227240	126.00
0.227260	125.00
0.227280	125.00
0.227300	125.00
0.227320	125.00
0.227340	125.00
0.227360	125.00
0.227380	125.00
0.227400	125.00
0.227420	125.00
0.227440	126.00
0.227460	126.00
0.227480	126.00
0.227500	125.00
0.227520	124.00
0.227540	125.00
0.227560	126.00
0.227580	127.00
0.227600	127.00
0.227620	125.00
0.227640	124.00
0.227660	125.00
0.227680	126.00
0.227700	127.00
0.227720	127.00
0.227740	126.00
0.227760	126.00
0.227780	126.00
0.227800	126.00
0.227820	125.00
0.227840	124.00
0.227860	123.00
0.227880	124.00
0.227900	125.00
0.227920	127.00
0.227940	127.00
0.227960	127.00
0.227980	127.00
0.228000	127.00
0.228020	126.00
0.228040	125.00
0.228060	124.00
0.228080	123.00
0.228100	124.00
0.228120	125.00
0.228140	125.00
0.228160	126.00
0.228180	126.00
0.228200	126.00
0.228220	125.00
0.228240	125.00
0.228260	125.00
0.228280	125.00
0.228300	126.00
0.228320	125.00
0.228340	125.00
0.228360	124.00
0.228380	125.00
0.228400	125.00
0.228420	126.00
0.228440	126.00
0.228460	126.00
0.228480	125.00
0.228500	125.00
0.228520	126.00
0.228540	126.00
0.228560	125.00
0.228580	125.00
0.228600	125.00
0.228620	125.00
0.228640	125.00
0.228660	125.00
0.228680	124.00
0.228700	124.00
0.228720	124.00
0.228740	125.00
0.228760	126.00
0.228780	126.00
0.228800	126.00
0.228820	125.00
0.228840	125.00
0.228860	125.00
0.228880	125.00
0.228900	125.00
0.228920	125.00
0.228940	125.00
0.228960	125.00
0.228980	126.00
