0.173000	101.00
0.173020	49.00
0.173040	102.00
0.173060	142.00
0.173080	145.00
0.173100	125.00
0.173120	113.00
0.173140	119.00
0.173160	132.00
0.173180	134.00
0.173200	125.00
0.173220	119.00
0.173240	123.00
0.173260	131.00
0.173280	132.00
0.173300	126.00
0.173320	120.00
0.173340	122.00
0.173360	128.00
0.173380	129.00
0.173400	125.00
0.173420	120.00
0.173440	122.00
0.173460	126.00
0.173480	128.00
0.173500	125.00
0.173520	122.00
0.173540	123.00
0.173560	127.00
0.173580	128.00
0.173600	125.00
0.173620	122.00
0.173640	123.00
0.173660	126.00
0.173680	126.00
0.173700	124.00
0.173720	122.00
0.173740	124.00
0.173760	126.00
0.173780	126.00
0.173800	124.00
0.173820	122.00
0.173840	124.00
0.173860	127.00
0.173880	127.00
0.173900	125.00
0.173920	124.00
0.173940	125.00
0.173960	127.00
0.173980	128.00
0.174000	126.00
0.174020	123.00
0.174040	124.00
0.174060	125.00
0.174080	126.00
0.174100	125.00
0.174120	124.00
0.174140	125.00
0.174160	127.00
0.174180	128.00
0.174200	126.00
0.174220	124.00
0.174240	124.00
0.174260	127.00
0.174280	128.00
0.174300	126.00
0.174320	123.00
0.174340	123.00
0.174360	124.00
0.174380	126.00
0.174400	126.00
0.174420	125.00
0.174440	124.00
0.174460	125.00
0.174480	126.00
0.174500	125.00
0.174520	124.00
0.174540	124.00
0.174560	125.00
0.174580	126.00
0.174600	124.00
0.174620	123.00
0.174640	123.00
0.174660	124.00
0.174680	125.00
0.174700	126.00
0.174720	126.00
0.174740	126.00
0.174760	126.00
0.174780	126.00
0.174800	125.00
0.174820	124.00
0.174840	125.00
0.174860	126.00
0.174880	126.00
0.174900	125.00
0.174920	125.00
0.174940	125.00
0.174960	127.00
0.174980	127.00
0.175000	126.00
0.175020	125.00
0.175040	125.00
0.175060	126.00
0.175080	127.00
0.175100	126.00
0.175120	126.00
0.175140	128.00
0.175160	130.00
0.175180	129.00
0.175200	127.00
0.175220	124.00
0.175240	123.00
0.175260	125.00
0.175280	126.00
0.175300	126.00
0.175320	125.00
0.175340	124.00
0.175360	125.00
0.175380	125.00
0.175400	125.00
0.175420	124.00
0.175440	125.00
0.175460	126.00
0.175480	126.00
0.175500	125.00
0.175520	125.00
0.175540	125.00
0.175560	126.00
0.175580	126.00
0.175600	126.00
0.175620	126.00
0.175640	126.00
0.175660	127.00
0.175680	126.00
0.175700	124.00
0.175720	124.00
0.175740	125.00
0.175760	127.00
0.175780	128.00
0.175800	127.00
0.175820	125.00
0.175840	124.00
0.175860	124.00
0.175880	125.00
0.175900	125.00
0.175920	126.00
0.175940	126.00
0.175960	127.00
0.175980	127.00
0.176000	127.00
0.176020	126.00
0.176040	126.00
0.176060	126.00
0.176080	126.00
0.176100	125.00
0.176120	124.00
0.176140	125.00
0.176160	127.00
0.176180	128.00
0.176200	128.00
0.176220	126.00
0.176240	125.00
0.176260	125.00
0.176280	126.00
0.176300	126.00
0.176320	126.00
0.176340	126.00
0.176360	125.00
0.176380	125.00
0.176400	124.00
0.176420	124.00
0.176440	124.00
0.176460	125.00
0.176480	125.00
0.176500	124.00
0.176520	125.00
0.176540	125.00
0.176560	126.00
0.176580	126.00
0.176600	125.00
0.176620	124.00
0.176640	125.00
0.176660	126.00
0.176680	128.00
0.176700	128.00
0.176720	128.00
0.176740	129.00
0.176760	129.00
0.176780	128.00
0.176800	126.00
0.176820	124.00
0.176840	124.00
0.176860	125.00
0.176880	126.00
0.176900	126.00
0.176920	125.00
0.176940	125.00
0.176960	125.00
0.176980	126.00
0.177000	127.00
0.177020	126.00
0.177040	126.00
0.177060	126.00
0.177080	126.00
0.177100	126.00
0.177120	125.00
0.177140	125.00
0.177160	125.00
0.177180	126.00
0.177200	126.00
0.177220	126.00
0.177240	125.00
0.177260	125.00
0.177280	124.00
0.177300	124.00
0.177320	123.00
0.177340	123.00
0.177360	124.00
0.177380	125.00
0.177400	125.00
0.177420	125.00
0.177440	125.00
0.177460	125.00
0.177480	124.00
0.177500	124.00
0.177520	123.00
0.177540	123.00
0.177560	124.00
0.177580	125.00
0.177600	126.00
0.177620	126.00
0.177640	126.00
0.177660	126.00
0.177680	126.00
0.177700	126.00
0.177720	126.00
0.177740	126.00
0.177760	127.00
0.177780	126.00
0.177800	125.00
0.177820	124.00
0.177840	124.00
0.177860	125.00
0.177880	126.00
0.177900	127.00
0.177920	127.00
0.177940	127.00
0.177960	127.00
0.177980	126.00
0.178000	125.00
0.178020	125.00
0.178040	125.00
0.178060	125.00
0.178080	124.00
0.178100	124.00
0.178120	124.00
0.178140	125.00
0.178160	125.00
0.178180	125.00
0.178200	125.00
0.178220	125.00
0.178240	125.00
0.178260	126.00
0.178280	126.00
0.178300	126.00
0.178320	125.00
0.178340	125.00
0.178360	125.00
0.178380	125.00
0.178400	125.00
0.178420	125.00
0.178440	125.00
0.178460	125.00
0.178480	125.00
0.178500	124.00
0.178520	123.00
0.178540	123.00
0.178560	124.00
0.178580	125.00
0.178600	126.00
0.178620	127.00
0.178640	127.00
0.178660	127.00
0.178680	126.00
0.178700	125.00
0.178720	125.00
0.178740	125.00
0.178760	126.00
0.178780	126.00
0.178800	126.00
0.178820	126.00
0.178840	127.00
0.178860	127.00
0.178880	128.00
0.178900	127.00
0.178920	126.00
0.178940	126.00
0.178960	125.00
0.178980	126.00
0.179000	126.00
0.179020	127.00
0.179040	127.00
0.179060	127.00
0.179080	126.00
0.179100	126.00
0.179120	125.00
0.179140	125.00
0.179160	124.00
0.179180	124.00
0.179200	125.00
0.179220	125.00
0.179240	125.00
0.179260	124.00
0.179280	124.00
0.179300	124.00
0.179320	124.00
0.179340	125.00
0.179360	125.00
0.179380	124.00
0.179400	123.00
0.179420	123.00
0.179440	124.00
0.179460	125.00
0.179480	126.00
0.179500	127.00
0.179520	127.00
0.179540	127.00
0.179560	126.00
0.179580	125.00
0.179600	124.00
0.179620	124.00
0.179640	125.00
0.179660	125.00
0.179680	124.00
0.179700	124.00
0.179720	124.00
0.179740	125.00
0.179760	125.00
0.179780	126.00
0.179800	126.00
0.179820	126.00
0.179840	126.00
0.179860	126.00
0.179880	125.00
0.179900	125.00
0.179920	125.00
0.179940	125.00
0.179960	126.00
0.179980	127.00
0.180000	127.00
0.180020	127.00
0.180040	127.00
0.180060	127.00
0.180080	127.00
0.180100	127.00
0.180120	126.00
0.180140	126.00
0.180160	125.00
0.180180	124.00
0.180200	123.00
0.180220	124.00
0.180240	125.00
0.180260	126.00
0.180280	125.00
0.180300	124.00
0.180320	124.00
0.180340	124.00
0.180360	126.00
0.180380	126.00
0.180400	125.00
0.180420	125.00
0.180440	124.00
0.180460	125.00
0.180480	125.00
0.180500	125.00
0.180520	124.00
0.180540	125.00
0.180560	126.00
0.180580	127.00
0.180600	128.00
0.180620	127.00
0.180640	126.00
0.180660	126.00
0.180680	126.00
0.180700	126.00
0.180720	126.00
0.180740	125.00
0.180760	125.00
0.180780	125.00
0.180800	125.00
0.180820	126.00
0.180840	126.00
0.180860	126.00
0.180880	126.00
0.180900	125.00
0.180920	125.00
0.180940	125.00
0.180960	125.00
0.180980	125.00
0.181000	125.00
0.181020	125.00
0.181040	127.00
0.181060	128.00
0.181080	128.00
0.181100	127.00
0.181120	126.00
0.181140	125.00
0.181160	125.00
0.181180	125.00
0.181200	124.00
0.181220	124.00
0.181240	124.00
0.181260	125.00
0.181280	125.00
0.181300	124.00
0.181320	123.00
0.181340	123.00
0.181360	123.00
0.181380	124.00
0.181400	126.00
0.181420	126.00
0.181440	126.00
0.181460	125.00
0.181480	125.00
0.181500	125.00
0.181520	127.00
0.181540	128.00
0.181560	128.00
0.181580	128.00
0.181600	127.00
0.181620	126.00
0.181640	126.00
0.181660	126.00
0.181680	126.00
0.181700	127.00
0.181720	127.00
0.181740	127.00
0.181760	126.00
0.181780	126.00
0.181800	126.00
0.181820	127.00
0.181840	128.00
0.181860	129.00
0.181880	127.00
0.181900	126.00
0.181920	125.00
0.181940	125.00
0.181960	127.00
0.181980	127.00
0.182000	127.00
0.182020	126.00
0.182040	126.00
0.182060	126.00
0.182080	126.00
0.182100	125.00
0.182120	124.00
0.182140	123.00
0.182160	123.00
0.182180	123.00
0.182200	124.00
0.182220	125.00
0.182240	126.00
0.182260	126.00
0.182280	125.00
0.182300	124.00
0.182320	123.00
0.182340	124.00
0.182360	125.00
0.182380	125.00
0.182400	125.00
0.182420	124.00
0.182440	124.00
0.182460	124.00
0.182480	125.00
0.182500	125.00
0.182520	125.00
0.182540	125.00
0.182560	126.00
0.182580	127.00
0.182600	127.00
0.182620	126.00
0.182640	125.00
0.182660	124.00
0.182680	125.00
0.182700	126.00
0.182720	126.00
0.182740	126.00
0.182760	126.00
0.182780	126.00
0.182800	126.00
0.182820	127.00
0.182840	127.00
0.182860	127.00
0.182880	127.00
0.182900	126.00
0.182920	126.00
0.182940	125.00
0.182960	125.00
0.182980	124.00
0.183000	124.00
0.183020	125.00
0.183040	125.00
0.183060	125.00
0.183080	124.00
0.183100	123.00
0.183120	122.00
0.183140	123.00
0.183160	123.00
0.183180	124.00
0.183200	123.00
0.183220	123.00
0.183240	123.00
0.183260	124.00
0.183280	125.00
0.183300	126.00
0.183320	126.00
0.183340	126.00
0.183360	126.00
0.183380	126.00
0.183400	125.00
0.183420	124.00
0.183440	124.00
0.183460	125.00
0.183480	125.00
0.183500	125.00
0.183520	124.00
0.183540	124.00
0.183560	125.00
0.183580	126.00
0.183600	126.00
0.183620	126.00
0.183640	125.00
0.183660	125.00
0.183680	126.00
0.183700	127.00
0.183720	127.00
0.183740	126.00
0.183760	125.00
0.183780	125.00
0.183800	124.00
0.183820	124.00
0.183840	125.00
0.183860	125.00
0.183880	125.00
0.183900	125.00
0.183920	126.00
0.183940	126.00
0.183960	126.00
0.183980	126.00
0.184000	126.00
0.184020	126.00
0.184040	126.00
0.184060	125.00
0.184080	124.00
0.184100	124.00
0.184120	123.00
0.184140	124.00
0.184160	125.00
0.184180	125.00
0.184200	125.00
0.184220	125.00
0.184240	125.00
0.184260	125.00
0.184280	125.00
0.184300	125.00
0.184320	125.00
0.184340	126.00
0.184360	126.00
0.184380	126.00
0.184400	126.00
0.184420	125.00
0.184440	125.00
0.184460	125.00
0.184480	125.00
0.184500	126.00
0.184520	126.00
0.184540	126.00
0.184560	126.00
0.184580	126.00
0.184600	125.00
0.184620	125.00
0.184640	125.00
0.184660	126.00
0.184680	126.00
0.184700	126.00
0.184720	127.00
0.184740	127.00
0.184760	126.00
0.184780	126.00
0.184800	125.00
0.184820	125.00
0.184840	125.00
0.184860	125.00
0.184880	126.00
0.184900	126.00
0.184920	126.00
0.184940	125.00
0.184960	124.00
0.184980	124.00
0.185000	124.00
0.185020	124.00
0.185040	125.00
0.185060	126.00
0.185080	126.00
0.185100	126.00
0.185120	126.00
0.185140	126.00
0.185160	126.00
0.185180	125.00
0.185200	124.00
0.185220	124.00
0.185240	124.00
0.185260	124.00
0.185280	124.00
0.185300	124.00
0.185320	125.00
0.185340	125.00
0.185360	125.00
0.185380	125.00
0.185400	125.00
0.185420	125.00
0.185440	126.00
0.185460	127.00
0.185480	127.00
0.185500	127.00
0.185520	126.00
0.185540	126.00
0.185560	126.00
0.185580	127.00
0.185600	126.00
0.185620	126.00
0.185640	126.00
0.185660	126.00
0.185680	126.00
0.185700	126.00
0.185720	126.00
0.185740	126.00
0.185760	125.00
0.185780	124.00
0.185800	124.00
0.185820	125.00
0.185840	125.00
0.185860	126.00
0.185880	126.00
0.185900	126.00
0.185920	126.00
0.185940	126.00
0.185960	126.00
0.185980	126.00
0.186000	126.00
0.186020	125.00
0.186040	125.00
0.186060	124.00
0.186080	124.00
0.186100	124.00
0.186120	125.00
0.186140	125.00
0.186160	125.00
0.186180	125.00
0.186200	124.00
0.186220	124.00
0.186240	124.00
0.186260	125.00
0.186280	124.00
0.186300	124.00
0.186320	125.00
0.186340	126.00
0.186360	127.00
0.186380	126.00
0.186400	126.00
0.186420	125.00
0.186440	125.00
0.186460	125.00
0.186480	124.00
0.186500	124.00
0.186520	123.00
0.186540	125.00
0.186560	127.00
0.186580	128.00
0.186600	127.00
0.186620	126.00
0.186640	125.00
0.186660	125.00
0.186680	126.00
0.186700	127.00
0.186720	127.00
0.186740	127.00
0.186760	127.00
0.186780	126.00
0.186800	126.00
0.186820	126.00
0.186840	126.00
0.186860	126.00
0.186880	127.00
0.186900	126.00
0.186920	125.00
0.186940	124.00
0.186960	124.00
0.186980	123.00
0.187000	123.00
0.187020	123.00
0.187040	122.00
0.187060	122.00
0.187080	122.00
0.187100	122.00
0.187120	122.00
0.187140	123.00
0.187160	125.00
0.187180	126.00
0.187200	127.00
0.187220	126.00
0.187240	126.00
0.187260	125.00
0.187280	125.00
0.187300	125.00
0.187320	125.00
0.187340	125.00
0.187360	125.00
0.187380	126.00
0.187400	126.00
0.187420	127.00
0.187440	127.00
0.187460	127.00
0.187480	126.00
0.187500	126.00
0.187520	127.00
0.187540	128.00
0.187560	129.00
0.187580	128.00
0.187600	126.00
0.187620	125.00
0.187640	125.00
0.187660	126.00
0.187680	126.00
0.187700	126.00
0.187720	125.00
0.187740	125.00
0.187760	126.00
0.187780	126.00
0.187800	125.00
0.187820	124.00
0.187840	124.00
0.187860	125.00
0.187880	125.00
0.187900	126.00
0.187920	126.00
0.187940	125.00
0.187960	125.00
0.187980	125.00
0.188000	125.00
0.188020	125.00
0.188040	125.00
0.188060	125.00
0.188080	125.00
0.188100	124.00
0.188120	124.00
0.188140	125.00
0.188160	125.00
0.188180	126.00
0.188200	127.00
0.188220	127.00
0.188240	126.00
0.188260	126.00
0.188280	126.00
0.188300	125.00
0.188320	125.00
0.188340	125.00
0.188360	126.00
0.188380	126.00
0.188400	126.00
0.188420	125.00
0.188440	125.00
0.188460	125.00
0.188480	126.00
0.188500	127.00
0.188520	127.00
0.188540	127.00
0.188560	126.00
0.188580	126.00
0.188600	125.00
0.188620	125.00
0.188640	125.00
0.188660	125.00
0.188680	125.00
0.188700	125.00
0.188720	125.00
0.188740	125.00
0.188760	125.00
0.188780	124.00
0.188800	123.00
0.188820	123.00
0.188840	123.00
0.188860	123.00
0.188880	124.00
0.188900	124.00
0.188920	125.00
0.188940	126.00
0.188960	126.00
0.188980	126.00
0.189000	125.00
0.189020	125.00
0.189040	124.00
0.189060	124.00
0.189080	123.00
0.189100	124.00
0.189120	124.00
0.189140	125.00
0.189160	125.00
0.189180	125.00
0.189200	125.00
0.189220	126.00
0.189240	128.00
0.189260	129.00
0.189280	127.00
0.189300	125.00
0.189320	123.00
0.189340	123.00
0.189360	125.00
0.189380	126.00
0.189400	126.00
0.189420	125.00
0.189440	124.00
0.189460	125.00
0.189480	126.00
0.189500	125.00
0.189520	124.00
0.189540	124.00
0.189560	124.00
0.189580	126.00
0.189600	127.00
0.189620	127.00
0.189640	126.00
0.189660	126.00
0.189680	125.00
0.189700	125.00
0.189720	125.00
0.189740	125.00
0.189760	125.00
0.189780	125.00
0.189800	125.00
0.189820	125.00
0.189840	124.00
0.189860	123.00
0.189880	123.00
0.189900	124.00
0.189920	126.00
0.189940	127.00
0.189960	127.00
0.189980	126.00
0.190000	125.00
0.190020	125.00
0.190040	125.00
0.190060	126.00
0.190080	126.00
0.190100	125.00
0.190120	125.00
0.190140	125.00
0.190160	126.00
0.190180	127.00
0.190200	127.00
0.190220	127.00
0.190240	127.00
0.190260	127.00
0.190280	126.00
0.190300	126.00
0.190320	125.00
0.190340	126.00
0.190360	126.00
0.190380	127.00
0.190400	127.00
0.190420	127.00
0.190440	127.00
0.190460	127.00
0.190480	128.00
0.190500	128.00
0.190520	128.00
0.190540	128.00
0.190560	127.00
0.190580	127.00
0.190600	126.00
0.190620	125.00
0.190640	125.00
0.190660	124.00
0.190680	124.00
0.190700	124.00
0.190720	123.00
0.190740	123.00
0.190760	124.00
0.190780	124.00
0.190800	124.00
0.190820	125.00
0.190840	125.00
0.190860	124.00
0.190880	124.00
0.190900	124.00
0.190920	123.00
0.190940	124.00
0.190960	124.00
0.190980	124.00
0.191000	124.00
0.191020	124.00
0.191040	124.00
0.191060	125.00
0.191080	126.00
0.191100	126.00
0.191120	125.00
0.191140	125.00
0.191160	126.00
0.191180	126.00
0.191200	126.00
0.191220	126.00
0.191240	125.00
0.191260	124.00
0.191280	124.00
0.191300	124.00
0.191320	125.00
0.191340	125.00
0.191360	126.00
0.191380	126.00
0.191400	125.00
0.191420	125.00
0.191440	125.00
0.191460	126.00
0.191480	127.00
0.191500	127.00
0.191520	127.00
0.191540	127.00
0.191560	126.00
0.191580	126.00
0.191600	125.00
0.191620	124.00
0.191640	123.00
0.191660	124.00
0.191680	125.00
0.191700	126.00
0.191720	126.00
0.191740	126.00
0.191760	126.00
0.191780	125.00
0.191800	125.00
0.191820	125.00
0.191840	125.00
0.191860	126.00
0.191880	126.00
0.191900	126.00
0.191920	126.00
0.191940	126.00
0.191960	125.00
0.191980	124.00
0.192000	123.00
0.192020	122.00
0.192040	123.00
0.192060	124.00
0.192080	125.00
0.192100	125.00
0.192120	125.00
0.192140	126.00
0.192160	127.00
0.192180	127.00
0.192200	127.00
0.192220	126.00
0.192240	125.00
0.192260	125.00
0.192280	126.00
0.192300	127.00
0.192320	127.00
0.192340	126.00
0.192360	125.00
0.192380	126.00
0.192400	126.00
0.192420	126.00
0.192440	125.00
0.192460	124.00
0.192480	124.00
0.192500	125.00
0.192520	126.00
0.192540	126.00
0.192560	125.00
0.192580	125.00
0.192600	125.00
0.192620	125.00
0.192640	125.00
0.192660	124.00
0.192680	123.00
0.192700	123.00
0.192720	123.00
0.192740	124.00
0.192760	124.00
0.192780	124.00
0.192800	125.00
0.192820	125.00
0.192840	125.00
0.192860	125.00
0.192880	125.00
0.192900	125.00
0.192920	125.00
0.192940	126.00
0.192960	126.00
0.192980	125.00
0.193000	125.00
0.193020	125.00
0.193040	126.00
0.193060	128.00
0.193080	128.00
0.193100	128.00
0.193120	127.00
0.193140	125.00
0.193160	124.00
0.193180	124.00
0.193200	124.00
0.193220	125.00
0.193240	126.00
0.193260	126.00
0.193280	125.00
0.193300	126.00
0.193320	126.00
0.193340	127.00
0.193360	128.00
0.193380	127.00
0.193400	127.00
0.193420	127.00
0.193440	126.00
0.193460	126.00
0.193480	125.00
0.193500	124.00
0.193520	124.00
0.193540	125.00
0.193560	125.00
0.193580	125.00
0.193600	126.00
0.193620	126.00
0.193640	127.00
0.193660	127.00
0.193680	126.00
0.193700	124.00
0.193720	123.00
0.193740	122.00
0.193760	122.00
0.193780	122.00
0.193800	123.00
0.193820	124.00
0.193840	125.00
0.193860	125.00
0.193880	125.00
0.193900	124.00
0.193920	124.00
0.193940	124.00
0.193960	125.00
0.193980	125.00
0.194000	124.00
0.194020	123.00
0.194040	122.00
0.194060	123.00
0.194080	124.00
0.194100	126.00
0.194120	126.00
0.194140	127.00
0.194160	127.00
0.194180	126.00
0.194200	125.00
0.194220	125.00
0.194240	125.00
0.194260	125.00
0.194280	126.00
0.194300	126.00
0.194320	127.00
0.194340	128.00
0.194360	127.00
0.194380	127.00
0.194400	126.00
0.194420	126.00
0.194440	126.00
0.194460	125.00
0.194480	124.00
0.194500	123.00
0.194520	123.00
0.194540	124.00
0.194560	125.00
0.194580	125.00
0.194600	125.00
0.194620	125.00
0.194640	126.00
0.194660	127.00
0.194680	127.00
0.194700	126.00
0.194720	124.00
0.194740	124.00
0.194760	124.00
0.194780	125.00
0.194800	126.00
0.194820	126.00
0.194840	126.00
0.194860	126.00
0.194880	125.00
0.194900	125.00
0.194920	125.00
0.194940	124.00
0.194960	124.00
0.194980	124.00
0.195000	125.00
0.195020	126.00
0.195040	127.00
0.195060	127.00
0.195080	125.00
0.195100	124.00
0.195120	124.00
0.195140	125.00
0.195160	126.00
0.195180	125.00
0.195200	124.00
0.195220	124.00
0.195240	125.00
0.195260	127.00
0.195280	128.00
0.195300	126.00
0.195320	123.00
0.195340	122.00
0.195360	122.00
0.195380	124.00
0.195400	127.00
0.195420	129.00
0.195440	130.00
0.195460	130.00
0.195480	128.00
0.195500	126.00
0.195520	123.00
0.195540	121.00
0.195560	121.00
0.195580	122.00
0.195600	125.00
0.195620	128.00
0.195640	129.00
0.195660	129.00
0.195680	127.00
0.195700	124.00
0.195720	121.00
0.195740	121.00
0.195760	121.00
0.195780	123.00
0.195800	125.00
0.195820	127.00
0.195840	128.00
0.195860	127.00
0.195880	124.00
0.195900	122.00
0.195920	120.00
0.195940	121.00
0.195960	123.00
0.195980	126.00
0.196000	128.00
0.196020	129.00
0.196040	129.00
0.196060	128.00
0.196080	125.00
0.196100	123.00
0.196120	122.00
0.196140	123.00
0.196160	126.00
0.196180	129.00
0.196200	130.00
0.196220	130.00
0.196240	128.00
0.196260	126.00
0.196280	125.00
0.196300	123.00
0.196320	123.00
0.196340	125.00
0.196360	128.00
0.196380	131.00
0.196400	131.00
0.196420	130.00
0.196440	127.00
0.196460	125.00
0.196480	124.00
0.196500	123.00
0.196520	123.00
0.196540	123.00
0.196560	124.00
0.196580	125.00
0.196600	125.00
0.196620	125.00
0.196640	125.00
0.196660	125.00
0.196680	125.00
0.196700	125.00
0.196720	125.00
0.196740	125.00
0.196760	124.00
0.196780	123.00
0.196800	122.00
0.196820	121.00
0.196840	121.00
0.196860	122.00
0.196880	123.00
0.196900	124.00
0.196920	126.00
0.196940	129.00
0.196960	132.00
0.196980	134.00
0.197000	134.00
0.197020	130.00
0.197040	125.00
0.197060	120.00
0.197080	116.00
0.197100	115.00
0.197120	117.00
0.197140	122.00
0.197160	129.00
0.197180	134.00
0.197200	137.00
0.197220	136.00
0.197240	131.00
0.197260	126.00
0.197280	120.00
0.197300	117.00
0.197320	116.00
0.197340	118.00
0.197360	122.00
0.197380	127.00
0.197400	132.00
0.197420	135.00
0.197440	135.00
0.197460	133.00
0.197480	129.00
0.197500	123.00
0.197520	118.00
0.197540	114.00
0.197560	114.00
0.197580	116.00
0.197600	121.00
0.197620	127.00
0.197640	134.00
0.197660	138.00
0.197680	140.00
0.197700	137.00
0.197720	131.00
0.197740	123.00
0.197760	116.00
0.197780	110.00
0.197800	108.00
0.197820	110.00
0.197840	115.00
0.197860	123.00
0.197880	131.00
0.197900	136.00
0.197920	138.00
0.197940	137.00
0.197960	134.00
0.197980	131.00
0.198000	128.00
0.198020	124.00
0.198040	121.00
0.198060	118.00
0.198080	118.00
0.198100	118.00
0.198120	120.00
0.198140	123.00
0.198160	128.00
0.198180	132.00
0.198200	136.00
0.198220	137.00
0.198240	135.00
0.198260	131.00
0.198280	127.00
0.198300	123.00
0.198320	120.00
0.198340	118.00
0.198360	118.00
0.198380	118.00
0.198400	120.00
0.198420	123.00
0.198440	127.00
0.198460	131.00
0.198480	133.00
0.198500	135.00
0.198520	135.00
0.198540	133.00
0.198560	128.00
0.198580	122.00
0.198600	116.00
0.198620	111.00
0.198640	110.00
0.198660	113.00
0.198680	119.00
0.198700	127.00
0.198720	134.00
0.198740	139.00
0.198760	140.00
0.198780	136.00
0.198800	127.00
0.198820	118.00
0.198840	111.00
0.198860	110.00
0.198880	113.00
0.198900	119.00
0.198920	125.00
0.198940	131.00
0.198960	136.00
0.198980	138.00
0.199000	137.00
0.199020	133.00
0.199040	128.00
0.199060	123.00
0.199080	120.00
0.199100	119.00
0.199120	119.00
0.199140	120.00
0.199160	122.00
0.199180	126.00
0.199200	129.00
0.199220	130.00
0.199240	128.00
0.199260	126.00
0.199280	124.00
0.199300	122.00
0.199320	121.00
0.199340	121.00
0.199360	122.00
0.199380	125.00
0.199400	128.00
0.199420	131.00
0.199440	132.00
0.199460	131.00
0.199480	129.00
0.199500	125.00
0.199520	122.00
0.199540	120.00
0.199560	121.00
0.199580	122.00
0.199600	123.00
0.199620	124.00
0.199640	124.00
0.199660	124.00
0.199680	125.00
0.199700	127.00
0.199720	128.00
0.199740	128.00
0.199760	128.00
0.199780	127.00
0.199800	125.00
0.199820	123.00
0.199840	122.00
0.199860	123.00
0.199880	125.00
0.199900	127.00
0.199920	127.00
0.199940	126.00
0.199960	125.00
0.199980	125.00
0.200000	125.00
0.200020	126.00
0.200040	126.00
0.200060	125.00
0.200080	125.00
0.200100	126.00
0.200120	126.00
0.200140	126.00
0.200160	125.00
0.200180	124.00
0.200200	125.00
0.200220	127.00
0.200240	128.00
0.200260	128.00
0.200280	127.00
0.200300	125.00
0.200320	123.00
0.200340	121.00
0.200360	120.00
0.200380	120.00
0.200400	122.00
0.200420	125.00
0.200440	127.00
0.200460	126.00
0.200480	124.00
0.200500	122.00
0.200520	122.00
0.200540	124.00
0.200560	128.00
0.200580	129.00
0.200600	129.00
0.200620	127.00
0.200640	125.00
0.200660	123.00
0.200680	121.00
0.200700	119.00
0.200720	118.00
0.200740	120.00
0.200760	125.00
0.200780	131.00
0.200800	136.00
0.200820	138.00
0.200840	139.00
0.200860	136.00
0.200880	131.00
0.200900	124.00
0.200920	117.00
0.200940	112.00
0.200960	110.00
0.200980	111.00
0.201000	114.00
0.201020	121.00
0.201040	128.00
0.201060	137.00
0.201080	143.00
0.201100	147.00
0.201120	146.00
0.201140	140.00
0.201160	131.00
0.201180	120.00
0.201200	110.00
0.201220	102.00
0.201240	100.00
0.201260	104.00
0.201280	114.00
0.201300	127.00
0.201320	140.00
0.201340	149.00
0.201360	153.00
0.201380	151.00
0.201400	143.00
0.201420	131.00
0.201440	118.00
0.201460	107.00
0.201480	99.00
0.201500	96.00
0.201520	100.00
0.201540	111.00
0.201560	126.00
0.201580	141.00
0.201600	152.00
0.201620	156.00
0.201640	152.00
0.201660	141.00
0.201680	127.00
0.201700	112.00
0.201720	100.00
0.201740	95.00
0.201760	98.00
0.201780	108.00
0.201800	121.00
0.201820	135.00
0.201840	145.00
0.201860	149.00
0.201880	146.00
0.201900	137.00
0.201920	126.00
0.201940	115.00
0.201960	108.00
0.201980	106.00
0.202000	110.00
0.202020	117.00
0.202040	126.00
0.202060	133.00
0.202080	137.00
0.202100	138.00
0.202120	137.00
0.202140	134.00
0.202160	131.00
0.202180	127.00
0.202200	122.00
0.202220	117.00
0.202240	115.00
0.202260	116.00
0.202280	119.00
0.202300	123.00
0.202320	127.00
0.202340	131.00
0.202360	133.00
0.202380	134.00
0.202400	133.00
0.202420	130.00
0.202440	126.00
0.202460	123.00
0.202480	121.00
0.202500	120.00
0.202520	120.00
0.202540	119.00
0.202560	118.00
0.202580	118.00
0.202600	119.00
0.202620	123.00
0.202640	128.00
0.202660	133.00
0.202680	137.00
0.202700	138.00
0.202720	136.00
0.202740	131.00
0.202760	123.00
0.202780	115.00
0.202800	109.00
0.202820	107.00
0.202840	110.00
0.202860	118.00
0.202880	127.00
0.202900	136.00
0.202920	142.00
0.202940	143.00
0.202960	141.00
0.202980	136.00
0.203000	129.00
0.203020	122.00
0.203040	115.00
0.203060	111.00
0.203080	110.00
0.203100	111.00
0.203120	115.00
0.203140	123.00
0.203160	132.00
0.203180	140.00
0.203200	144.00
0.203220	144.00
0.203240	139.00
0.203260	131.00
0.203280	124.00
0.203300	117.00
0.203320	112.00
0.203340	110.00
0.203360	112.00
0.203380	116.00
0.203400	121.00
0.203420	126.00
0.203440	130.00
0.203460	133.00
0.203480	135.00
0.203500	136.00
0.203520	136.00
0.203540	133.00
0.203560	129.00
0.203580	122.00
0.203600	116.00
0.203620	111.00
0.203640	109.00
0.203660	111.00
0.203680	117.00
0.203700	125.00
0.203720	132.00
0.203740	137.00
0.203760	139.00
0.203780	137.00
0.203800	132.00
0.203820	126.00
0.203840	121.00
0.203860	118.00
0.203880	119.00
0.203900	122.00
0.203920	125.00
0.203940	127.00
0.203960	126.00
0.203980	124.00
0.204000	122.00
0.204020	121.00
0.204040	123.00
0.204060	127.00
0.204080	132.00
0.204100	137.00
0.204120	139.00
0.204140	136.00
0.204160	129.00
0.204180	119.00
0.204200	111.00
0.204220	107.00
0.204240	109.00
0.204260	117.00
0.204280	127.00
0.204300	136.00
0.204320	141.00
0.204340	141.00
0.204360	136.00
0.204380	128.00
0.204400	119.00
0.204420	112.00
0.204440	109.00
0.204460	111.00
0.204480	118.00
0.204500	127.00
0.204520	135.00
0.204540	139.00
0.204560	138.00
0.204580	133.00
0.204600	124.00
0.204620	116.00
0.204640	110.00
0.204660	109.00
0.204680	112.00
0.204700	118.00
0.204720	125.00
0.204740	132.00
0.204760	136.00
0.204780	138.00
0.204800	137.00
0.204820	135.00
0.204840	131.00
0.204860	127.00
0.204880	123.00
0.204900	121.00
0.204920	119.00
0.204940	117.00
0.204960	116.00
0.204980	116.00
0.205000	118.00
0.205020	123.00
0.205040	130.00
0.205060	137.00
0.205080	142.00
0.205100	144.00
0.205120	142.00
0.205140	136.00
0.205160	127.00
0.205180	118.00
0.205200	111.00
0.205220	109.00
0.205240	110.00
0.205260	114.00
0.205280	119.00
0.205300	124.00
0.205320	128.00
0.205340	132.00
0.205360	134.00
0.205380	134.00
0.205400	133.00
0.205420	132.00
0.205440	129.00
0.205460	124.00
0.205480	118.00
0.205500	112.00
0.205520	107.00
0.205540	108.00
0.205560	113.00
0.205580	121.00
0.205600	131.00
0.205620	139.00
0.205640	143.00
0.205660	142.00
0.205680	137.00
0.205700	128.00
0.205720	118.00
0.205740	110.00
0.205760	108.00
0.205780	111.00
0.205800	117.00
0.205820	124.00
0.205840	130.00
0.205860	134.00
0.205880	135.00
0.205900	135.00
0.205920	133.00
0.205940	130.00
0.205960	127.00
0.205980	124.00
0.206000	121.00
0.206020	118.00
0.206040	118.00
0.206060	119.00
0.206080	123.00
0.206100	129.00
0.206120	134.00
0.206140	137.00
0.206160	137.00
0.206180	134.00
0.206200	129.00
0.206220	122.00
0.206240	116.00
0.206260	111.00
0.206280	109.00
0.206300	112.00
0.206320	119.00
0.206340	128.00
0.206360	135.00
0.206380	140.00
0.206400	140.00
0.206420	137.00
0.206440	132.00
0.206460	126.00
0.206480	121.00
0.206500	117.00
0.206520	115.00
0.206540	115.00
0.206560	116.00
0.206580	120.00
0.206600	124.00
0.206620	128.00
0.206640	130.00
0.206660	132.00
0.206680	133.00
0.206700	133.00
0.206720	134.00
0.206740	134.00
0.206760	132.00
0.206780	128.00
0.206800	124.00
0.206820	119.00
0.206840	115.00
0.206860	114.00
0.206880	115.00
0.206900	118.00
0.206920	123.00
0.206940	127.00
0.206960	131.00
0.206980	133.00
0.207000	134.00
0.207020	133.00
0.207040	131.00
0.207060	129.00
0.207080	126.00
0.207100	123.00
0.207120	120.00
0.207140	117.00
0.207160	115.00
0.207180	114.00
0.207200	115.00
0.207220	118.00
0.207240	122.00
0.207260	127.00
0.207280	133.00
0.207300	136.00
0.207320	137.00
0.207340	135.00
0.207360	130.00
0.207380	124.00
0.207400	118.00
0.207420	114.00
0.207440	113.00
0.207460	114.00
0.207480	118.00
0.207500	122.00
0.207520	128.00
0.207540	132.00
0.207560	134.00
0.207580	134.00
0.207600	131.00
0.207620	128.00
0.207640	124.00
0.207660	122.00
0.207680	121.00
0.207700	121.00
0.207720	121.00
0.207740	123.00
0.207760	125.00
0.207780	128.00
0.207800	129.00
0.207820	129.00
0.207840	129.00
0.207860	128.00
0.207880	128.00
0.207900	128.00
0.207920	127.00
0.207940	126.00
0.207960	125.00
0.207980	125.00
0.208000	126.00
0.208020	126.00
0.208040	125.00
0.208060	123.00
0.208080	122.00
0.208100	122.00
0.208120	122.00
0.208140	123.00
0.208160	125.00
0.208180	128.00
0.208200	131.00
0.208220	132.00
0.208240	131.00
0.208260	127.00
0.208280	124.00
0.208300	121.00
0.208320	120.00
0.208340	119.00
0.208360	119.00
0.208380	122.00
0.208400	126.00
0.208420	129.00
0.208440	131.00
0.208460	130.00
0.208480	127.00
0.208500	124.00
0.208520	123.00
0.208540	122.00
0.208560	122.00
0.208580	122.00
0.208600	124.00
0.208620	126.00
0.208640	127.00
0.208660	128.00
0.208680	127.00
0.208700	126.00
0.208720	126.00
0.208740	125.00
0.208760	124.00
0.208780	122.00
0.208800	121.00
0.208820	122.00
0.208840	124.00
0.208860	126.00
0.208880	128.00
0.208900	129.00
0.208920	130.00
0.208940	130.00
0.208960	129.00
0.208980	127.00
0.209000	125.00
0.209020	124.00
0.209040	123.00
0.209060	122.00
0.209080	122.00
0.209100	123.00
0.209120	125.00
0.209140	127.00
0.209160	128.00
0.209180	128.00
0.209200	127.00
0.209220	126.00
0.209240	125.00
0.209260	124.00
0.209280	123.00
0.209300	123.00
0.209320	123.00
0.209340	124.00
0.209360	124.00
0.209380	124.00
0.209400	124.00
0.209420	123.00
0.209440	123.00
0.209460	123.00
0.209480	124.00
0.209500	125.00
0.209520	126.00
0.209540	127.00
0.209560	127.00
0.209580	127.00
0.209600	126.00
0.209620	126.00
0.209640	126.00
0.209660	126.00
0.209680	126.00
0.209700	126.00
0.209720	126.00
0.209740	126.00
0.209760	126.00
0.209780	125.00
0.209800	124.00
0.209820	123.00
0.209840	123.00
0.209860	123.00
0.209880	124.00
0.209900	124.00
0.209920	125.00
0.209940	126.00
0.209960	127.00
0.209980	127.00
0.210000	126.00
0.210020	126.00
0.210040	125.00
0.210060	126.00
0.210080	125.00
0.210100	125.00
0.210120	124.00
0.210140	123.00
0.210160	124.00
0.210180	124.00
0.210200	125.00
0.210220	125.00
0.210240	125.00
0.210260	125.00
0.210280	125.00
0.210300	124.00
0.210320	123.00
0.210340	122.00
0.210360	122.00
0.210380	122.00
0.210400	122.00
0.210420	122.00
0.210440	124.00
0.210460	126.00
0.210480	128.00
0.210500	129.00
0.210520	128.00
0.210540	126.00
0.210560	124.00
0.210580	123.00
0.210600	124.00
0.210620	125.00
0.210640	126.00
0.210660	127.00
0.210680	127.00
0.210700	127.00
0.210720	126.00
0.210740	126.00
0.210760	125.00
0.210780	125.00
0.210800	125.00
0.210820	126.00
0.210840	126.00
0.210860	126.00
0.210880	126.00
0.210900	126.00
0.210920	125.00
0.210940	124.00
0.210960	123.00
0.210980	123.00
0.211000	124.00
0.211020	125.00
0.211040	126.00
0.211060	126.00
0.211080	126.00
0.211100	125.00
0.211120	125.00
0.211140	124.00
0.211160	123.00
0.211180	123.00
0.211200	124.00
0.211220	125.00
0.211240	125.00
0.211260	125.00
0.211280	125.00
0.211300	124.00
0.211320	125.00
0.211340	126.00
0.211360	127.00
0.211380	127.00
0.211400	127.00
0.211420	127.00
0.211440	127.00
0.211460	126.00
0.211480	126.00
0.211500	125.00
0.211520	125.00
0.211540	125.00
0.211560	126.00
0.211580	127.00
0.211600	127.00
0.211620	127.00
0.211640	127.00
0.211660	127.00
0.211680	127.00
0.211700	127.00
0.211720	127.00
0.211740	127.00
0.211760	127.00
0.211780	127.00
0.211800	127.00
0.211820	127.00
0.211840	127.00
0.211860	127.00
0.211880	126.00
0.211900	125.00
0.211920	125.00
0.211940	125.00
0.211960	125.00
0.211980	125.00
0.212000	124.00
0.212020	123.00
0.212040	123.00
0.212060	123.00
0.212080	123.00
0.212100	124.00
0.212120	124.00
0.212140	124.00
0.212160	125.00
0.212180	126.00
0.212200	126.00
0.212220	126.00
0.212240	126.00
0.212260	125.00
0.212280	126.00
0.212300	126.00
0.212320	126.00
0.212340	125.00
0.212360	125.00
0.212380	125.00
0.212400	127.00
0.212420	128.00
0.212440	128.00
0.212460	127.00
0.212480	125.00
0.212500	124.00
0.212520	124.00
0.212540	125.00
0.212560	127.00
0.212580	127.00
0.212600	127.00
0.212620	126.00
0.212640	126.00
0.212660	126.00
0.212680	125.00
0.212700	124.00
0.212720	124.00
0.212740	124.00
0.212760	125.00
0.212780	125.00
0.212800	126.00
0.212820	126.00
0.212840	125.00
0.212860	125.00
0.212880	124.00
0.212900	124.00
0.212920	124.00
0.212940	124.00
0.212960	124.00
0.212980	124.00
0.213000	124.00
0.213020	125.00
0.213040	125.00
0.213060	125.00
0.213080	125.00
0.213100	126.00
0.213120	126.00
0.213140	127.00
0.213160	127.00
0.213180	125.00
0.213200	124.00
0.213220	122.00
0.213240	122.00
0.213260	123.00
0.213280	124.00
0.213300	126.00
0.213320	127.00
0.213340	128.00
0.213360	129.00
0.213380	129.00
0.213400	127.00
0.213420	125.00
0.213440	123.00
0.213460	123.00
0.213480	124.00
0.213500	125.00
0.213520	125.00
0.213540	125.00
0.213560	126.00
0.213580	126.00
0.213600	128.00
0.213620	129.00
0.213640	128.00
0.213660	128.00
0.213680	126.00
0.213700	126.00
0.213720	125.00
0.213740	126.00
0.213760	125.00
0.213780	124.00
0.213800	124.00
0.213820	123.00
0.213840	124.00
0.213860	124.00
0.213880	124.00
0.213900	124.00
0.213920	124.00
0.213940	124.00
0.213960	125.00
0.213980	125.00
0.214000	125.00
0.214020	124.00
0.214040	123.00
0.214060	124.00
0.214080	124.00
0.214100	124.00
0.214120	123.00
0.214140	123.00
0.214160	123.00
0.214180	123.00
0.214200	123.00
0.214220	123.00
0.214240	123.00
0.214260	123.00
0.214280	123.00
0.214300	123.00
0.214320	124.00
0.214340	125.00
0.214360	126.00
0.214380	127.00
0.214400	127.00
0.214420	127.00
0.214440	126.00
0.214460	126.00
0.214480	126.00
0.214500	126.00
0.214520	126.00
0.214540	125.00
0.214560	125.00
0.214580	125.00
0.214600	126.00
0.214620	126.00
0.214640	127.00
0.214660	127.00
0.214680	127.00
0.214700	126.00
0.214720	126.00
0.214740	126.00
0.214760	126.00
0.214780	125.00
0.214800	124.00
0.214820	124.00
0.214840	123.00
0.214860	124.00
0.214880	125.00
0.214900	126.00
0.214920	125.00
0.214940	125.00
0.214960	125.00
0.214980	125.00
0.215000	126.00
0.215020	126.00
0.215040	126.00
0.215060	125.00
0.215080	124.00
0.215100	124.00
0.215120	123.00
0.215140	123.00
0.215160	124.00
0.215180	125.00
0.215200	126.00
0.215220	126.00
0.215240	126.00
0.215260	125.00
0.215280	125.00
0.215300	126.00
0.215320	127.00
0.215340	126.00
0.215360	126.00
0.215380	125.00
0.215400	124.00
0.215420	125.00
0.215440	125.00
0.215460	126.00
0.215480	127.00
0.215500	127.00
0.215520	126.00
0.215540	126.00
0.215560	126.00
0.215580	126.00
0.215600	126.00
0.215620	126.00
0.215640	125.00
0.215660	126.00
0.215680	126.00
0.215700	127.00
0.215720	127.00
0.215740	126.00
0.215760	125.00
0.215780	125.00
0.215800	125.00
0.215820	125.00
0.215840	126.00
0.215860	126.00
0.215880	126.00
0.215900	125.00
0.215920	125.00
0.215940	124.00
0.215960	124.00
0.215980	123.00
0.216000	123.00
0.216020	124.00
0.216040	125.00
0.216060	125.00
0.216080	125.00
0.216100	125.00
0.216120	125.00
0.216140	125.00
0.216160	125.00
0.216180	125.00
0.216200	124.00
0.216220	124.00
0.216240	124.00
0.216260	125.00
0.216280	126.00
0.216300	126.00
0.216320	125.00
0.216340	125.00
0.216360	125.00
0.216380	124.00
0.216400	124.00
0.216420	125.00
0.216440	125.00
0.216460	126.00
0.216480	127.00
0.216500	127.00
0.216520	127.00
0.216540	126.00
0.216560	126.00
0.216580	125.00
0.216600	125.00
0.216620	125.00
0.216640	125.00
0.216660	125.00
0.216680	124.00
0.216700	124.00
0.216720	124.00
0.216740	125.00
0.216760	125.00
0.216780	125.00
0.216800	125.00
0.216820	125.00
0.216840	126.00
0.216860	126.00
0.216880	126.00
0.216900	126.00
0.216920	125.00
0.216940	125.00
0.216960	125.00
0.216980	125.00
0.217000	125.00
0.217020	125.00
0.217040	124.00
0.217060	124.00
0.217080	124.00
0.217100	124.00
0.217120	124.00
0.217140	124.00
0.217160	124.00
0.217180	124.00
0.217200	125.00
0.217220	125.00
0.217240	126.00
0.217260	126.00
0.217280	126.00
0.217300	125.00
0.217320	125.00
0.217340	125.00
0.217360	126.00
0.217380	127.00
0.217400	127.00
0.217420	128.00
0.217440	127.00
0.217460	127.00
0.217480	126.00
0.217500	125.00
0.217520	125.00
0.217540	125.00
0.217560	125.00
0.217580	125.00
0.217600	126.00
0.217620	125.00
0.217640	125.00
0.217660	125.00
0.217680	125.00
0.217700	125.00
0.217720	125.00
0.217740	125.00
0.217760	125.00
0.217780	124.00
0.217800	124.00
0.217820	124.00
0.217840	124.00
0.217860	124.00
0.217880	124.00
0.217900	124.00
0.217920	125.00
0.217940	126.00
0.217960	126.00
0.217980	126.00
0.218000	126.00
0.218020	126.00
0.218040	126.00
0.218060	126.00
0.218080	126.00
0.218100	125.00
0.218120	125.00
0.218140	124.00
0.218160	125.00
0.218180	125.00
0.218200	125.00
0.218220	125.00
0.218240	125.00
0.218260	125.00
0.218280	125.00
0.218300	125.00
0.218320	125.00
0.218340	125.00
0.218360	125.00
0.218380	125.00
0.218400	124.00
0.218420	124.00
0.218440	125.00
0.218460	126.00
0.218480	127.00
0.218500	128.00
0.218520	127.00
0.218540	126.00
0.218560	125.00
0.218580	124.00
0.218600	124.00
0.218620	123.00
0.218640	123.00
0.218660	123.00
0.218680	124.00
0.218700	125.00
0.218720	126.00
0.218740	127.00
0.218760	126.00
0.218780	125.00
0.218800	125.00
0.218820	125.00
0.218840	125.00
0.218860	126.00
0.218880	126.00
0.218900	126.00
0.218920	126.00
0.218940	125.00
0.218960	125.00
0.218980	126.00
0.219000	126.00
0.219020	127.00
0.219040	126.00
0.219060	125.00
0.219080	124.00
0.219100	124.00
0.219120	124.00
0.219140	126.00
0.219160	127.00
0.219180	127.00
0.219200	127.00
0.219220	126.00
0.219240	126.00
0.219260	127.00
0.219280	127.00
0.219300	126.00
0.219320	126.00
0.219340	125.00
0.219360	123.00
0.219380	123.00
0.219400	123.00
0.219420	124.00
0.219440	126.00
0.219460	127.00
0.219480	127.00
0.219500	127.00
0.219520	127.00
0.219540	126.00
0.219560	126.00
0.219580	126.00
0.219600	125.00
0.219620	125.00
0.219640	126.00
0.219660	126.00
0.219680	126.00
0.219700	126.00
0.219720	125.00
0.219740	125.00
0.219760	126.00
0.219780	126.00
0.219800	126.00
0.219820	125.00
0.219840	125.00
0.219860	125.00
0.219880	124.00
0.219900	124.00
0.219920	124.00
0.219940	123.00
0.219960	124.00
0.219980	124.00
0.220000	123.00
0.220020	123.00
0.220040	123.00
0.220060	124.00
0.220080	125.00
0.220100	126.00
0.220120	127.00
0.220140	127.00
0.220160	127.00
0.220180	127.00
0.220200	127.00
0.220220	127.00
0.220240	126.00
0.220260	126.00
0.220280	125.00
0.220300	125.00
0.220320	124.00
0.220340	124.00
0.220360	124.00
0.220380	124.00
0.220400	124.00
0.220420	125.00
0.220440	125.00
0.220460	126.00
0.220480	127.00
0.220500	127.00
0.220520	127.00
0.220540	126.00
0.220560	125.00
0.220580	125.00
0.220600	125.00
0.220620	124.00
0.220640	123.00
0.220660	122.00
0.220680	122.00
0.220700	122.00
0.220720	123.00
0.220740	124.00
0.220760	123.00
0.220780	122.00
0.220800	121.00
0.220820	122.00
0.220840	123.00
0.220860	124.00
0.220880	124.00
0.220900	125.00
0.220920	125.00
0.220940	126.00
0.220960	126.00
0.220980	126.00
0.221000	125.00
0.221020	124.00
0.221040	124.00
0.221060	124.00
0.221080	125.00
0.221100	126.00
0.221120	126.00
0.221140	126.00
0.221160	126.00
0.221180	126.00
0.221200	127.00
0.221220	127.00
0.221240	126.00
0.221260	125.00
0.221280	125.00
0.221300	125.00
0.221320	125.00
0.221340	126.00
0.221360	126.00
0.221380	125.00
0.221400	125.00
0.221420	125.00
0.221440	126.00
0.221460	126.00
0.221480	127.00
0.221500	127.00
0.221520	127.00
0.221540	126.00
0.221560	126.00
0.221580	126.00
0.221600	126.00
0.221620	125.00
0.221640	124.00
0.221660	123.00
0.221680	123.00
0.221700	124.00
0.221720	125.00
0.221740	126.00
0.221760	125.00
0.221780	125.00
0.221800	125.00
0.221820	125.00
0.221840	125.00
0.221860	125.00
0.221880	125.00
0.221900	125.00
0.221920	125.00
0.221940	125.00
0.221960	125.00
0.221980	125.00
0.222000	125.00
0.222020	125.00
0.222040	125.00
0.222060	125.00
0.222080	125.00
0.222100	124.00
0.222120	124.00
0.222140	124.00
0.222160	124.00
0.222180	125.00
0.222200	126.00
0.222220	127.00
0.222240	127.00
0.222260	126.00
0.222280	126.00
0.222300	126.00
0.222320	126.00
0.222340	126.00
0.222360	126.00
0.222380	126.00
0.222400	126.00
0.222420	125.00
0.222440	126.00
0.222460	126.00
0.222480	125.00
0.222500	125.00
0.222520	124.00
0.222540	124.00
0.222560	124.00
0.222580	125.00
0.222600	125.00
0.222620	125.00
0.222640	124.00
0.222660	124.00
0.222680	124.00
0.222700	123.00
0.222720	123.00
0.222740	123.00
0.222760	124.00
0.222780	125.00
0.222800	125.00
0.222820	125.00
0.222840	125.00
0.222860	125.00
0.222880	124.00
0.222900	124.00
0.222920	124.00
0.222940	125.00
0.222960	126.00
0.222980	126.00
0.223000	126.00
0.223020	125.00
0.223040	124.00
0.223060	124.00
0.223080	124.00
0.223100	125.00
0.223120	126.00
0.223140	126.00
0.223160	126.00
0.223180	126.00
0.223200	126.00
0.223220	126.00
0.223240	126.00
0.223260	126.00
0.223280	125.00
0.223300	124.00
0.223320	124.00
0.223340	125.00
0.223360	127.00
0.223380	127.00
0.223400	127.00
0.223420	126.00
0.223440	125.00
0.223460	125.00
0.223480	125.00
0.223500	126.00
0.223520	126.00
0.223540	126.00
0.223560	125.00
0.223580	125.00
0.223600	126.00
0.223620	127.00
0.223640	127.00
0.223660	127.00
0.223680	126.00
0.223700	125.00
0.223720	124.00
0.223740	124.00
0.223760	124.00
0.223780	125.00
0.223800	125.00
0.223820	125.00
0.223840	126.00
0.223860	125.00
0.223880	125.00
0.223900	125.00
0.223920	126.00
0.223940	126.00
0.223960	126.00
0.223980	126.00
0.224000	126.00
0.224020	126.00
0.224040	126.00
0.224060	126.00
0.224080	126.00
0.224100	126.00
0.224120	126.00
0.224140	125.00
0.224160	124.00
0.224180	124.00
0.224200	124.00
0.224220	124.00
0.224240	124.00
0.224260	124.00
0.224280	125.00
0.224300	125.00
0.224320	126.00
0.224340	126.00
0.224360	126.00
0.224380	126.00
0.224400	125.00
0.224420	124.00
0.224440	124.00
0.224460	124.00
0.224480	125.00
0.224500	125.00
0.224520	125.00
0.224540	125.00
0.224560	126.00
0.224580	126.00
0.224600	126.00
0.224620	126.00
0.224640	126.00
0.224660	125.00
0.224680	125.00
0.224700	125.00
0.224720	125.00
0.224740	125.00
0.224760	124.00
0.224780	124.00
0.224800	124.00
0.224820	124.00
0.224840	125.00
0.224860	125.00
0.224880	126.00
0.224900	126.00
0.224920	126.00
0.224940	125.00
0.224960	125.00
0.224980	125.00
0.225000	125.00
0.225020	124.00
0.225040	125.00
0.225060	125.00
0.225080	126.00
0.225100	126.00
0.225120	126.00
0.225140	126.00
0.225160	125.00
0.225180	125.00
0.225200	125.00
0.225220	125.00
0.225240	126.00
0.225260	125.00
0.225280	125.00
0.225300	125.00
0.225320	125.00
0.225340	125.00
0.225360	125.00
0.225380	124.00
0.225400	124.00
0.225420	124.00
0.225440	124.00
0.225460	124.00
0.225480	124.00
0.225500	123.00
0.225520	123.00
0.225540	124.00
0.225560	124.00
0.225580	125.00
0.225600	125.00
0.225620	124.00
0.225640	125.00
0.225660	125.00
0.225680	126.00
0.225700	126.00
0.225720	125.00
0.225740	124.00
0.225760	123.00
0.225780	124.00
0.225800	125.00
0.225820	126.00
0.225840	126.00
0.225860	126.00
0.225880	126.00
0.225900	126.00
0.225920	126.00
0.225940	125.00
0.225960	125.00
0.225980	125.00
0.226000	125.00
0.226020	126.00
0.226040	127.00
0.226060	126.00
0.226080	125.00
0.226100	125.00
0.226120	126.00
0.226140	127.00
0.226160	127.00
0.226180	127.00
0.226200	127.00
0.226220	126.00
0.226240	126.00
0.226260	126.00
0.226280	126.00
0.226300	125.00
0.226320	126.00
0.226340	126.00
0.226360	126.00
0.226380	125.00
0.226400	124.00
0.226420	124.00
0.226440	124.00
0.226460	124.00
0.226480	124.00
0.226500	123.00
0.226520	123.00
0.226540	124.00
0.226560	125.00
0.226580	125.00
0.226600	125.00
0.226620	124.00
0.226640	123.00
0.226660	123.00
0.226680	123.00
0.226700	123.00
0.226720	123.00
0.226740	124.00
0.226760	124.00
0.226780	125.00
0.226800	124.00
0.226820	124.00
0.226840	124.00
0.226860	125.00
0.226880	126.00
0.226900	126.00
0.226920	125.00
0.226940	125.00
0.226960	124.00
0.226980	124.00
0.227000	125.00
0.227020	125.00
0.227040	125.00
0.227060	126.00
0.227080	126.00
0.227100	127.00
0.227120	127.00
0.227140	127.00
0.227160	126.00
0.227180	126.00
0.227200	125.00
0.227220	125.00
0.227240	125.00
0.227260	125.00
0.227280	125.00
0.227300	124.00
0.227320	125.00
0.227340	125.00
0.227360	126.00
0.227380	126.00
0.227400	126.00
0.227420	125.00
0.227440	124.00
0.227460	124.00
0.227480	125.00
0.227500	125.00
0.227520	124.00
0.227540	124.00
0.227560	123.00
0.227580	124.00
0.227600	126.00
0.227620	126.00
0.227640	126.00
0.227660	125.00
0.227680	125.00
0.227700	125.00
0.227720	125.00
0.227740	124.00
0.227760	124.00
0.227780	124.00
0.227800	125.00
0.227820	126.00
0.227840	127.00
0.227860	126.00
0.227880	125.00
0.227900	124.00
0.227920	124.00
0.227940	125.00
0.227960	126.00
0.227980	126.00
0.228000	126.00
0.228020	126.00
0.228040	126.00
0.228060	126.00
0.228080	126.00
0.228100	126.00
0.228120	126.00
0.228140	126.00
0.228160	126.00
0.228180	126.00
0.228200	127.00
0.228220	127.00
0.228240	126.00
0.228260	126.00
0.228280	125.00
0.228300	125.00
0.228320	125.00
0.228340	125.00
0.228360	126.00
0.228380	127.00
0.228400	127.00
0.228420	126.00
0.228440	125.00
0.228460	124.00
0.228480	123.00
0.228500	123.00
0.228520	123.00
0.228540	124.00
0.228560	123.00
0.228580	123.00
0.228600	123.00
0.228620	123.00
0.228640	123.00
0.228660	123.00
0.228680	123.00
0.228700	123.00
0.228720	124.00
0.228740	125.00
0.228760	125.00
0.228780	125.00
0.228800	124.00
0.228820	124.00
0.228840	125.00
0.228860	126.00
0.228880	126.00
0.228900	126.00
0.228920	126.00
0.228940	126.00
0.228960	126.00
0.228980	127.00
