0.135300	101.00
0.135320	49.00
0.135340	102.00
0.135360	142.00
0.135380	145.00
0.135400	125.00
0.135420	113.00
0.135440	119.00
0.135460	132.00
0.135480	135.00
0.135500	126.00
0.135520	120.00
0.135540	123.00
0.135560	130.00
0.135580	132.00
0.135600	126.00
0.135620	122.00
0.135640	124.00
0.135660	129.00
0.135680	130.00
0.135700	125.00
0.135720	122.00
0.135740	124.00
0.135760	128.00
0.135780	129.00
0.135800	126.00
0.135820	122.00
0.135840	124.00
0.135860	127.00
0.135880	128.00
0.135900	125.00
0.135920	123.00
0.135940	124.00
0.135960	127.00
0.135980	127.00
0.136000	125.00
0.136020	124.00
0.136040	125.00
0.136060	128.00
0.136080	128.00
0.136100	125.00
0.136120	123.00
0.136140	124.00
0.136160	127.00
0.136180	127.00
0.136200	125.00
0.136220	124.00
0.136240	124.00
0.136260	127.00
0.136280	128.00
0.136300	126.00
0.136320	125.00
0.136340	126.00
0.136360	127.00
0.136380	127.00
0.136400	125.00
0.136420	124.00
0.136440	125.00
0.136460	127.00
0.136480	128.00
0.136500	127.00
0.136520	125.00
0.136540	126.00
0.136560	127.00
0.136580	128.00
0.136600	126.00
0.136620	125.00
0.136640	125.00
0.136660	126.00
0.136680	127.00
0.136700	126.00
0.136720	125.00
0.136740	125.00
0.136760	126.00
0.136780	127.00
0.136800	125.00
0.136820	124.00
0.136840	125.00
0.136860	126.00
0.136880	126.00
0.136900	125.00
0.136920	124.00
0.136940	125.00
0.136960	126.00
0.136980	127.00
0.137000	126.00
0.137020	125.00
0.137040	125.00
0.137060	126.00
0.137080	126.00
0.137100	126.00
0.137120	125.00
0.137140	125.00
0.137160	126.00
0.137180	127.00
0.137200	126.00
0.137220	125.00
0.137240	125.00
0.137260	126.00
0.137280	126.00
0.137300	125.00
0.137320	125.00
0.137340	125.00
0.137360	127.00
0.137380	127.00
0.137400	126.00
0.137420	126.00
0.137440	126.00
0.137460	126.00
0.137480	126.00
0.137500	126.00
0.137520	125.00
0.137540	125.00
0.137560	126.00
0.137580	126.00
0.137600	125.00
0.137620	125.00
0.137640	125.00
0.137660	126.00
0.137680	126.00
0.137700	126.00
0.137720	125.00
0.137740	125.00
0.137760	126.00
0.137780	126.00
0.137800	126.00
0.137820	125.00
0.137840	125.00
0.137860	126.00
0.137880	126.00
0.137900	126.00
0.137920	126.00
0.137940	126.00
0.137960	127.00
0.137980	127.00
0.138000	126.00
0.138020	126.00
0.138040	126.00
0.138060	127.00
0.138080	127.00
0.138100	126.00
0.138120	126.00
0.138140	126.00
0.138160	127.00
0.138180	126.00
0.138200	125.00
0.138220	125.00
0.138240	125.00
0.138260	126.00
0.138280	126.00
0.138300	126.00
0.138320	125.00
0.138340	125.00
0.138360	126.00
0.138380	126.00
0.138400	126.00
0.138420	126.00
0.138440	126.00
0.138460	127.00
0.138480	127.00
0.138500	126.00
0.138520	126.00
0.138540	126.00
0.138560	126.00
0.138580	126.00
0.138600	126.00
0.138620	125.00
0.138640	126.00
0.138660	126.00
0.138680	126.00
0.138700	125.00
0.138720	125.00
0.138740	125.00
0.138760	126.00
0.138780	127.00
0.138800	126.00
0.138820	125.00
0.138840	125.00
0.138860	126.00
0.138880	126.00
0.138900	126.00
0.138920	125.00
0.138940	125.00
0.138960	126.00
0.138980	126.00
0.139000	126.00
0.139020	125.00
0.139040	126.00
0.139060	126.00
0.139080	127.00
0.139100	126.00
0.139120	126.00
0.139140	126.00
0.139160	126.00
0.139180	126.00
0.139200	125.00
0.139220	125.00
0.139240	125.00
0.139260	126.00
0.139280	126.00
0.139300	125.00
0.139320	125.00
0.139340	126.00
0.139360	127.00
0.139380	127.00
0.139400	126.00
0.139420	126.00
0.139440	126.00
0.139460	126.00
0.139480	127.00
0.139500	126.00
0.139520	126.00
0.139540	126.00
0.139560	126.00
0.139580	126.00
0.139600	126.00
0.139620	126.00
0.139640	126.00
0.139660	126.00
0.139680	126.00
0.139700	125.00
0.139720	125.00
0.139740	125.00
0.139760	126.00
0.139780	126.00
0.139800	125.00
0.139820	125.00
0.139840	125.00
0.139860	126.00
0.139880	126.00
0.139900	125.00
0.139920	124.00
0.139940	124.00
0.139960	125.00
0.139980	125.00
0.140000	125.00
0.140020	125.00
0.140040	126.00
0.140060	126.00
0.140080	126.00
0.140100	125.00
0.140120	125.00
0.140140	125.00
0.140160	125.00
0.140180	125.00
0.140200	125.00
0.140220	124.00
0.140240	125.00
0.140260	125.00
0.140280	126.00
0.140300	126.00
0.140320	126.00
0.140340	126.00
0.140360	127.00
0.140380	127.00
0.140400	126.00
0.140420	125.00
0.140440	125.00
0.140460	126.00
0.140480	126.00
0.140500	126.00
0.140520	126.00
0.140540	126.00
0.140560	127.00
0.140580	127.00
0.140600	126.00
0.140620	125.00
0.140640	125.00
0.140660	125.00
0.140680	126.00
0.140700	126.00
0.140720	125.00
0.140740	125.00
0.140760	126.00
0.140780	126.00
0.140800	125.00
0.140820	125.00
0.140840	125.00
0.140860	125.00
0.140880	125.00
0.140900	125.00
0.140920	125.00
0.140940	125.00
0.140960	126.00
0.140980	126.00
0.141000	126.00
0.141020	125.00
0.141040	125.00
0.141060	126.00
0.141080	127.00
0.141100	126.00
0.141120	126.00
0.141140	126.00
0.141160	126.00
0.141180	126.00
0.141200	125.00
0.141220	125.00
0.141240	125.00
0.141260	126.00
0.141280	126.00
0.141300	126.00
0.141320	125.00
0.141340	126.00
0.141360	126.00
0.141380	127.00
0.141400	127.00
0.141420	126.00
0.141440	126.00
0.141460	126.00
0.141480	126.00
0.141500	126.00
0.141520	125.00
0.141540	125.00
0.141560	126.00
0.141580	126.00
0.141600	126.00
0.141620	125.00
0.141640	125.00
0.141660	125.00
0.141680	126.00
0.141700	125.00
0.141720	125.00
0.141740	126.00
0.141760	127.00
0.141780	127.00
0.141800	126.00
0.141820	125.00
0.141840	125.00
0.141860	126.00
0.141880	126.00
0.141900	126.00
0.141920	125.00
0.141940	125.00
0.141960	126.00
0.141980	127.00
0.142000	127.00
0.142020	127.00
0.142040	126.00
0.142060	125.00
0.142080	126.00
0.142100	126.00
0.142120	126.00
0.142140	126.00
0.142160	126.00
0.142180	126.00
0.142200	125.00
0.142220	125.00
0.142240	125.00
0.142260	126.00
0.142280	126.00
0.142300	126.00
0.142320	125.00
0.142340	125.00
0.142360	125.00
0.142380	126.00
0.142400	126.00
0.142420	126.00
0.142440	126.00
0.142460	126.00
0.142480	126.00
0.142500	127.00
0.142520	126.00
0.142540	126.00
0.142560	126.00
0.142580	126.00
0.142600	125.00
0.142620	125.00
0.142640	125.00
0.142660	126.00
0.142680	126.00
0.142700	126.00
0.142720	126.00
0.142740	126.00
0.142760	125.00
0.142780	125.00
0.142800	125.00
0.142820	125.00
0.142840	125.00
0.142860	125.00
0.142880	125.00
0.142900	125.00
0.142920	125.00
0.142940	125.00
0.142960	125.00
0.142980	125.00
0.143000	125.00
0.143020	125.00
0.143040	125.00
0.143060	126.00
0.143080	126.00
0.143100	125.00
0.143120	125.00
0.143140	125.00
0.143160	126.00
0.143180	126.00
0.143200	126.00
0.143220	126.00
0.143240	126.00
0.143260	126.00
0.143280	127.00
0.143300	126.00
0.143320	126.00
0.143340	126.00
0.143360	126.00
0.143380	126.00
0.143400	126.00
0.143420	126.00
0.143440	126.00
0.143460	126.00
0.143480	126.00
0.143500	125.00
0.143520	126.00
0.143540	126.00
0.143560	127.00
0.143580	126.00
0.143600	126.00
0.143620	125.00
0.143640	125.00
0.143660	126.00
0.143680	126.00
0.143700	126.00
0.143720	126.00
0.143740	126.00
0.143760	127.00
0.143780	127.00
0.143800	126.00
0.143820	126.00
0.143840	125.00
0.143860	125.00
0.143880	126.00
0.143900	125.00
0.143920	126.00
0.143940	126.00
0.143960	127.00
0.143980	127.00
0.144000	127.00
0.144020	127.00
0.144040	126.00
0.144060	126.00
0.144080	126.00
0.144100	125.00
0.144120	125.00
0.144140	126.00
0.144160	126.00
0.144180	126.00
0.144200	125.00
0.144220	125.00
0.144240	126.00
0.144260	127.00
0.144280	127.00
0.144300	126.00
0.144320	125.00
0.144340	126.00
0.144360	126.00
0.144380	127.00
0.144400	126.00
0.144420	126.00
0.144440	125.00
0.144460	125.00
0.144480	126.00
0.144500	125.00
0.144520	125.00
0.144540	124.00
0.144560	125.00
0.144580	126.00
0.144600	126.00
0.144620	125.00
0.144640	125.00
0.144660	125.00
0.144680	126.00
0.144700	126.00
0.144720	125.00
0.144740	125.00
0.144760	125.00
0.144780	126.00
0.144800	126.00
0.144820	126.00
0.144840	126.00
0.144860	126.00
0.144880	126.00
0.144900	126.00
0.144920	125.00
0.144940	125.00
0.144960	125.00
0.144980	126.00
0.145000	126.00
0.145020	125.00
0.145040	125.00
0.145060	125.00
0.145080	126.00
0.145100	126.00
0.145120	126.00
0.145140	126.00
0.145160	126.00
0.145180	126.00
0.145200	126.00
0.145220	126.00
0.145240	126.00
0.145260	126.00
0.145280	126.00
0.145300	126.00
0.145320	125.00
0.145340	125.00
0.145360	125.00
0.145380	125.00
0.145400	125.00
0.145420	125.00
0.145440	125.00
0.145460	125.00
0.145480	125.00
0.145500	125.00
0.145520	125.00
0.145540	125.00
0.145560	125.00
0.145580	125.00
0.145600	125.00
0.145620	125.00
0.145640	125.00
0.145660	126.00
0.145680	126.00
0.145700	125.00
0.145720	125.00
0.145740	126.00
0.145760	126.00
0.145780	126.00
0.145800	126.00
0.145820	126.00
0.145840	126.00
0.145860	127.00
0.145880	127.00
0.145900	127.00
0.145920	127.00
0.145940	126.00
0.145960	126.00
0.145980	126.00
0.146000	125.00
0.146020	125.00
0.146040	125.00
0.146060	125.00
0.146080	126.00
0.146100	125.00
0.146120	125.00
0.146140	126.00
0.146160	126.00
0.146180	127.00
0.146200	127.00
0.146220	126.00
0.146240	125.00
0.146260	125.00
0.146280	126.00
0.146300	125.00
0.146320	125.00
0.146340	125.00
0.146360	125.00
0.146380	126.00
0.146400	125.00
0.146420	125.00
0.146440	125.00
0.146460	125.00
0.146480	126.00
0.146500	126.00
0.146520	125.00
0.146540	125.00
0.146560	125.00
0.146580	126.00
0.146600	126.00
0.146620	126.00
0.146640	126.00
0.146660	125.00
0.146680	125.00
0.146700	125.00
0.146720	125.00
0.146740	125.00
0.146760	125.00
0.146780	125.00
0.146800	124.00
0.146820	124.00
0.146840	125.00
0.146860	126.00
0.146880	127.00
0.146900	128.00
0.146920	127.00
0.146940	126.00
0.146960	126.00
0.146980	125.00
0.147000	125.00
0.147020	126.00
0.147040	126.00
0.147060	126.00
0.147080	127.00
0.147100	127.00
0.147120	126.00
0.147140	126.00
0.147160	126.00
0.147180	126.00
0.147200	126.00
0.147220	126.00
0.147240	126.00
0.147260	127.00
0.147280	127.00
0.147300	126.00
0.147320	126.00
0.147340	126.00
0.147360	125.00
0.147380	125.00
0.147400	125.00
0.147420	125.00
0.147440	125.00
0.147460	125.00
0.147480	125.00
0.147500	124.00
0.147520	124.00
0.147540	125.00
0.147560	125.00
0.147580	126.00
0.147600	126.00
0.147620	126.00
0.147640	125.00
0.147660	125.00
0.147680	125.00
0.147700	125.00
0.147720	125.00
0.147740	126.00
0.147760	126.00
0.147780	126.00
0.147800	126.00
0.147820	126.00
0.147840	126.00
0.147860	126.00
0.147880	126.00
0.147900	126.00
0.147920	126.00
0.147940	125.00
0.147960	125.00
0.147980	125.00
0.148000	126.00
0.148020	126.00
0.148040	126.00
0.148060	126.00
0.148080	126.00
0.148100	126.00
0.148120	125.00
0.148140	125.00
0.148160	125.00
0.148180	126.00
0.148200	126.00
0.148220	126.00
0.148240	126.00
0.148260	125.00
0.148280	125.00
0.148300	125.00
0.148320	125.00
0.148340	125.00
0.148360	125.00
0.148380	126.00
0.148400	126.00
0.148420	126.00
0.148440	126.00
0.148460	126.00
0.148480	126.00
0.148500	126.00
0.148520	126.00
0.148540	126.00
0.148560	126.00
0.148580	126.00
0.148600	126.00
0.148620	126.00
0.148640	126.00
0.148660	126.00
0.148680	125.00
0.148700	126.00
0.148720	126.00
0.148740	126.00
0.148760	126.00
0.148780	126.00
0.148800	125.00
0.148820	125.00
0.148840	126.00
0.148860	126.00
0.148880	126.00
0.148900	125.00
0.148920	125.00
0.148940	125.00
0.148960	125.00
0.148980	124.00
0.149000	124.00
0.149020	124.00
0.149040	125.00
0.149060	125.00
0.149080	126.00
0.149100	126.00
0.149120	125.00
0.149140	125.00
0.149160	125.00
0.149180	126.00
0.149200	125.00
0.149220	125.00
0.149240	125.00
0.149260	125.00
0.149280	126.00
0.149300	126.00
0.149320	126.00
0.149340	126.00
0.149360	127.00
0.149380	127.00
0.149400	126.00
0.149420	126.00
0.149440	125.00
0.149460	125.00
0.149480	126.00
0.149500	125.00
0.149520	125.00
0.149540	126.00
0.149560	126.00
0.149580	127.00
0.149600	127.00
0.149620	127.00
0.149640	126.00
0.149660	125.00
0.149680	125.00
0.149700	125.00
0.149720	125.00
0.149740	125.00
0.149760	125.00
0.149780	125.00
0.149800	124.00
0.149820	124.00
0.149840	125.00
0.149860	127.00
0.149880	128.00
0.149900	129.00
0.149920	128.00
0.149940	128.00
0.149960	126.00
0.149980	125.00
0.150000	124.00
0.150020	123.00
0.150040	122.00
0.150060	122.00
0.150080	123.00
0.150100	126.00
0.150120	129.00
0.150140	132.00
0.150160	133.00
0.150180	132.00
0.150200	129.00
0.150220	124.00
0.150240	120.00
0.150260	117.00
0.150280	117.00
0.150300	119.00
0.150320	123.00
0.150340	128.00
0.150360	133.00
0.150380	135.00
0.150400	134.00
0.150420	131.00
0.150440	127.00
0.150460	122.00
0.150480	118.00
0.150500	116.00
0.150520	117.00
0.150540	120.00
0.150560	124.00
0.150580	128.00
0.150600	131.00
0.150620	133.00
0.150640	134.00
0.150660	134.00
0.150680	132.00
0.150700	129.00
0.150720	125.00
0.150740	121.00
0.150760	118.00
0.150780	116.00
0.150800	116.00
0.150820	119.00
0.150840	123.00
0.150860	128.00
0.150880	134.00
0.150900	137.00
0.150920	138.00
0.150940	136.00
0.150960	131.00
0.150980	126.00
0.151000	120.00
0.151020	116.00
0.151040	115.00
0.151060	116.00
0.151080	120.00
0.151100	124.00
0.151120	129.00
0.151140	131.00
0.151160	132.00
0.151180	132.00
0.151200	131.00
0.151220	131.00
0.151240	129.00
0.151260	127.00
0.151280	124.00
0.151300	121.00
0.151320	118.00
0.151340	118.00
0.151360	120.00
0.151380	123.00
0.151400	126.00
0.151420	130.00
0.151440	132.00
0.151460	132.00
0.151480	130.00
0.151500	127.00
0.151520	125.00
0.151540	124.00
0.151560	124.00
0.151580	124.00
0.151600	124.00
0.151620	123.00
0.151640	122.00
0.151660	122.00
0.151680	123.00
0.151700	126.00
0.151720	129.00
0.151740	132.00
0.151760	132.00
0.151780	131.00
0.151800	128.00
0.151820	124.00
0.151840	122.00
0.151860	121.00
0.151880	123.00
0.151900	125.00
0.151920	127.00
0.151940	128.00
0.151960	127.00
0.151980	126.00
0.152000	124.00
0.152020	124.00
0.152040	125.00
0.152060	127.00
0.152080	129.00
0.152100	130.00
0.152120	129.00
0.152140	126.00
0.152160	122.00
0.152180	120.00
0.152200	119.00
0.152220	121.00
0.152240	125.00
0.152260	130.00
0.152280	132.00
0.152300	133.00
0.152320	130.00
0.152340	126.00
0.152360	122.00
0.152380	120.00
0.152400	119.00
0.152420	121.00
0.152440	123.00
0.152460	126.00
0.152480	128.00
0.152500	129.00
0.152520	129.00
0.152540	130.00
0.152560	129.00
0.152580	127.00
0.152600	125.00
0.152620	121.00
0.152640	118.00
0.152660	118.00
0.152680	119.00
0.152700	124.00
0.152720	129.00
0.152740	134.00
0.152760	136.00
0.152780	134.00
0.152800	130.00
0.152820	125.00
0.152840	119.00
0.152860	116.00
0.152880	116.00
0.152900	119.00
0.152920	124.00
0.152940	129.00
0.152960	132.00
0.152980	133.00
0.153000	132.00
0.153020	130.00
0.153040	127.00
0.153060	125.00
0.153080	124.00
0.153100	123.00
0.153120	123.00
0.153140	123.00
0.153160	124.00
0.153180	124.00
0.153200	125.00
0.153220	126.00
0.153240	127.00
0.153260	128.00
0.153280	128.00
0.153300	127.00
0.153320	125.00
0.153340	122.00
0.153360	121.00
0.153380	122.00
0.153400	125.00
0.153420	128.00
0.153440	131.00
0.153460	132.00
0.153480	131.00
0.153500	128.00
0.153520	124.00
0.153540	120.00
0.153560	118.00
0.153580	119.00
0.153600	121.00
0.153620	125.00
0.153640	129.00
0.153660	131.00
0.153680	132.00
0.153700	131.00
0.153720	128.00
0.153740	125.00
0.153760	123.00
0.153780	122.00
0.153800	122.00
0.153820	123.00
0.153840	124.00
0.153860	126.00
0.153880	128.00
0.153900	129.00
0.153920	129.00
0.153940	128.00
0.153960	127.00
0.153980	126.00
0.154000	124.00
0.154020	124.00
0.154040	124.00
0.154060	125.00
0.154080	127.00
0.154100	128.00
0.154120	129.00
0.154140	129.00
0.154160	127.00
0.154180	125.00
0.154200	123.00
0.154220	121.00
0.154240	121.00
0.154260	121.00
0.154280	124.00
0.154300	126.00
0.154320	129.00
0.154340	131.00
0.154360	131.00
0.154380	130.00
0.154400	127.00
0.154420	124.00
0.154440	122.00
0.154460	120.00
0.154480	120.00
0.154500	120.00
0.154520	122.00
0.154540	125.00
0.154560	127.00
0.154580	130.00
0.154600	131.00
0.154620	131.00
0.154640	130.00
0.154660	129.00
0.154680	126.00
0.154700	124.00
0.154720	122.00
0.154740	121.00
0.154760	121.00
0.154780	122.00
0.154800	123.00
0.154820	125.00
0.154840	127.00
0.154860	129.00
0.154880	130.00
0.154900	129.00
0.154920	128.00
0.154940	127.00
0.154960	125.00
0.154980	124.00
0.155000	123.00
0.155020	123.00
0.155040	122.00
0.155060	123.00
0.155080	124.00
0.155100	125.00
0.155120	126.00
0.155140	127.00
0.155160	127.00
0.155180	127.00
0.155200	127.00
0.155220	127.00
0.155240	126.00
0.155260	125.00
0.155280	124.00
0.155300	123.00
0.155320	123.00
0.155340	122.00
0.155360	123.00
0.155380	124.00
0.155400	126.00
0.155420	127.00
0.155440	128.00
0.155460	128.00
0.155480	128.00
0.155500	126.00
0.155520	125.00
0.155540	125.00
0.155560	124.00
0.155580	124.00
0.155600	125.00
0.155620	125.00
0.155640	125.00
0.155660	125.00
0.155680	125.00
0.155700	124.00
0.155720	124.00
0.155740	125.00
0.155760	126.00
0.155780	126.00
0.155800	127.00
0.155820	126.00
0.155840	126.00
0.155860	126.00
0.155880	126.00
0.155900	125.00
0.155920	124.00
0.155940	124.00
0.155960	124.00
0.155980	125.00
0.156000	126.00
0.156020	127.00
0.156040	128.00
0.156060	128.00
0.156080	127.00
0.156100	125.00
0.156120	124.00
0.156140	123.00
0.156160	123.00
0.156180	124.00
0.156200	124.00
0.156220	125.00
0.156240	126.00
0.156260	127.00
0.156280	127.00
0.156300	127.00
0.156320	127.00
0.156340	127.00
0.156360	127.00
0.156380	126.00
0.156400	126.00
0.156420	125.00
0.156440	125.00
0.156460	125.00
0.156480	125.00
0.156500	125.00
0.156520	125.00
0.156540	126.00
0.156560	126.00
0.156580	127.00
0.156600	127.00
0.156620	127.00
0.156640	127.00
0.156660	126.00
0.156680	126.00
0.156700	125.00
0.156720	125.00
0.156740	125.00
0.156760	125.00
0.156780	125.00
0.156800	125.00
0.156820	126.00
0.156840	126.00
0.156860	126.00
0.156880	127.00
0.156900	127.00
0.156920	126.00
0.156940	126.00
0.156960	126.00
0.156980	126.00
0.157000	125.00
0.157020	125.00
0.157040	125.00
0.157060	124.00
0.157080	124.00
0.157100	125.00
0.157120	125.00
0.157140	126.00
0.157160	126.00
0.157180	127.00
0.157200	127.00
0.157220	127.00
0.157240	127.00
0.157260	126.00
0.157280	126.00
0.157300	126.00
0.157320	126.00
0.157340	126.00
0.157360	126.00
0.157380	126.00
0.157400	125.00
0.157420	125.00
0.157440	125.00
0.157460	125.00
0.157480	125.00
0.157500	126.00
0.157520	126.00
0.157540	126.00
0.157560	125.00
0.157580	125.00
0.157600	125.00
0.157620	125.00
0.157640	125.00
0.157660	125.00
0.157680	125.00
0.157700	125.00
0.157720	126.00
0.157740	126.00
0.157760	126.00
0.157780	126.00
0.157800	126.00
0.157820	126.00
0.157840	125.00
0.157860	125.00
0.157880	125.00
0.157900	125.00
0.157920	125.00
0.157940	125.00
0.157960	125.00
0.157980	126.00
0.158000	126.00
0.158020	127.00
0.158040	126.00
0.158060	126.00
0.158080	126.00
0.158100	126.00
0.158120	126.00
0.158140	126.00
0.158160	126.00
0.158180	126.00
0.158200	125.00
0.158220	125.00
0.158240	125.00
0.158260	125.00
0.158280	125.00
0.158300	125.00
0.158320	125.00
0.158340	126.00
0.158360	126.00
0.158380	126.00
0.158400	126.00
0.158420	126.00
0.158440	126.00
0.158460	126.00
0.158480	126.00
0.158500	126.00
0.158520	126.00
0.158540	126.00
0.158560	127.00
0.158580	126.00
0.158600	126.00
0.158620	126.00
0.158640	126.00
0.158660	126.00
0.158680	126.00
0.158700	126.00
0.158720	126.00
0.158740	125.00
0.158760	125.00
0.158780	125.00
0.158800	125.00
0.158820	125.00
0.158840	125.00
0.158860	125.00
0.158880	125.00
0.158900	125.00
0.158920	125.00
0.158940	126.00
0.158960	126.00
0.158980	126.00
0.159000	125.00
0.159020	125.00
0.159040	125.00
0.159060	125.00
0.159080	125.00
0.159100	125.00
0.159120	125.00
0.159140	125.00
0.159160	125.00
0.159180	125.00
0.159200	125.00
0.159220	125.00
0.159240	126.00
0.159260	126.00
0.159280	126.00
0.159300	126.00
0.159320	126.00
0.159340	126.00
0.159360	127.00
0.159380	126.00
0.159400	126.00
0.159420	125.00
0.159440	125.00
0.159460	125.00
0.159480	126.00
0.159500	126.00
0.159520	126.00
0.159540	126.00
0.159560	125.00
0.159580	125.00
0.159600	125.00
0.159620	125.00
0.159640	125.00
0.159660	126.00
0.159680	126.00
0.159700	125.00
0.159720	125.00
0.159740	125.00
0.159760	125.00
0.159780	125.00
0.159800	125.00
0.159820	125.00
0.159840	125.00
0.159860	125.00
0.159880	125.00
0.159900	124.00
0.159920	124.00
0.159940	125.00
0.159960	126.00
0.159980	126.00
0.160000	126.00
0.160020	125.00
0.160040	125.00
0.160060	126.00
0.160080	126.00
0.160100	125.00
0.160120	125.00
0.160140	125.00
0.160160	126.00
0.160180	126.00
0.160200	126.00
0.160220	125.00
0.160240	125.00
0.160260	125.00
0.160280	126.00
0.160300	125.00
0.160320	125.00
0.160340	125.00
0.160360	126.00
0.160380	126.00
0.160400	125.00
0.160420	125.00
0.160440	125.00
0.160460	125.00
0.160480	125.00
0.160500	125.00
0.160520	125.00
0.160540	125.00
0.160560	126.00
0.160580	126.00
0.160600	125.00
0.160620	125.00
0.160640	124.00
0.160660	125.00
0.160680	125.00
0.160700	126.00
0.160720	126.00
0.160740	126.00
0.160760	125.00
0.160780	125.00
0.160800	125.00
0.160820	126.00
0.160840	126.00
0.160860	126.00
0.160880	126.00
0.160900	126.00
0.160920	126.00
0.160940	126.00
0.160960	126.00
0.160980	126.00
0.161000	125.00
0.161020	125.00
0.161040	125.00
0.161060	125.00
0.161080	126.00
0.161100	126.00
0.161120	126.00
0.161140	126.00
0.161160	126.00
0.161180	125.00
0.161200	125.00
0.161220	125.00
0.161240	125.00
0.161260	125.00
0.161280	126.00
0.161300	126.00
0.161320	126.00
0.161340	126.00
0.161360	126.00
0.161380	126.00
0.161400	126.00
0.161420	126.00
0.161440	126.00
0.161460	126.00
0.161480	127.00
0.161500	126.00
0.161520	126.00
0.161540	126.00
0.161560	126.00
0.161580	126.00
0.161600	126.00
0.161620	126.00
0.161640	126.00
0.161660	126.00
0.161680	126.00
0.161700	126.00
0.161720	125.00
0.161740	126.00
0.161760	126.00
0.161780	126.00
0.161800	126.00
0.161820	126.00
0.161840	125.00
0.161860	125.00
0.161880	125.00
0.161900	125.00
0.161920	125.00
0.161940	126.00
0.161960	126.00
0.161980	126.00
0.162000	126.00
0.162020	126.00
0.162040	125.00
0.162060	125.00
0.162080	125.00
0.162100	126.00
0.162120	126.00
0.162140	126.00
0.162160	127.00
0.162180	126.00
0.162200	126.00
0.162220	126.00
0.162240	125.00
0.162260	125.00
0.162280	125.00
0.162300	125.00
0.162320	125.00
0.162340	125.00
0.162360	125.00
0.162380	125.00
0.162400	125.00
0.162420	125.00
0.162440	125.00
0.162460	125.00
0.162480	125.00
0.162500	125.00
0.162520	125.00
0.162540	126.00
0.162560	126.00
0.162580	126.00
0.162600	125.00
0.162620	125.00
0.162640	125.00
0.162660	125.00
0.162680	125.00
0.162700	126.00
0.162720	125.00
0.162740	125.00
0.162760	125.00
0.162780	126.00
0.162800	126.00
0.162820	126.00
0.162840	125.00
0.162860	125.00
0.162880	125.00
0.162900	125.00
0.162920	125.00
0.162940	125.00
0.162960	125.00
0.162980	125.00
0.163000	125.00
0.163020	125.00
0.163040	126.00
0.163060	126.00
0.163080	126.00
0.163100	125.00
0.163120	125.00
0.163140	125.00
0.163160	126.00
0.163180	126.00
0.163200	126.00
0.163220	126.00
0.163240	126.00
0.163260	126.00
0.163280	126.00
0.163300	125.00
0.163320	125.00
0.163340	125.00
0.163360	126.00
0.163380	126.00
0.163400	126.00
0.163420	126.00
0.163440	126.00
0.163460	126.00
0.163480	126.00
0.163500	126.00
0.163520	126.00
0.163540	125.00
0.163560	125.00
0.163580	126.00
0.163600	126.00
0.163620	126.00
0.163640	126.00
0.163660	126.00
0.163680	125.00
0.163700	125.00
0.163720	125.00
0.163740	125.00
0.163760	125.00
0.163780	125.00
0.163800	125.00
0.163820	125.00
0.163840	125.00
0.163860	125.00
0.163880	125.00
0.163900	125.00
0.163920	125.00
0.163940	125.00
0.163960	125.00
0.163980	125.00
0.164000	125.00
0.164020	124.00
0.164040	124.00
0.164060	125.00
0.164080	126.00
0.164100	126.00
0.164120	126.00
0.164140	126.00
0.164160	127.00
0.164180	127.00
0.164200	126.00
0.164220	126.00
0.164240	125.00
0.164260	126.00
0.164280	126.00
0.164300	127.00
0.164320	126.00
0.164340	126.00
0.164360	125.00
0.164380	125.00
0.164400	125.00
0.164420	125.00
0.164440	125.00
0.164460	125.00
0.164480	125.00
0.164500	125.00
0.164520	125.00
0.164540	125.00
0.164560	125.00
0.164580	126.00
0.164600	126.00
0.164620	126.00
0.164640	125.00
0.164660	125.00
0.164680	125.00
0.164700	125.00
0.164720	126.00
0.164740	126.00
0.164760	126.00
0.164780	126.00
0.164800	126.00
0.164820	125.00
0.164840	125.00
0.164860	125.00
0.164880	125.00
0.164900	125.00
0.164920	125.00
0.164940	125.00
0.164960	125.00
0.164980	125.00
0.165000	125.00
0.165020	125.00
0.165040	125.00
0.165060	125.00
0.165080	125.00
0.165100	125.00
0.165120	126.00
0.165140	126.00
0.165160	126.00
0.165180	126.00
0.165200	126.00
0.165220	125.00
0.165240	125.00
0.165260	125.00
0.165280	126.00
0.165300	126.00
0.165320	126.00
0.165340	126.00
0.165360	126.00
0.165380	126.00
0.165400	126.00
0.165420	126.00
0.165440	126.00
0.165460	126.00
0.165480	125.00
0.165500	125.00
0.165520	125.00
0.165540	125.00
0.165560	126.00
0.165580	126.00
0.165600	126.00
0.165620	125.00
0.165640	125.00
0.165660	125.00
0.165680	126.00
0.165700	125.00
0.165720	125.00
0.165740	125.00
0.165760	124.00
0.165780	124.00
0.165800	124.00
0.165820	124.00
0.165840	125.00
0.165860	125.00
0.165880	126.00
0.165900	126.00
0.165920	126.00
0.165940	126.00
0.165960	126.00
0.165980	127.00
0.166000	127.00
0.166020	126.00
0.166040	125.00
0.166060	125.00
0.166080	125.00
0.166100	126.00
0.166120	126.00
0.166140	126.00
0.166160	126.00
0.166180	126.00
0.166200	126.00
0.166220	125.00
0.166240	125.00
0.166260	125.00
0.166280	125.00
0.166300	126.00
0.166320	126.00
0.166340	126.00
0.166360	126.00
0.166380	126.00
0.166400	126.00
0.166420	127.00
0.166440	126.00
0.166460	126.00
0.166480	126.00
0.166500	125.00
0.166520	125.00
0.166540	125.00
0.166560	125.00
0.166580	125.00
0.166600	126.00
0.166620	126.00
0.166640	126.00
0.166660	126.00
0.166680	125.00
0.166700	125.00
0.166720	125.00
0.166740	125.00
0.166760	125.00
0.166780	125.00
0.166800	126.00
0.166820	125.00
0.166840	125.00
0.166860	125.00
0.166880	125.00
0.166900	125.00
0.166920	125.00
0.166940	125.00
0.166960	125.00
0.166980	125.00
0.167000	125.00
0.167020	125.00
0.167040	125.00
0.167060	125.00
0.167080	125.00
0.167100	126.00
0.167120	126.00
0.167140	126.00
0.167160	126.00
0.167180	126.00
0.167200	126.00
0.167220	126.00
0.167240	126.00
0.167260	126.00
0.167280	126.00
0.167300	126.00
0.167320	125.00
0.167340	125.00
0.167360	125.00
0.167380	125.00
0.167400	125.00
0.167420	125.00
0.167440	126.00
0.167460	125.00
0.167480	125.00
0.167500	125.00
0.167520	126.00
0.167540	126.00
0.167560	127.00
0.167580	127.00
0.167600	126.00
0.167620	126.00
0.167640	125.00
0.167660	125.00
0.167680	126.00
0.167700	126.00
0.167720	126.00
0.167740	125.00
0.167760	125.00
0.167780	125.00
0.167800	125.00
0.167820	125.00
0.167840	126.00
0.167860	126.00
0.167880	126.00
0.167900	126.00
0.167920	125.00
0.167940	125.00
0.167960	125.00
0.167980	125.00
0.168000	125.00
0.168020	126.00
0.168040	125.00
0.168060	125.00
0.168080	125.00
0.168100	125.00
0.168120	125.00
0.168140	125.00
0.168160	125.00
0.168180	125.00
0.168200	125.00
0.168220	125.00
0.168240	126.00
0.168260	125.00
0.168280	125.00
0.168300	125.00
0.168320	125.00
0.168340	126.00
0.168360	126.00
0.168380	126.00
0.168400	125.00
0.168420	125.00
0.168440	125.00
0.168460	125.00
0.168480	125.00
0.168500	125.00
0.168520	126.00
0.168540	126.00
0.168560	126.00
0.168580	126.00
0.168600	126.00
0.168620	126.00
0.168640	126.00
0.168660	126.00
0.168680	126.00
0.168700	125.00
0.168720	125.00
0.168740	125.00
0.168760	126.00
0.168780	125.00
0.168800	125.00
0.168820	125.00
0.168840	124.00
0.168860	125.00
0.168880	125.00
0.168900	125.00
0.168920	126.00
0.168940	125.00
0.168960	125.00
0.168980	125.00
0.169000	126.00
0.169020	126.00
0.169040	126.00
0.169060	126.00
0.169080	125.00
0.169100	125.00
0.169120	125.00
0.169140	125.00
0.169160	125.00
0.169180	125.00
0.169200	126.00
0.169220	126.00
0.169240	126.00
0.169260	126.00
0.169280	126.00
0.169300	125.00
0.169320	126.00
0.169340	126.00
0.169360	126.00
0.169380	126.00
0.169400	125.00
0.169420	125.00
0.169440	125.00
0.169460	126.00
0.169480	125.00
0.169500	125.00
0.169520	125.00
0.169540	126.00
0.169560	126.00
0.169580	126.00
0.169600	126.00
0.169620	126.00
0.169640	126.00
0.169660	126.00
0.169680	126.00
0.169700	125.00
0.169720	125.00
0.169740	125.00
0.169760	126.00
0.169780	126.00
0.169800	125.00
0.169820	125.00
0.169840	125.00
0.169860	125.00
0.169880	125.00
0.169900	125.00
0.169920	125.00
0.169940	125.00
0.169960	125.00
0.169980	126.00
0.170000	125.00
0.170020	125.00
0.170040	125.00
0.170060	126.00
0.170080	125.00
0.170100	125.00
0.170120	125.00
0.170140	125.00
0.170160	125.00
0.170180	126.00
0.170200	126.00
0.170220	125.00
0.170240	125.00
0.170260	125.00
0.170280	126.00
0.170300	126.00
0.170320	126.00
0.170340	126.00
0.170360	125.00
0.170380	125.00
0.170400	125.00
0.170420	125.00
0.170440	125.00
0.170460	125.00
0.170480	126.00
0.170500	126.00
0.170520	125.00
0.170540	125.00
0.170560	125.00
0.170580	125.00
0.170600	125.00
0.170620	125.00
0.170640	125.00
0.170660	125.00
0.170680	125.00
0.170700	125.00
0.170720	125.00
0.170740	125.00
0.170760	125.00
0.170780	126.00
0.170800	126.00
0.170820	126.00
0.170840	126.00
0.170860	126.00
0.170880	125.00
0.170900	125.00
0.170920	125.00
0.170940	125.00
0.170960	125.00
0.170980	125.00
0.171000	125.00
0.171020	125.00
0.171040	125.00
0.171060	125.00
0.171080	125.00
0.171100	125.00
0.171120	126.00
0.171140	126.00
0.171160	127.00
0.171180	127.00
0.171200	126.00
0.171220	126.00
0.171240	126.00
0.171260	126.00
0.171280	125.00
0.171300	125.00
0.171320	125.00
0.171340	126.00
0.171360	126.00
0.171380	126.00
0.171400	126.00
0.171420	125.00
0.171440	125.00
0.171460	126.00
0.171480	126.00
0.171500	126.00
0.171520	126.00
0.171540	125.00
0.171560	125.00
0.171580	124.00
0.171600	124.00
0.171620	124.00
0.171640	125.00
0.171660	125.00
0.171680	125.00
0.171700	126.00
0.171720	126.00
0.171740	126.00
0.171760	126.00
0.171780	126.00
0.171800	125.00
0.171820	125.00
0.171840	125.00
0.171860	126.00
0.171880	126.00
0.171900	126.00
0.171920	126.00
0.171940	126.00
0.171960	126.00
0.171980	126.00
0.172000	126.00
0.172020	125.00
0.172040	125.00
0.172060	125.00
0.172080	125.00
0.172100	125.00
0.172120	125.00
0.172140	125.00
0.172160	125.00
0.172180	125.00
0.172200	125.00
0.172220	125.00
0.172240	126.00
0.172260	126.00
0.172280	126.00
0.172300	126.00
0.172320	125.00
0.172340	125.00
0.172360	125.00
0.172380	125.00
0.172400	125.00
0.172420	125.00
0.172440	125.00
0.172460	126.00
0.172480	126.00
0.172500	126.00
0.172520	126.00
0.172540	126.00
0.172560	127.00
0.172580	127.00
0.172600	127.00
0.172620	126.00
0.172640	126.00
0.172660	125.00
0.172680	125.00
0.172700	124.00
0.172720	124.00
0.172740	125.00
0.172760	125.00
0.172780	125.00
0.172800	125.00
0.172820	125.00
0.172840	126.00
0.172860	126.00
0.172880	126.00
0.172900	125.00
0.172920	125.00
0.172940	125.00
0.172960	125.00
0.172980	125.00
0.173000	125.00
0.173020	125.00
0.173040	125.00
0.173060	125.00
0.173080	125.00
0.173100	126.00
0.173120	126.00
0.173140	126.00
0.173160	126.00
0.173180	126.00
0.173200	125.00
0.173220	125.00
0.173240	125.00
0.173260	126.00
0.173280	126.00
0.173300	125.00
0.173320	125.00
0.173340	125.00
0.173360	125.00
0.173380	126.00
0.173400	126.00
0.173420	126.00
0.173440	126.00
0.173460	127.00
0.173480	127.00
0.173500	126.00
0.173520	125.00
0.173540	125.00
0.173560	124.00
0.173580	125.00
0.173600	125.00
0.173620	126.00
0.173640	126.00
0.173660	126.00
0.173680	126.00
0.173700	126.00
0.173720	126.00
0.173740	125.00
0.173760	125.00
0.173780	125.00
0.173800	125.00
0.173820	126.00
0.173840	126.00
0.173860	125.00
0.173880	125.00
0.173900	125.00
0.173920	125.00
0.173940	125.00
0.173960	125.00
0.173980	125.00
0.174000	125.00
0.174020	125.00
0.174040	126.00
0.174060	126.00
0.174080	126.00
0.174100	126.00
0.174120	126.00
0.174140	126.00
0.174160	125.00
0.174180	125.00
0.174200	125.00
0.174220	125.00
0.174240	125.00
0.174260	125.00
0.174280	125.00
0.174300	125.00
0.174320	125.00
0.174340	125.00
0.174360	124.00
0.174380	124.00
0.174400	124.00
0.174420	125.00
0.174440	126.00
0.174460	126.00
0.174480	126.00
0.174500	125.00
0.174520	125.00
0.174540	125.00
0.174560	125.00
0.174580	125.00
0.174600	125.00
0.174620	125.00
0.174640	125.00
0.174660	125.00
0.174680	126.00
0.174700	125.00
0.174720	125.00
0.174740	125.00
0.174760	125.00
0.174780	125.00
0.174800	126.00
0.174820	125.00
0.174840	125.00
0.174860	125.00
0.174880	126.00
0.174900	126.00
0.174920	126.00
0.174940	126.00
0.174960	126.00
0.174980	126.00
0.175000	126.00
0.175020	126.00
0.175040	126.00
0.175060	126.00
0.175080	126.00
0.175100	125.00
0.175120	125.00
0.175140	125.00
0.175160	125.00
0.175180	126.00
0.175200	126.00
0.175220	125.00
0.175240	125.00
0.175260	125.00
0.175280	126.00
