0.135300	101.00
0.135320	50.00
0.135340	103.00
0.135360	142.00
0.135380	145.00
0.135400	125.00
0.135420	112.00
0.135440	118.00
0.135460	131.00
0.135480	134.00
0.135500	125.00
0.135520	118.00
0.135540	121.00
0.135560	129.00
0.135580	131.00
0.135600	125.00
0.135620	121.00
0.135640	123.00
0.135660	128.00
0.135680	129.00
0.135700	125.00
0.135720	122.00
0.135740	123.00
0.135760	128.00
0.135780	129.00
0.135800	126.00
0.135820	123.00
0.135840	124.00
0.135860	128.00
0.135880	129.00
0.135900	126.00
0.135920	123.00
0.135940	124.00
0.135960	127.00
0.135980	128.00
0.136000	125.00
0.136020	123.00
0.136040	124.00
0.136060	127.00
0.136080	128.00
0.136100	126.00
0.136120	124.00
0.136140	125.00
0.136160	127.00
0.136180	127.00
0.136200	125.00
0.136220	124.00
0.136240	124.00
0.136260	126.00
0.136280	127.00
0.136300	125.00
0.136320	123.00
0.136340	124.00
0.136360	127.00
0.136380	128.00
0.136400	126.00
0.136420	124.00
0.136440	124.00
0.136460	125.00
0.136480	126.00
0.136500	125.00
0.136520	124.00
0.136540	125.00
0.136560	126.00
0.136580	127.00
0.136600	125.00
0.136620	124.00
0.136640	125.00
0.136660	126.00
0.136680	127.00
0.136700	126.00
0.136720	125.00
0.136740	125.00
0.136760	126.00
0.136780	126.00
0.136800	125.00
0.136820	124.00
0.136840	125.00
0.136860	126.00
0.136880	127.00
0.136900	126.00
0.136920	125.00
0.136940	125.00
0.136960	126.00
0.136980	127.00
0.137000	126.00
0.137020	125.00
0.137040	126.00
0.137060	127.00
0.137080	127.00
0.137100	126.00
0.137120	125.00
0.137140	125.00
0.137160	126.00
0.137180	126.00
0.137200	125.00
0.137220	125.00
0.137240	126.00
0.137260	127.00
0.137280	127.00
0.137300	126.00
0.137320	125.00
0.137340	126.00
0.137360	127.00
0.137380	127.00
0.137400	126.00
0.137420	125.00
0.137440	125.00
0.137460	126.00
0.137480	126.00
0.137500	125.00
0.137520	124.00
0.137540	124.00
0.137560	125.00
0.137580	126.00
0.137600	126.00
0.137620	125.00
0.137640	125.00
0.137660	126.00
0.137680	126.00
0.137700	126.00
0.137720	126.00
0.137740	126.00
0.137760	127.00
0.137780	127.00
0.137800	127.00
0.137820	127.00
0.137840	127.00
0.137860	128.00
0.137880	128.00
0.137900	126.00
0.137920	125.00
0.137940	125.00
0.137960	126.00
0.137980	126.00
0.138000	126.00
0.138020	125.00
0.138040	125.00
0.138060	126.00
0.138080	126.00
0.138100	126.00
0.138120	125.00
0.138140	126.00
0.138160	126.00
0.138180	126.00
0.138200	126.00
0.138220	125.00
0.138240	126.00
0.138260	127.00
0.138280	127.00
0.138300	127.00
0.138320	126.00
0.138340	126.00
0.138360	126.00
0.138380	126.00
0.138400	126.00
0.138420	125.00
0.138440	125.00
0.138460	126.00
0.138480	126.00
0.138500	126.00
0.138520	125.00
0.138540	125.00
0.138560	126.00
0.138580	126.00
0.138600	125.00
0.138620	125.00
0.138640	125.00
0.138660	126.00
0.138680	126.00
0.138700	126.00
0.138720	125.00
0.138740	125.00
0.138760	126.00
0.138780	126.00
0.138800	125.00
0.138820	125.00
0.138840	125.00
0.138860	126.00
0.138880	126.00
0.138900	126.00
0.138920	126.00
0.138940	126.00
0.138960	126.00
0.138980	127.00
0.139000	126.00
0.139020	126.00
0.139040	127.00
0.139060	127.00
0.139080	127.00
0.139100	126.00
0.139120	125.00
0.139140	125.00
0.139160	125.00
0.139180	126.00
0.139200	125.00
0.139220	125.00
0.139240	125.00
0.139260	125.00
0.139280	126.00
0.139300	126.00
0.139320	126.00
0.139340	126.00
0.139360	126.00
0.139380	126.00
0.139400	126.00
0.139420	125.00
0.139440	126.00
0.139460	126.00
0.139480	126.00
0.139500	126.00
0.139520	125.00
0.139540	125.00
0.139560	126.00
0.139580	126.00
0.139600	126.00
0.139620	125.00
0.139640	126.00
0.139660	126.00
0.139680	126.00
0.139700	125.00
0.139720	125.00
0.139740	126.00
0.139760	126.00
0.139780	127.00
0.139800	126.00
0.139820	125.00
0.139840	125.00
0.139860	126.00
0.139880	126.00
0.139900	127.00
0.139920	126.00
0.139940	126.00
0.139960	126.00
0.139980	126.00
0.140000	125.00
0.140020	125.00
0.140040	126.00
0.140060	126.00
0.140080	127.00
0.140100	126.00
0.140120	126.00
0.140140	127.00
0.140160	127.00
0.140180	127.00
0.140200	126.00
0.140220	125.00
0.140240	125.00
0.140260	126.00
0.140280	127.00
0.140300	127.00
0.140320	126.00
0.140340	125.00
0.140360	125.00
0.140380	126.00
0.140400	126.00
0.140420	126.00
0.140440	126.00
0.140460	126.00
0.140480	126.00
0.140500	125.00
0.140520	125.00
0.140540	126.00
0.140560	126.00
0.140580	126.00
0.140600	125.00
0.140620	125.00
0.140640	126.00
0.140660	127.00
0.140680	127.00
0.140700	126.00
0.140720	125.00
0.140740	126.00
0.140760	126.00
0.140780	126.00
0.140800	126.00
0.140820	125.00
0.140840	125.00
0.140860	126.00
0.140880	126.00
0.140900	126.00
0.140920	126.00
0.140940	126.00
0.140960	126.00
0.140980	126.00
0.141000	125.00
0.141020	125.00
0.141040	125.00
0.141060	125.00
0.141080	125.00
0.141100	125.00
0.141120	125.00
0.141140	125.00
0.141160	126.00
0.141180	126.00
0.141200	125.00
0.141220	125.00
0.141240	125.00
0.141260	126.00
0.141280	126.00
0.141300	126.00
0.141320	126.00
0.141340	125.00
0.141360	126.00
0.141380	127.00
0.141400	127.00
0.141420	126.00
0.141440	125.00
0.141460	125.00
0.141480	126.00
0.141500	126.00
0.141520	126.00
0.141540	126.00
0.141560	126.00
0.141580	126.00
0.141600	126.00
0.141620	126.00
0.141640	126.00
0.141660	127.00
0.141680	127.00
0.141700	126.00
0.141720	126.00
0.141740	125.00
0.141760	125.00
0.141780	126.00
0.141800	125.00
0.141820	125.00
0.141840	125.00
0.141860	125.00
0.141880	126.00
0.141900	126.00
0.141920	126.00
0.141940	126.00
0.141960	126.00
0.141980	126.00
0.142000	126.00
0.142020	125.00
0.142040	125.00
0.142060	126.00
0.142080	126.00
0.142100	126.00
0.142120	125.00
0.142140	125.00
0.142160	125.00
0.142180	125.00
0.142200	125.00
0.142220	126.00
0.142240	126.00
0.142260	126.00
0.142280	126.00
0.142300	126.00
0.142320	125.00
0.142340	125.00
0.142360	126.00
0.142380	126.00
0.142400	126.00
0.142420	126.00
0.142440	126.00
0.142460	126.00
0.142480	126.00
0.142500	126.00
0.142520	125.00
0.142540	125.00
0.142560	125.00
0.142580	126.00
0.142600	126.00
0.142620	125.00
0.142640	125.00
0.142660	125.00
0.142680	125.00
0.142700	125.00
0.142720	125.00
0.142740	125.00
0.142760	126.00
0.142780	126.00
0.142800	126.00
0.142820	125.00
0.142840	125.00
0.142860	125.00
0.142880	126.00
0.142900	126.00
0.142920	126.00
0.142940	126.00
0.142960	126.00
0.142980	126.00
0.143000	125.00
0.143020	125.00
0.143040	125.00
0.143060	125.00
0.143080	125.00
0.143100	125.00
0.143120	125.00
0.143140	125.00
0.143160	125.00
0.143180	126.00
0.143200	126.00
0.143220	126.00
0.143240	126.00
0.143260	126.00
0.143280	126.00
0.143300	125.00
0.143320	125.00
0.143340	125.00
0.143360	126.00
0.143380	126.00
0.143400	125.00
0.143420	125.00
0.143440	125.00
0.143460	126.00
0.143480	126.00
0.143500	126.00
0.143520	126.00
0.143540	126.00
0.143560	126.00
0.143580	126.00
0.143600	126.00
0.143620	127.00
0.143640	126.00
0.143660	126.00
0.143680	126.00
0.143700	125.00
0.143720	125.00
0.143740	125.00
0.143760	125.00
0.143780	125.00
0.143800	126.00
0.143820	126.00
0.143840	126.00
0.143860	126.00
0.143880	126.00
0.143900	125.00
0.143920	125.00
0.143940	125.00
0.143960	125.00
0.143980	126.00
0.144000	126.00
0.144020	125.00
0.144040	125.00
0.144060	125.00
0.144080	126.00
0.144100	126.00
0.144120	126.00
0.144140	126.00
0.144160	126.00
0.144180	126.00
0.144200	126.00
0.144220	126.00
0.144240	126.00
0.144260	126.00
0.144280	126.00
0.144300	126.00
0.144320	126.00
0.144340	126.00
0.144360	126.00
0.144380	126.00
0.144400	126.00
0.144420	126.00
0.144440	126.00
0.144460	126.00
0.144480	126.00
0.144500	126.00
0.144520	126.00
0.144540	126.00
0.144560	126.00
0.144580	126.00
0.144600	125.00
0.144620	125.00
0.144640	126.00
0.144660	126.00
0.144680	126.00
0.144700	125.00
0.144720	125.00
0.144740	125.00
0.144760	126.00
0.144780	126.00
0.144800	126.00
0.144820	125.00
0.144840	125.00
0.144860	125.00
0.144880	126.00
0.144900	125.00
0.144920	125.00
0.144940	125.00
0.144960	125.00
0.144980	126.00
0.145000	125.00
0.145020	126.00
0.145040	126.00
0.145060	126.00
0.145080	127.00
0.145100	127.00
0.145120	126.00
0.145140	126.00
0.145160	126.00
0.145180	126.00
0.145200	125.00
0.145220	125.00
0.145240	125.00
0.145260	125.00
0.145280	125.00
0.145300	125.00
0.145320	126.00
0.145340	126.00
0.145360	126.00
0.145380	126.00
0.145400	126.00
0.145420	125.00
0.145440	125.00
0.145460	126.00
0.145480	126.00
0.145500	125.00
0.145520	125.00
0.145540	125.00
0.145560	126.00
0.145580	126.00
0.145600	125.00
0.145620	125.00
0.145640	125.00
0.145660	126.00
0.145680	126.00
0.145700	126.00
0.145720	125.00
0.145740	125.00
0.145760	126.00
0.145780	126.00
0.145800	125.00
0.145820	125.00
0.145840	125.00
0.145860	126.00
0.145880	126.00
0.145900	126.00
0.145920	126.00
0.145940	126.00
0.145960	126.00
0.145980	126.00
0.146000	126.00
0.146020	126.00
0.146040	126.00
0.146060	126.00
0.146080	126.00
0.146100	126.00
0.146120	126.00
0.146140	126.00
0.146160	126.00
0.146180	126.00
0.146200	126.00
0.146220	125.00
0.146240	125.00
0.146260	125.00
0.146280	126.00
0.146300	126.00
0.146320	125.00
0.146340	125.00
0.146360	125.00
0.146380	125.00
0.146400	125.00
0.146420	126.00
0.146440	126.00
0.146460	126.00
0.146480	127.00
0.146500	127.00
0.146520	126.00
0.146540	126.00
0.146560	126.00
0.146580	126.00
0.146600	126.00
0.146620	125.00
0.146640	125.00
0.146660	126.00
0.146680	126.00
0.146700	126.00
0.146720	125.00
0.146740	125.00
0.146760	125.00
0.146780	125.00
0.146800	125.00
0.146820	125.00
0.146840	125.00
0.146860	125.00
0.146880	126.00
0.146900	126.00
0.146920	125.00
0.146940	125.00
0.146960	125.00
0.146980	126.00
0.147000	126.00
0.147020	126.00
0.147040	126.00
0.147060	126.00
0.147080	125.00
0.147100	125.00
0.147120	125.00
0.147140	125.00
0.147160	126.00
0.147180	126.00
0.147200	126.00
0.147220	125.00
0.147240	125.00
0.147260	125.00
0.147280	126.00
0.147300	126.00
0.147320	126.00
0.147340	126.00
0.147360	127.00
0.147380	127.00
0.147400	126.00
0.147420	126.00
0.147440	126.00
0.147460	127.00
0.147480	126.00
0.147500	126.00
0.147520	125.00
0.147540	125.00
0.147560	126.00
0.147580	126.00
0.147600	126.00
0.147620	126.00
0.147640	125.00
0.147660	125.00
0.147680	125.00
0.147700	125.00
0.147720	126.00
0.147740	126.00
0.147760	126.00
0.147780	126.00
0.147800	126.00
0.147820	125.00
0.147840	125.00
0.147860	125.00
0.147880	126.00
0.147900	126.00
0.147920	125.00
0.147940	125.00
0.147960	125.00
0.147980	125.00
0.148000	126.00
0.148020	126.00
0.148040	126.00
0.148060	126.00
0.148080	126.00
0.148100	125.00
0.148120	125.00
0.148140	125.00
0.148160	125.00
0.148180	126.00
0.148200	125.00
0.148220	125.00
0.148240	126.00
0.148260	126.00
0.148280	127.00
0.148300	127.00
0.148320	127.00
0.148340	127.00
0.148360	126.00
0.148380	126.00
0.148400	125.00
0.148420	125.00
0.148440	125.00
0.148460	125.00
0.148480	125.00
0.148500	125.00
0.148520	125.00
0.148540	125.00
0.148560	125.00
0.148580	126.00
0.148600	126.00
0.148620	126.00
0.148640	126.00
0.148660	125.00
0.148680	125.00
0.148700	125.00
0.148720	126.00
0.148740	126.00
0.148760	126.00
0.148780	126.00
0.148800	126.00
0.148820	126.00
0.148840	126.00
0.148860	127.00
0.148880	127.00
0.148900	126.00
0.148920	126.00
0.148940	125.00
0.148960	126.00
0.148980	125.00
0.149000	125.00
0.149020	125.00
0.149040	125.00
0.149060	125.00
0.149080	126.00
0.149100	125.00
0.149120	125.00
0.149140	125.00
0.149160	126.00
0.149180	126.00
0.149200	127.00
0.149220	126.00
0.149240	126.00
0.149260	126.00
0.149280	126.00
0.149300	125.00
0.149320	125.00
0.149340	125.00
0.149360	126.00
0.149380	127.00
0.149400	127.00
0.149420	127.00
0.149440	126.00
0.149460	126.00
0.149480	126.00
0.149500	126.00
0.149520	126.00
0.149540	125.00
0.149560	125.00
0.149580	125.00
0.149600	125.00
0.149620	125.00
0.149640	125.00
0.149660	126.00
0.149680	126.00
0.149700	126.00
0.149720	126.00
0.149740	125.00
0.149760	125.00
0.149780	125.00
0.149800	125.00
0.149820	125.00
0.149840	125.00
0.149860	125.00
0.149880	126.00
0.149900	127.00
0.149920	127.00
0.149940	127.00
0.149960	126.00
0.149980	126.00
0.150000	126.00
0.150020	125.00
0.150040	125.00
0.150060	125.00
0.150080	125.00
0.150100	125.00
0.150120	126.00
0.150140	127.00
0.150160	127.00
0.150180	126.00
0.150200	125.00
0.150220	125.00
0.150240	124.00
0.150260	124.00
0.150280	125.00
0.150300	126.00
0.150320	126.00
0.150340	126.00
0.150360	126.00
0.150380	126.00
0.150400	126.00
0.150420	126.00
0.150440	125.00
0.150460	125.00
0.150480	125.00
0.150500	125.00
0.150520	125.00
0.150540	125.00
0.150560	125.00
0.150580	126.00
0.150600	127.00
0.150620	127.00
0.150640	127.00
0.150660	126.00
0.150680	125.00
0.150700	124.00
0.150720	124.00
0.150740	124.00
0.150760	125.00
0.150780	125.00
0.150800	126.00
0.150820	127.00
0.150840	127.00
0.150860	127.00
0.150880	127.00
0.150900	126.00
0.150920	126.00
0.150940	125.00
0.150960	124.00
0.150980	123.00
0.151000	123.00
0.151020	124.00
0.151040	125.00
0.151060	126.00
0.151080	128.00
0.151100	128.00
0.151120	129.00
0.151140	128.00
0.151160	127.00
0.151180	126.00
0.151200	124.00
0.151220	123.00
0.151240	123.00
0.151260	124.00
0.151280	125.00
0.151300	126.00
0.151320	127.00
0.151340	128.00
0.151360	129.00
0.151380	128.00
0.151400	127.00
0.151420	126.00
0.151440	124.00
0.151460	123.00
0.151480	123.00
0.151500	123.00
0.151520	124.00
0.151540	126.00
0.151560	126.00
0.151580	126.00
0.151600	126.00
0.151620	125.00
0.151640	125.00
0.151660	125.00
0.151680	125.00
0.151700	124.00
0.151720	124.00
0.151740	125.00
0.151760	125.00
0.151780	126.00
0.151800	126.00
0.151820	126.00
0.151840	127.00
0.151860	127.00
0.151880	127.00
0.151900	126.00
0.151920	125.00
0.151940	125.00
0.151960	125.00
0.151980	126.00
0.152000	126.00
0.152020	126.00
0.152040	126.00
0.152060	126.00
0.152080	126.00
0.152100	125.00
0.152120	125.00
0.152140	125.00
0.152160	125.00
0.152180	126.00
0.152200	126.00
0.152220	126.00
0.152240	126.00
0.152260	127.00
0.152280	127.00
0.152300	126.00
0.152320	126.00
0.152340	125.00
0.152360	125.00
0.152380	125.00
0.152400	125.00
0.152420	125.00
0.152440	126.00
0.152460	125.00
0.152480	125.00
0.152500	125.00
0.152520	126.00
0.152540	126.00
0.152560	126.00
0.152580	127.00
0.152600	127.00
0.152620	126.00
0.152640	125.00
0.152660	125.00
0.152680	125.00
0.152700	125.00
0.152720	125.00
0.152740	126.00
0.152760	125.00
0.152780	125.00
0.152800	125.00
0.152820	125.00
0.152840	125.00
0.152860	126.00
0.152880	126.00
0.152900	126.00
0.152920	125.00
0.152940	125.00
0.152960	125.00
0.152980	126.00
0.153000	126.00
0.153020	126.00
0.153040	126.00
0.153060	127.00
0.153080	127.00
0.153100	128.00
0.153120	127.00
0.153140	126.00
0.153160	125.00
0.153180	125.00
0.153200	124.00
0.153220	124.00
0.153240	125.00
0.153260	126.00
0.153280	127.00
0.153300	127.00
0.153320	127.00
0.153340	126.00
0.153360	126.00
0.153380	125.00
0.153400	125.00
0.153420	125.00
0.153440	126.00
0.153460	126.00
0.153480	125.00
0.153500	125.00
0.153520	125.00
0.153540	126.00
0.153560	126.00
0.153580	126.00
0.153600	126.00
0.153620	126.00
0.153640	125.00
0.153660	125.00
0.153680	125.00
0.153700	124.00
0.153720	125.00
0.153740	125.00
0.153760	125.00
0.153780	125.00
0.153800	125.00
0.153820	125.00
0.153840	125.00
0.153860	126.00
0.153880	126.00
0.153900	126.00
0.153920	126.00
0.153940	126.00
0.153960	126.00
0.153980	125.00
0.154000	125.00
0.154020	124.00
0.154040	124.00
0.154060	125.00
0.154080	125.00
0.154100	126.00
0.154120	126.00
0.154140	127.00
0.154160	128.00
0.154180	127.00
0.154200	127.00
0.154220	126.00
0.154240	126.00
0.154260	126.00
0.154280	126.00
0.154300	126.00
0.154320	125.00
0.154340	125.00
0.154360	125.00
0.154380	125.00
0.154400	125.00
0.154420	125.00
0.154440	125.00
0.154460	126.00
0.154480	126.00
0.154500	126.00
0.154520	125.00
0.154540	125.00
0.154560	124.00
0.154580	124.00
0.154600	125.00
0.154620	125.00
0.154640	126.00
0.154660	126.00
0.154680	126.00
0.154700	125.00
0.154720	125.00
0.154740	125.00
0.154760	125.00
0.154780	125.00
0.154800	125.00
0.154820	125.00
0.154840	125.00
0.154860	125.00
0.154880	125.00
0.154900	125.00
0.154920	125.00
0.154940	125.00
0.154960	126.00
0.154980	126.00
0.155000	127.00
0.155020	126.00
0.155040	126.00
0.155060	126.00
0.155080	125.00
0.155100	126.00
0.155120	126.00
0.155140	126.00
0.155160	126.00
0.155180	126.00
0.155200	126.00
0.155220	126.00
0.155240	126.00
0.155260	126.00
0.155280	126.00
0.155300	126.00
0.155320	126.00
0.155340	125.00
0.155360	125.00
0.155380	125.00
0.155400	125.00
0.155420	125.00
0.155440	125.00
0.155460	125.00
0.155480	125.00
0.155500	126.00
0.155520	126.00
0.155540	126.00
0.155560	126.00
0.155580	126.00
0.155600	125.00
0.155620	125.00
0.155640	125.00
0.155660	126.00
0.155680	126.00
0.155700	125.00
0.155720	125.00
0.155740	125.00
0.155760	126.00
0.155780	126.00
0.155800	125.00
0.155820	125.00
0.155840	125.00
0.155860	125.00
0.155880	126.00
0.155900	126.00
0.155920	126.00
0.155940	126.00
0.155960	126.00
0.155980	126.00
0.156000	125.00
0.156020	125.00
0.156040	125.00
0.156060	126.00
0.156080	126.00
0.156100	126.00
0.156120	126.00
0.156140	126.00
0.156160	126.00
0.156180	126.00
0.156200	126.00
0.156220	127.00
0.156240	127.00
0.156260	126.00
0.156280	126.00
0.156300	126.00
0.156320	126.00
0.156340	126.00
0.156360	126.00
0.156380	126.00
0.156400	126.00
0.156420	125.00
0.156440	125.00
0.156460	125.00
0.156480	125.00
0.156500	125.00
0.156520	126.00
0.156540	126.00
0.156560	127.00
0.156580	127.00
0.156600	126.00
0.156620	126.00
0.156640	125.00
0.156660	125.00
0.156680	125.00
0.156700	125.00
0.156720	125.00
0.156740	125.00
0.156760	125.00
0.156780	125.00
0.156800	125.00
0.156820	125.00
0.156840	126.00
0.156860	126.00
0.156880	126.00
0.156900	126.00
0.156920	126.00
0.156940	126.00
0.156960	126.00
0.156980	126.00
0.157000	126.00
0.157020	126.00
0.157040	126.00
0.157060	126.00
0.157080	126.00
0.157100	126.00
0.157120	126.00
0.157140	126.00
0.157160	126.00
0.157180	125.00
0.157200	125.00
0.157220	125.00
0.157240	125.00
0.157260	125.00
0.157280	125.00
0.157300	125.00
0.157320	125.00
0.157340	125.00
0.157360	125.00
0.157380	125.00
0.157400	125.00
0.157420	125.00
0.157440	126.00
0.157460	126.00
0.157480	127.00
0.157500	127.00
0.157520	127.00
0.157540	126.00
0.157560	126.00
0.157580	126.00
0.157600	127.00
0.157620	126.00
0.157640	126.00
0.157660	126.00
0.157680	126.00
0.157700	126.00
0.157720	126.00
0.157740	126.00
0.157760	125.00
0.157780	125.00
0.157800	125.00
0.157820	125.00
0.157840	125.00
0.157860	125.00
0.157880	125.00
0.157900	126.00
0.157920	126.00
0.157940	126.00
0.157960	126.00
0.157980	126.00
0.158000	126.00
0.158020	125.00
0.158040	125.00
0.158060	125.00
0.158080	125.00
0.158100	126.00
0.158120	126.00
0.158140	126.00
0.158160	126.00
0.158180	127.00
0.158200	127.00
0.158220	126.00
0.158240	126.00
0.158260	126.00
0.158280	125.00
0.158300	126.00
0.158320	126.00
0.158340	126.00
0.158360	125.00
0.158380	125.00
0.158400	125.00
0.158420	125.00
0.158440	125.00
0.158460	125.00
0.158480	125.00
0.158500	125.00
0.158520	125.00
0.158540	126.00
0.158560	126.00
0.158580	125.00
0.158600	125.00
0.158620	125.00
0.158640	125.00
0.158660	125.00
0.158680	125.00
0.158700	125.00
0.158720	125.00
0.158740	125.00
0.158760	125.00
0.158780	124.00
0.158800	125.00
0.158820	125.00
0.158840	126.00
0.158860	126.00
0.158880	125.00
0.158900	125.00
0.158920	126.00
0.158940	126.00
0.158960	127.00
0.158980	126.00
0.159000	126.00
0.159020	125.00
0.159040	125.00
0.159060	126.00
0.159080	126.00
0.159100	125.00
0.159120	125.00
0.159140	125.00
0.159160	126.00
0.159180	126.00
0.159200	126.00
0.159220	126.00
0.159240	126.00
0.159260	126.00
0.159280	126.00
0.159300	125.00
0.159320	125.00
0.159340	125.00
0.159360	126.00
0.159380	126.00
0.159400	125.00
0.159420	125.00
0.159440	126.00
0.159460	126.00
0.159480	126.00
0.159500	126.00
0.159520	125.00
0.159540	125.00
0.159560	126.00
0.159580	126.00
0.159600	126.00
0.159620	126.00
0.159640	126.00
0.159660	126.00
0.159680	126.00
0.159700	126.00
0.159720	125.00
0.159740	125.00
0.159760	125.00
0.159780	125.00
0.159800	126.00
0.159820	125.00
0.159840	125.00
0.159860	125.00
0.159880	125.00
0.159900	125.00
0.159920	125.00
0.159940	125.00
0.159960	126.00
0.159980	126.00
0.160000	125.00
0.160020	125.00
0.160040	126.00
0.160060	126.00
0.160080	126.00
0.160100	126.00
0.160120	125.00
0.160140	125.00
0.160160	125.00
0.160180	126.00
0.160200	126.00
0.160220	126.00
0.160240	126.00
0.160260	126.00
0.160280	125.00
0.160300	125.00
0.160320	126.00
0.160340	126.00
0.160360	126.00
0.160380	126.00
0.160400	126.00
0.160420	125.00
0.160440	125.00
0.160460	125.00
0.160480	126.00
0.160500	126.00
0.160520	126.00
0.160540	125.00
0.160560	125.00
0.160580	125.00
0.160600	125.00
0.160620	126.00
0.160640	126.00
0.160660	126.00
0.160680	126.00
0.160700	126.00
0.160720	126.00
0.160740	126.00
0.160760	126.00
0.160780	126.00
0.160800	126.00
0.160820	125.00
0.160840	125.00
0.160860	126.00
0.160880	126.00
0.160900	126.00
0.160920	125.00
0.160940	125.00
0.160960	125.00
0.160980	126.00
0.161000	126.00
0.161020	126.00
0.161040	126.00
0.161060	126.00
0.161080	126.00
0.161100	126.00
0.161120	125.00
0.161140	125.00
0.161160	125.00
0.161180	125.00
0.161200	125.00
0.161220	125.00
0.161240	125.00
0.161260	126.00
0.161280	126.00
0.161300	125.00
0.161320	125.00
0.161340	125.00
0.161360	126.00
0.161380	126.00
0.161400	126.00
0.161420	126.00
0.161440	125.00
0.161460	125.00
0.161480	125.00
0.161500	125.00
0.161520	125.00
0.161540	125.00
0.161560	126.00
0.161580	126.00
0.161600	126.00
0.161620	126.00
0.161640	126.00
0.161660	126.00
0.161680	126.00
0.161700	126.00
0.161720	126.00
0.161740	125.00
0.161760	125.00
0.161780	125.00
0.161800	125.00
0.161820	125.00
0.161840	125.00
0.161860	126.00
0.161880	126.00
0.161900	126.00
0.161920	126.00
0.161940	126.00
0.161960	126.00
0.161980	126.00
0.162000	126.00
0.162020	126.00
0.162040	125.00
0.162060	125.00
0.162080	125.00
0.162100	126.00
0.162120	125.00
0.162140	125.00
0.162160	125.00
0.162180	125.00
0.162200	126.00
0.162220	125.00
0.162240	125.00
0.162260	125.00
0.162280	125.00
0.162300	125.00
0.162320	125.00
0.162340	125.00
0.162360	125.00
0.162380	125.00
0.162400	125.00
0.162420	125.00
0.162440	125.00
0.162460	125.00
0.162480	126.00
0.162500	125.00
0.162520	125.00
0.162540	125.00
0.162560	126.00
0.162580	126.00
0.162600	126.00
0.162620	126.00
0.162640	125.00
0.162660	125.00
0.162680	125.00
0.162700	125.00
0.162720	125.00
0.162740	125.00
0.162760	125.00
0.162780	125.00
0.162800	125.00
0.162820	125.00
0.162840	125.00
0.162860	126.00
0.162880	126.00
0.162900	125.00
0.162920	125.00
0.162940	125.00
0.162960	125.00
0.162980	125.00
0.163000	125.00
0.163020	126.00
0.163040	126.00
0.163060	125.00
0.163080	125.00
0.163100	125.00
0.163120	125.00
0.163140	125.00
0.163160	125.00
0.163180	125.00
0.163200	125.00
0.163220	125.00
0.163240	125.00
0.163260	125.00
0.163280	126.00
0.163300	125.00
0.163320	125.00
0.163340	125.00
0.163360	125.00
0.163380	125.00
0.163400	125.00
0.163420	125.00
0.163440	125.00
0.163460	125.00
0.163480	125.00
0.163500	126.00
0.163520	126.00
0.163540	126.00
0.163560	126.00
0.163580	126.00
0.163600	125.00
0.163620	125.00
0.163640	125.00
0.163660	125.00
0.163680	126.00
0.163700	125.00
0.163720	125.00
0.163740	125.00
0.163760	125.00
0.163780	125.00
0.163800	125.00
0.163820	125.00
0.163840	125.00
0.163860	125.00
0.163880	125.00
0.163900	125.00
0.163920	125.00
0.163940	125.00
0.163960	125.00
0.163980	125.00
0.164000	125.00
0.164020	125.00
0.164040	125.00
0.164060	125.00
0.164080	125.00
0.164100	125.00
0.164120	126.00
0.164140	126.00
0.164160	126.00
0.164180	127.00
0.164200	126.00
0.164220	126.00
0.164240	126.00
0.164260	126.00
0.164280	126.00
0.164300	126.00
0.164320	126.00
0.164340	126.00
0.164360	125.00
0.164380	125.00
0.164400	125.00
0.164420	125.00
0.164440	125.00
0.164460	125.00
0.164480	125.00
0.164500	126.00
0.164520	125.00
0.164540	125.00
0.164560	125.00
0.164580	125.00
0.164600	126.00
0.164620	126.00
0.164640	126.00
0.164660	126.00
0.164680	126.00
0.164700	126.00
0.164720	125.00
0.164740	125.00
0.164760	125.00
0.164780	126.00
0.164800	125.00
0.164820	125.00
0.164840	125.00
0.164860	126.00
0.164880	126.00
0.164900	127.00
0.164920	126.00
0.164940	126.00
0.164960	126.00
0.164980	126.00
0.165000	126.00
0.165020	126.00
0.165040	126.00
0.165060	125.00
0.165080	125.00
0.165100	125.00
0.165120	126.00
0.165140	126.00
0.165160	126.00
0.165180	126.00
0.165200	126.00
0.165220	125.00
0.165240	125.00
0.165260	126.00
0.165280	126.00
0.165300	126.00
0.165320	125.00
0.165340	125.00
0.165360	125.00
0.165380	125.00
0.165400	125.00
0.165420	125.00
0.165440	125.00
0.165460	125.00
0.165480	125.00
0.165500	126.00
0.165520	126.00
0.165540	126.00
0.165560	126.00
0.165580	125.00
0.165600	125.00
0.165620	125.00
0.165640	125.00
0.165660	125.00
0.165680	126.00
0.165700	126.00
0.165720	126.00
0.165740	126.00
0.165760	126.00
0.165780	126.00
0.165800	126.00
0.165820	126.00
0.165840	125.00
0.165860	126.00
0.165880	126.00
0.165900	126.00
0.165920	126.00
0.165940	126.00
0.165960	125.00
0.165980	125.00
0.166000	125.00
0.166020	126.00
0.166040	125.00
0.166060	125.00
0.166080	126.00
0.166100	126.00
0.166120	127.00
0.166140	126.00
0.166160	126.00
0.166180	126.00
0.166200	125.00
0.166220	125.00
0.166240	125.00
0.166260	125.00
0.166280	126.00
0.166300	126.00
0.166320	126.00
0.166340	126.00
0.166360	126.00
0.166380	125.00
0.166400	125.00
0.166420	125.00
0.166440	124.00
0.166460	125.00
0.166480	125.00
0.166500	126.00
0.166520	127.00
0.166540	126.00
0.166560	126.00
0.166580	126.00
0.166600	126.00
0.166620	127.00
0.166640	127.00
0.166660	126.00
0.166680	126.00
0.166700	126.00
0.166720	126.00
0.166740	126.00
0.166760	126.00
0.166780	125.00
0.166800	125.00
0.166820	125.00
0.166840	126.00
0.166860	126.00
0.166880	125.00
0.166900	125.00
0.166920	125.00
0.166940	126.00
0.166960	125.00
0.166980	125.00
0.167000	125.00
0.167020	125.00
0.167040	125.00
0.167060	125.00
0.167080	125.00
0.167100	125.00
0.167120	125.00
0.167140	125.00
0.167160	125.00
0.167180	125.00
0.167200	125.00
0.167220	125.00
0.167240	126.00
0.167260	125.00
0.167280	125.00
0.167300	125.00
0.167320	126.00
0.167340	126.00
0.167360	126.00
0.167380	126.00
0.167400	126.00
0.167420	126.00
0.167440	126.00
0.167460	126.00
0.167480	125.00
0.167500	125.00
0.167520	125.00
0.167540	125.00
0.167560	125.00
0.167580	125.00
0.167600	125.00
0.167620	125.00
0.167640	125.00
0.167660	125.00
0.167680	125.00
0.167700	125.00
0.167720	125.00
0.167740	126.00
0.167760	125.00
0.167780	125.00
0.167800	125.00
0.167820	125.00
0.167840	125.00
0.167860	125.00
0.167880	125.00
0.167900	125.00
0.167920	125.00
0.167940	125.00
0.167960	125.00
0.167980	125.00
0.168000	125.00
0.168020	125.00
0.168040	126.00
0.168060	126.00
0.168080	126.00
0.168100	126.00
0.168120	125.00
0.168140	125.00
0.168160	125.00
0.168180	125.00
0.168200	125.00
0.168220	125.00
0.168240	125.00
0.168260	125.00
0.168280	125.00
0.168300	125.00
0.168320	125.00
0.168340	126.00
0.168360	126.00
0.168380	126.00
0.168400	126.00
0.168420	125.00
0.168440	125.00
0.168460	126.00
0.168480	126.00
0.168500	126.00
0.168520	126.00
0.168540	126.00
0.168560	126.00
0.168580	125.00
0.168600	125.00
0.168620	126.00
0.168640	126.00
0.168660	126.00
0.168680	126.00
0.168700	126.00
0.168720	126.00
0.168740	125.00
0.168760	125.00
0.168780	125.00
0.168800	125.00
0.168820	125.00
0.168840	125.00
0.168860	126.00
0.168880	126.00
0.168900	126.00
0.168920	126.00
0.168940	125.00
0.168960	126.00
0.168980	126.00
0.169000	126.00
0.169020	126.00
0.169040	126.00
0.169060	126.00
0.169080	126.00
0.169100	125.00
0.169120	125.00
0.169140	125.00
0.169160	125.00
0.169180	126.00
0.169200	126.00
0.169220	126.00
0.169240	125.00
0.169260	125.00
0.169280	125.00
0.169300	125.00
0.169320	125.00
0.169340	125.00
0.169360	125.00
0.169380	125.00
0.169400	125.00
0.169420	125.00
0.169440	125.00
0.169460	126.00
0.169480	126.00
0.169500	126.00
0.169520	126.00
0.169540	125.00
0.169560	125.00
0.169580	125.00
0.169600	126.00
0.169620	126.00
0.169640	125.00
0.169660	125.00
0.169680	125.00
0.169700	126.00
0.169720	125.00
0.169740	125.00
0.169760	125.00
0.169780	125.00
0.169800	125.00
0.169820	125.00
0.169840	125.00
0.169860	125.00
0.169880	125.00
0.169900	126.00
0.169920	126.00
0.169940	126.00
0.169960	126.00
0.169980	125.00
0.170000	125.00
0.170020	125.00
0.170040	125.00
0.170060	125.00
0.170080	125.00
0.170100	125.00
0.170120	125.00
0.170140	125.00
0.170160	125.00
0.170180	125.00
0.170200	125.00
0.170220	125.00
0.170240	125.00
0.170260	125.00
0.170280	125.00
0.170300	125.00
0.170320	125.00
0.170340	125.00
0.170360	125.00
0.170380	125.00
0.170400	125.00
0.170420	125.00
0.170440	125.00
0.170460	125.00
0.170480	125.00
0.170500	126.00
0.170520	126.00
0.170540	126.00
0.170560	126.00
0.170580	126.00
0.170600	126.00
0.170620	126.00
0.170640	126.00
0.170660	126.00
0.170680	126.00
0.170700	126.00
0.170720	126.00
0.170740	126.00
0.170760	125.00
0.170780	125.00
0.170800	125.00
0.170820	125.00
0.170840	125.00
0.170860	125.00
0.170880	125.00
0.170900	125.00
0.170920	125.00
0.170940	125.00
0.170960	125.00
0.170980	125.00
0.171000	125.00
0.171020	125.00
0.171040	125.00
0.171060	125.00
0.171080	125.00
0.171100	125.00
0.171120	125.00
0.171140	125.00
0.171160	125.00
0.171180	125.00
0.171200	125.00
0.171220	125.00
0.171240	125.00
0.171260	125.00
0.171280	125.00
0.171300	125.00
0.171320	125.00
0.171340	125.00
0.171360	126.00
0.171380	125.00
0.171400	125.00
0.171420	125.00
0.171440	125.00
0.171460	125.00
0.171480	125.00
0.171500	125.00
0.171520	125.00
0.171540	125.00
0.171560	125.00
0.171580	125.00
0.171600	126.00
0.171620	126.00
0.171640	127.00
0.171660	127.00
0.171680	126.00
0.171700	126.00
0.171720	125.00
0.171740	125.00
0.171760	125.00
0.171780	125.00
0.171800	125.00
0.171820	126.00
0.171840	126.00
0.171860	126.00
0.171880	126.00
0.171900	126.00
0.171920	125.00
0.171940	125.00
0.171960	125.00
0.171980	125.00
0.172000	125.00
0.172020	125.00
0.172040	125.00
0.172060	125.00
0.172080	125.00
0.172100	125.00
0.172120	126.00
0.172140	126.00
0.172160	126.00
0.172180	126.00
0.172200	125.00
0.172220	125.00
0.172240	125.00
0.172260	126.00
0.172280	126.00
0.172300	126.00
0.172320	126.00
0.172340	126.00
0.172360	126.00
0.172380	126.00
0.172400	126.00
0.172420	125.00
0.172440	125.00
0.172460	126.00
0.172480	126.00
0.172500	126.00
0.172520	126.00
0.172540	126.00
0.172560	126.00
0.172580	126.00
0.172600	126.00
0.172620	127.00
0.172640	126.00
0.172660	126.00
0.172680	125.00
0.172700	125.00
0.172720	125.00
0.172740	125.00
0.172760	126.00
0.172780	126.00
0.172800	125.00
0.172820	125.00
0.172840	124.00
0.172860	125.00
0.172880	125.00
0.172900	125.00
0.172920	126.00
0.172940	125.00
0.172960	125.00
0.172980	125.00
0.173000	125.00
0.173020	125.00
0.173040	125.00
0.173060	125.00
0.173080	125.00
0.173100	125.00
0.173120	125.00
0.173140	125.00
0.173160	125.00
0.173180	125.00
0.173200	125.00
0.173220	125.00
0.173240	126.00
0.173260	126.00
0.173280	126.00
0.173300	127.00
0.173320	126.00
0.173340	126.00
0.173360	126.00
0.173380	125.00
0.173400	125.00
0.173420	125.00
0.173440	126.00
0.173460	126.00
0.173480	126.00
0.173500	126.00
0.173520	126.00
0.173540	126.00
0.173560	126.00
0.173580	126.00
0.173600	125.00
0.173620	125.00
0.173640	125.00
0.173660	125.00
0.173680	125.00
0.173700	126.00
0.173720	126.00
0.173740	125.00
0.173760	125.00
0.173780	125.00
0.173800	125.00
0.173820	125.00
0.173840	125.00
0.173860	126.00
0.173880	126.00
0.173900	126.00
0.173920	126.00
0.173940	125.00
0.173960	124.00
0.173980	124.00
0.174000	125.00
0.174020	125.00
0.174040	126.00
0.174060	125.00
0.174080	125.00
0.174100	125.00
0.174120	125.00
0.174140	125.00
0.174160	126.00
0.174180	126.00
0.174200	126.00
0.174220	126.00
0.174240	125.00
0.174260	125.00
0.174280	125.00
0.174300	124.00
0.174320	125.00
0.174340	125.00
0.174360	125.00
0.174380	126.00
0.174400	125.00
0.174420	125.00
0.174440	126.00
0.174460	126.00
0.174480	126.00
0.174500	126.00
0.174520	125.00
0.174540	125.00
0.174560	126.00
0.174580	126.00
0.174600	127.00
0.174620	127.00
0.174640	127.00
0.174660	126.00
0.174680	125.00
0.174700	125.00
0.174720	125.00
0.174740	125.00
0.174760	125.00
0.174780	125.00
0.174800	125.00
0.174820	125.00
0.174840	125.00
0.174860	125.00
0.174880	125.00
0.174900	125.00
0.174920	125.00
0.174940	125.00
0.174960	125.00
0.174980	126.00
0.175000	126.00
0.175020	126.00
0.175040	125.00
0.175060	125.00
0.175080	125.00
0.175100	125.00
0.175120	125.00
0.175140	125.00
0.175160	125.00
0.175180	125.00
0.175200	125.00
0.175220	126.00
0.175240	126.00
0.175260	126.00
0.175280	126.00
