0.261700	101.00
0.261720	50.00
0.261740	103.00
0.261760	142.00
0.261780	146.00
0.261800	127.00
0.261820	114.00
0.261840	119.00
0.261860	132.00
0.261880	135.00
0.261900	127.00
0.261920	121.00
0.261940	123.00
0.261960	130.00
0.261980	131.00
0.262000	125.00
0.262020	121.00
0.262040	122.00
0.262060	126.00
0.262080	127.00
0.262100	122.00
0.262120	118.00
0.262140	121.00
0.262160	126.00
0.262180	127.00
0.262200	124.00
0.262220	120.00
0.262240	121.00
0.262260	123.00
0.262280	124.00
0.262300	123.00
0.262320	121.00
0.262340	123.00
0.262360	125.00
0.262380	125.00
0.262400	122.00
0.262420	121.00
0.262440	123.00
0.262460	127.00
0.262480	128.00
0.262500	127.00
0.262520	125.00
0.262540	125.00
0.262560	127.00
0.262580	127.00
0.262600	125.00
0.262620	123.00
0.262640	124.00
0.262660	127.00
0.262680	128.00
0.262700	127.00
0.262720	126.00
0.262740	127.00
0.262760	129.00
0.262780	129.00
0.262800	127.00
0.262820	125.00
0.262840	125.00
0.262860	126.00
0.262880	126.00
0.262900	124.00
0.262920	122.00
0.262940	123.00
0.262960	124.00
0.262980	124.00
0.263000	124.00
0.263020	124.00
0.263040	127.00
0.263060	129.00
0.263080	129.00
0.263100	127.00
0.263120	124.00
0.263140	124.00
0.263160	125.00
0.263180	125.00
0.263200	124.00
0.263220	122.00
0.263240	122.00
0.263260	123.00
0.263280	124.00
0.263300	123.00
0.263320	123.00
0.263340	125.00
0.263360	127.00
0.263380	128.00
0.263400	127.00
0.263420	125.00
0.263440	126.00
0.263460	128.00
0.263480	129.00
0.263500	128.00
0.263520	125.00
0.263540	124.00
0.263560	124.00
0.263580	124.00
0.263600	124.00
0.263620	124.00
0.263640	125.00
0.263660	126.00
0.263680	127.00
0.263700	127.00
0.263720	126.00
0.263740	126.00
0.263760	127.00
0.263780	128.00
0.263800	127.00
0.263820	126.00
0.263840	127.00
0.263860	128.00
0.263880	128.00
0.263900	127.00
0.263920	125.00
0.263940	125.00
0.263960	125.00
0.263980	125.00
0.264000	125.00
0.264020	124.00
0.264040	123.00
0.264060	124.00
0.264080	124.00
0.264100	124.00
0.264120	124.00
0.264140	124.00
0.264160	125.00
0.264180	125.00
0.264200	125.00
0.264220	124.00
0.264240	125.00
0.264260	125.00
0.264280	126.00
0.264300	125.00
0.264320	124.00
0.264340	125.00
0.264360	126.00
0.264380	127.00
0.264400	127.00
0.264420	126.00
0.264440	125.00
0.264460	125.00
0.264480	124.00
0.264500	123.00
0.264520	123.00
0.264540	124.00
0.264560	126.00
0.264580	127.00
0.264600	127.00
0.264620	126.00
0.264640	125.00
0.264660	125.00
0.264680	125.00
0.264700	124.00
0.264720	123.00
0.264740	123.00
0.264760	125.00
0.264780	125.00
0.264800	125.00
0.264820	124.00
0.264840	123.00
0.264860	124.00
0.264880	125.00
0.264900	125.00
0.264920	125.00
0.264940	125.00
0.264960	125.00
0.264980	125.00
0.265000	124.00
0.265020	123.00
0.265040	122.00
0.265060	122.00
0.265080	123.00
0.265100	122.00
0.265120	122.00
0.265140	122.00
0.265160	124.00
0.265180	125.00
0.265200	125.00
0.265220	125.00
0.265240	125.00
0.265260	125.00
0.265280	126.00
0.265300	126.00
0.265320	126.00
0.265340	126.00
0.265360	126.00
0.265380	125.00
0.265400	124.00
0.265420	123.00
0.265440	124.00
0.265460	125.00
0.265480	126.00
0.265500	126.00
0.265520	126.00
0.265540	126.00
0.265560	125.00
0.265580	125.00
0.265600	126.00
0.265620	126.00
0.265640	127.00
0.265660	128.00
0.265680	128.00
0.265700	127.00
0.265720	127.00
0.265740	126.00
0.265760	126.00
0.265780	125.00
0.265800	124.00
0.265820	123.00
0.265840	123.00
0.265860	124.00
0.265880	124.00
0.265900	124.00
0.265920	124.00
0.265940	125.00
0.265960	125.00
0.265980	125.00
0.266000	125.00
0.266020	124.00
0.266040	124.00
0.266060	124.00
0.266080	124.00
0.266100	124.00
0.266120	125.00
0.266140	126.00
0.266160	126.00
0.266180	125.00
0.266200	123.00
0.266220	122.00
0.266240	123.00
0.266260	124.00
0.266280	125.00
0.266300	125.00
0.266320	125.00
0.266340	126.00
0.266360	126.00
0.266380	125.00
0.266400	124.00
0.266420	124.00
0.266440	125.00
0.266460	126.00
0.266480	127.00
0.266500	126.00
0.266520	126.00
0.266540	126.00
0.266560	127.00
0.266580	127.00
0.266600	126.00
0.266620	125.00
0.266640	125.00
0.266660	126.00
0.266680	127.00
0.266700	126.00
0.266720	125.00
0.266740	125.00
0.266760	125.00
0.266780	126.00
0.266800	125.00
0.266820	124.00
0.266840	124.00
0.266860	124.00
0.266880	125.00
0.266900	125.00
0.266920	124.00
0.266940	123.00
0.266960	124.00
0.266980	125.00
0.267000	126.00
0.267020	126.00
0.267040	125.00
0.267060	125.00
0.267080	124.00
0.267100	123.00
0.267120	122.00
0.267140	122.00
0.267160	123.00
0.267180	125.00
0.267200	127.00
0.267220	127.00
0.267240	126.00
0.267260	125.00
0.267280	125.00
0.267300	125.00
0.267320	126.00
0.267340	126.00
0.267360	126.00
0.267380	126.00
0.267400	125.00
0.267420	124.00
0.267440	124.00
0.267460	124.00
0.267480	124.00
0.267500	125.00
0.267520	125.00
0.267540	126.00
0.267560	126.00
0.267580	126.00
0.267600	126.00
0.267620	126.00
0.267640	126.00
0.267660	126.00
0.267680	126.00
0.267700	126.00
0.267720	126.00
0.267740	125.00
0.267760	126.00
0.267780	126.00
0.267800	126.00
0.267820	125.00
0.267840	124.00
0.267860	124.00
0.267880	123.00
0.267900	124.00
0.267920	124.00
0.267940	125.00
0.267960	124.00
0.267980	124.00
0.268000	124.00
0.268020	125.00
0.268040	126.00
0.268060	126.00
0.268080	125.00
0.268100	124.00
0.268120	124.00
0.268140	125.00
0.268160	126.00
0.268180	126.00
0.268200	125.00
0.268220	126.00
0.268240	127.00
0.268260	128.00
0.268280	128.00
0.268300	126.00
0.268320	125.00
0.268340	125.00
0.268360	125.00
0.268380	126.00
0.268400	125.00
0.268420	125.00
0.268440	126.00
0.268460	127.00
0.268480	128.00
0.268500	127.00
0.268520	127.00
0.268540	126.00
0.268560	126.00
0.268580	125.00
0.268600	124.00
0.268620	124.00
0.268640	125.00
0.268660	126.00
0.268680	127.00
0.268700	127.00
0.268720	125.00
0.268740	124.00
0.268760	124.00
0.268780	124.00
0.268800	123.00
0.268820	122.00
0.268840	122.00
0.268860	122.00
0.268880	123.00
0.268900	123.00
0.268920	123.00
0.268940	123.00
0.268960	123.00
0.268980	123.00
0.269000	122.00
0.269020	122.00
0.269040	122.00
0.269060	123.00
0.269080	124.00
0.269100	125.00
0.269120	125.00
0.269140	125.00
0.269160	125.00
0.269180	125.00
0.269200	124.00
0.269220	124.00
0.269240	125.00
0.269260	126.00
0.269280	126.00
0.269300	126.00
0.269320	125.00
0.269340	124.00
0.269360	125.00
0.269380	125.00
0.269400	125.00
0.269420	124.00
0.269440	124.00
0.269460	125.00
0.269480	126.00
0.269500	126.00
0.269520	126.00
0.269540	126.00
0.269560	126.00
0.269580	125.00
0.269600	124.00
0.269620	124.00
0.269640	124.00
0.269660	125.00
0.269680	126.00
0.269700	127.00
0.269720	127.00
0.269740	126.00
0.269760	126.00
0.269780	126.00
0.269800	125.00
0.269820	125.00
0.269840	125.00
0.269860	125.00
0.269880	126.00
0.269900	125.00
0.269920	125.00
0.269940	124.00
0.269960	125.00
0.269980	125.00
0.270000	125.00
0.270020	124.00
0.270040	124.00
0.270060	124.00
0.270080	124.00
0.270100	125.00
0.270120	125.00
0.270140	125.00
0.270160	125.00
0.270180	125.00
0.270200	125.00
0.270220	124.00
0.270240	123.00
0.270260	123.00
0.270280	124.00
0.270300	124.00
0.270320	124.00
0.270340	123.00
0.270360	124.00
0.270380	124.00
0.270400	125.00
0.270420	126.00
0.270440	126.00
0.270460	126.00
0.270480	127.00
0.270500	126.00
0.270520	126.00
0.270540	126.00
0.270560	125.00
0.270580	125.00
0.270600	125.00
0.270620	125.00
0.270640	126.00
0.270660	126.00
0.270680	126.00
0.270700	125.00
0.270720	124.00
0.270740	124.00
0.270760	124.00
0.270780	125.00
0.270800	125.00
0.270820	124.00
0.270840	125.00
0.270860	125.00
0.270880	125.00
0.270900	125.00
0.270920	125.00
0.270940	125.00
0.270960	126.00
0.270980	127.00
0.271000	126.00
0.271020	125.00
0.271040	124.00
0.271060	123.00
0.271080	123.00
0.271100	124.00
0.271120	124.00
0.271140	124.00
0.271160	124.00
0.271180	125.00
0.271200	126.00
0.271220	126.00
0.271240	127.00
0.271260	127.00
0.271280	127.00
0.271300	127.00
0.271320	126.00
0.271340	127.00
0.271360	128.00
0.271380	128.00
0.271400	127.00
0.271420	126.00
0.271440	125.00
0.271460	125.00
0.271480	125.00
0.271500	125.00
0.271520	124.00
0.271540	124.00
0.271560	124.00
0.271580	125.00
0.271600	125.00
0.271620	126.00
0.271640	126.00
0.271660	126.00
0.271680	126.00
0.271700	126.00
0.271720	125.00
0.271740	125.00
0.271760	125.00
0.271780	125.00
0.271800	126.00
0.271820	126.00
0.271840	125.00
0.271860	124.00
0.271880	124.00
0.271900	124.00
0.271920	124.00
0.271940	124.00
0.271960	123.00
0.271980	123.00
0.272000	123.00
0.272020	123.00
0.272040	124.00
0.272060	125.00
0.272080	125.00
0.272100	125.00
0.272120	126.00
0.272140	126.00
0.272160	127.00
0.272180	126.00
0.272200	125.00
0.272220	124.00
0.272240	124.00
0.272260	125.00
0.272280	125.00
0.272300	125.00
0.272320	125.00
0.272340	124.00
0.272360	125.00
0.272380	126.00
0.272400	127.00
0.272420	126.00
0.272440	125.00
0.272460	124.00
0.272480	124.00
0.272500	125.00
0.272520	127.00
0.272540	127.00
0.272560	127.00
0.272580	126.00
0.272600	125.00
0.272620	125.00
0.272640	125.00
0.272660	124.00
0.272680	124.00
0.272700	124.00
0.272720	124.00
0.272740	123.00
0.272760	123.00
0.272780	122.00
0.272800	122.00
0.272820	123.00
0.272840	124.00
0.272860	125.00
0.272880	125.00
0.272900	124.00
0.272920	124.00
0.272940	124.00
0.272960	124.00
0.272980	125.00
0.273000	125.00
0.273020	124.00
0.273040	123.00
0.273060	123.00
0.273080	124.00
0.273100	125.00
0.273120	126.00
0.273140	127.00
0.273160	127.00
0.273180	127.00
0.273200	126.00
0.273220	126.00
0.273240	126.00
0.273260	126.00
0.273280	127.00
0.273300	127.00
0.273320	127.00
0.273340	127.00
0.273360	128.00
0.273380	128.00
0.273400	127.00
0.273420	126.00
0.273440	125.00
0.273460	125.00
0.273480	126.00
0.273500	126.00
0.273520	126.00
0.273540	126.00
0.273560	126.00
0.273580	125.00
0.273600	125.00
0.273620	125.00
0.273640	125.00
0.273660	126.00
0.273680	126.00
0.273700	126.00
0.273720	124.00
0.273740	123.00
0.273760	122.00
0.273780	123.00
0.273800	125.00
0.273820	125.00
0.273840	125.00
0.273860	125.00
0.273880	124.00
0.273900	125.00
0.273920	124.00
0.273940	123.00
0.273960	122.00
0.273980	121.00
0.274000	122.00
0.274020	123.00
0.274040	125.00
0.274060	125.00
0.274080	125.00
0.274100	124.00
0.274120	124.00
0.274140	125.00
0.274160	126.00
0.274180	126.00
0.274200	126.00
0.274220	126.00
0.274240	127.00
0.274260	127.00
0.274280	127.00
0.274300	127.00
0.274320	127.00
0.274340	127.00
0.274360	128.00
0.274380	127.00
0.274400	126.00
0.274420	126.00
0.274440	126.00
0.274460	126.00
0.274480	126.00
0.274500	126.00
0.274520	125.00
0.274540	126.00
0.274560	126.00
0.274580	126.00
0.274600	125.00
0.274620	123.00
0.274640	123.00
0.274660	123.00
0.274680	125.00
0.274700	125.00
0.274720	126.00
0.274740	125.00
0.274760	125.00
0.274780	125.00
0.274800	125.00
0.274820	124.00
0.274840	124.00
0.274860	124.00
0.274880	124.00
0.274900	124.00
0.274920	124.00
0.274940	124.00
0.274960	124.00
0.274980	125.00
0.275000	126.00
0.275020	126.00
0.275040	127.00
0.275060	128.00
0.275080	128.00
0.275100	127.00
0.275120	126.00
0.275140	126.00
0.275160	126.00
0.275180	126.00
0.275200	125.00
0.275220	125.00
0.275240	125.00
0.275260	126.00
0.275280	127.00
0.275300	128.00
0.275320	127.00
0.275340	126.00
0.275360	126.00
0.275380	126.00
0.275400	126.00
0.275420	125.00
0.275440	123.00
0.275460	122.00
0.275480	122.00
0.275500	123.00
0.275520	124.00
0.275540	125.00
0.275560	125.00
0.275580	125.00
0.275600	124.00
0.275620	124.00
0.275640	124.00
0.275660	124.00
0.275680	124.00
0.275700	124.00
0.275720	124.00
0.275740	123.00
0.275760	122.00
0.275780	121.00
0.275800	121.00
0.275820	123.00
0.275840	124.00
0.275860	125.00
0.275880	125.00
0.275900	124.00
0.275920	124.00
0.275940	125.00
0.275960	126.00
0.275980	127.00
0.276000	127.00
0.276020	126.00
0.276040	126.00
0.276060	127.00
0.276080	127.00
0.276100	127.00
0.276120	127.00
0.276140	127.00
0.276160	127.00
0.276180	127.00
0.276200	126.00
0.276220	125.00
0.276240	124.00
0.276260	124.00
0.276280	124.00
0.276300	124.00
0.276320	124.00
0.276340	125.00
0.276360	126.00
0.276380	127.00
0.276400	127.00
0.276420	127.00
0.276440	127.00
0.276460	126.00
0.276480	126.00
0.276500	125.00
0.276520	124.00
0.276540	123.00
0.276560	123.00
0.276580	123.00
0.276600	123.00
0.276620	124.00
0.276640	126.00
0.276660	126.00
0.276680	126.00
0.276700	125.00
0.276720	124.00
0.276740	124.00
0.276760	125.00
0.276780	125.00
0.276800	125.00
0.276820	124.00
0.276840	123.00
0.276860	123.00
0.276880	124.00
0.276900	124.00
0.276920	125.00
0.276940	127.00
0.276960	128.00
0.276980	129.00
0.277000	127.00
0.277020	125.00
0.277040	124.00
0.277060	124.00
0.277080	125.00
0.277100	125.00
0.277120	125.00
0.277140	124.00
0.277160	124.00
0.277180	125.00
0.277200	126.00
0.277220	127.00
0.277240	126.00
0.277260	126.00
0.277280	125.00
0.277300	125.00
0.277320	125.00
0.277340	125.00
0.277360	125.00
0.277380	126.00
0.277400	126.00
0.277420	126.00
0.277440	126.00
0.277460	126.00
0.277480	126.00
0.277500	126.00
0.277520	125.00
0.277540	124.00
0.277560	124.00
0.277580	124.00
0.277600	125.00
0.277620	125.00
0.277640	125.00
0.277660	125.00
0.277680	125.00
0.277700	125.00
0.277720	125.00
0.277740	125.00
0.277760	125.00
0.277780	124.00
0.277800	123.00
0.277820	122.00
0.277840	123.00
0.277860	124.00
0.277880	125.00
0.277900	126.00
0.277920	126.00
0.277940	125.00
0.277960	126.00
0.277980	126.00
0.278000	126.00
0.278020	126.00
0.278040	125.00
0.278060	125.00
0.278080	125.00
0.278100	126.00
0.278120	126.00
0.278140	126.00
0.278160	126.00
0.278180	126.00
0.278200	127.00
0.278220	126.00
0.278240	126.00
0.278260	126.00
0.278280	126.00
0.278300	126.00
0.278320	126.00
0.278340	126.00
0.278360	126.00
0.278380	125.00
0.278400	125.00
0.278420	124.00
0.278440	124.00
0.278460	124.00
0.278480	124.00
0.278500	125.00
0.278520	125.00
0.278540	125.00
0.278560	125.00
0.278580	124.00
0.278600	123.00
0.278620	122.00
0.278640	122.00
0.278660	122.00
0.278680	122.00
0.278700	122.00
0.278720	123.00
0.278740	124.00
0.278760	126.00
0.278780	128.00
0.278800	128.00
0.278820	126.00
0.278840	125.00
0.278860	125.00
0.278880	126.00
0.278900	126.00
0.278920	126.00
0.278940	125.00
0.278960	124.00
0.278980	124.00
0.279000	125.00
0.279020	125.00
0.279040	125.00
0.279060	125.00
0.279080	125.00
0.279100	126.00
0.279120	127.00
0.279140	128.00
0.279160	128.00
0.279180	128.00
0.279200	127.00
0.279220	127.00
0.279240	126.00
0.279260	125.00
0.279280	125.00
0.279300	124.00
0.279320	124.00
0.279340	124.00
0.279360	124.00
0.279380	123.00
0.279400	123.00
0.279420	124.00
0.279440	124.00
0.279460	125.00
0.279480	124.00
0.279500	124.00
0.279520	123.00
0.279540	124.00
0.279560	125.00
0.279580	125.00
0.279600	125.00
0.279620	124.00
0.279640	123.00
0.279660	123.00
0.279680	124.00
0.279700	125.00
0.279720	125.00
0.279740	124.00
0.279760	124.00
0.279780	125.00
0.279800	125.00
0.279820	126.00
0.279840	126.00
0.279860	127.00
0.279880	127.00
0.279900	127.00
0.279920	127.00
0.279940	126.00
0.279960	126.00
0.279980	127.00
0.280000	127.00
0.280020	125.00
0.280040	123.00
0.280060	123.00
0.280080	123.00
0.280100	124.00
0.280120	125.00
0.280140	125.00
0.280160	125.00
0.280180	126.00
0.280200	127.00
0.280220	128.00
0.280240	127.00
0.280260	125.00
0.280280	124.00
0.280300	124.00
0.280320	125.00
0.280340	125.00
0.280360	125.00
0.280380	124.00
0.280400	124.00
0.280420	124.00
0.280440	124.00
0.280460	124.00
0.280480	124.00
0.280500	124.00
0.280520	124.00
0.280540	124.00
0.280560	124.00
0.280580	124.00
0.280600	125.00
0.280620	124.00
0.280640	124.00
0.280660	124.00
0.280680	124.00
0.280700	124.00
0.280720	124.00
0.280740	125.00
0.280760	125.00
0.280780	126.00
0.280800	128.00
0.280820	128.00
0.280840	127.00
0.280860	126.00
0.280880	125.00
0.280900	124.00
0.280920	125.00
0.280940	126.00
0.280960	127.00
0.280980	126.00
0.281000	126.00
0.281020	125.00
0.281040	125.00
0.281060	125.00
0.281080	126.00
0.281100	127.00
0.281120	127.00
0.281140	127.00
0.281160	126.00
0.281180	125.00
0.281200	125.00
0.281220	125.00
0.281240	125.00
0.281260	125.00
0.281280	125.00
0.281300	124.00
0.281320	124.00
0.281340	124.00
0.281360	125.00
0.281380	125.00
0.281400	125.00
0.281420	124.00
0.281440	124.00
0.281460	123.00
0.281480	123.00
0.281500	123.00
0.281520	124.00
0.281540	124.00
0.281560	124.00
0.281580	124.00
0.281600	124.00
0.281620	123.00
0.281640	123.00
0.281660	123.00
0.281680	122.00
0.281700	122.00
0.281720	123.00
0.281740	125.00
0.281760	127.00
0.281780	128.00
0.281800	129.00
0.281820	130.00
0.281840	130.00
0.281860	129.00
0.281880	127.00
0.281900	125.00
0.281920	124.00
0.281940	123.00
0.281960	124.00
0.281980	124.00
0.282000	124.00
0.282020	125.00
0.282040	125.00
0.282060	125.00
0.282080	126.00
0.282100	126.00
0.282120	126.00
0.282140	125.00
0.282160	125.00
0.282180	125.00
0.282200	125.00
0.282220	125.00
0.282240	125.00
0.282260	125.00
0.282280	126.00
0.282300	126.00
0.282320	126.00
0.282340	126.00
0.282360	125.00
0.282380	125.00
0.282400	124.00
0.282420	124.00
0.282440	123.00
0.282460	123.00
0.282480	123.00
0.282500	123.00
0.282520	123.00
0.282540	123.00
0.282560	124.00
0.282580	124.00
0.282600	125.00
0.282620	125.00
0.282640	125.00
0.282660	125.00
0.282680	125.00
0.282700	125.00
0.282720	125.00
0.282740	125.00
0.282760	125.00
0.282780	125.00
0.282800	124.00
0.282820	123.00
0.282840	123.00
0.282860	123.00
0.282880	124.00
0.282900	125.00
0.282920	125.00
0.282940	125.00
0.282960	126.00
0.282980	126.00
0.283000	126.00
0.283020	125.00
0.283040	124.00
0.283060	124.00
0.283080	124.00
0.283100	125.00
0.283120	125.00
0.283140	124.00
0.283160	124.00
0.283180	124.00
0.283200	125.00
0.283220	125.00
0.283240	125.00
0.283260	125.00
0.283280	125.00
0.283300	125.00
0.283320	124.00
0.283340	123.00
0.283360	123.00
0.283380	123.00
0.283400	124.00
0.283420	125.00
0.283440	125.00
0.283460	125.00
0.283480	125.00
0.283500	125.00
0.283520	125.00
0.283540	124.00
0.283560	122.00
0.283580	122.00
0.283600	124.00
0.283620	126.00
0.283640	127.00
0.283660	126.00
0.283680	125.00
0.283700	125.00
0.283720	126.00
0.283740	127.00
0.283760	127.00
0.283780	125.00
0.283800	124.00
0.283820	124.00
0.283840	124.00
0.283860	124.00
0.283880	124.00
0.283900	124.00
0.283920	124.00
0.283940	125.00
0.283960	125.00
0.283980	125.00
0.284000	125.00
0.284020	125.00
0.284040	126.00
0.284060	127.00
0.284080	127.00
0.284100	127.00
0.284120	127.00
0.284140	127.00
0.284160	128.00
0.284180	128.00
0.284200	127.00
0.284220	126.00
0.284240	125.00
0.284260	124.00
0.284280	125.00
0.284300	125.00
0.284320	125.00
0.284340	124.00
0.284360	124.00
0.284380	124.00
0.284400	124.00
0.284420	125.00
0.284440	125.00
0.284460	126.00
0.284480	125.00
0.284500	125.00
0.284520	124.00
0.284540	124.00
0.284560	124.00
0.284580	125.00
0.284600	124.00
0.284620	124.00
0.284640	125.00
0.284660	126.00
0.284680	127.00
0.284700	127.00
0.284720	126.00
0.284740	125.00
0.284760	125.00
0.284780	125.00
0.284800	126.00
0.284820	126.00
0.284840	125.00
0.284860	125.00
0.284880	125.00
0.284900	125.00
0.284920	125.00
0.284940	125.00
0.284960	125.00
0.284980	126.00
0.285000	126.00
0.285020	125.00
0.285040	124.00
0.285060	124.00
0.285080	124.00
0.285100	125.00
0.285120	125.00
0.285140	124.00
0.285160	123.00
0.285180	123.00
0.285200	124.00
0.285220	124.00
0.285240	124.00
0.285260	124.00
0.285280	124.00
0.285300	125.00
0.285320	125.00
0.285340	125.00
0.285360	124.00
0.285380	124.00
0.285400	125.00
0.285420	126.00
0.285440	127.00
0.285460	127.00
0.285480	128.00
0.285500	127.00
0.285520	126.00
0.285540	125.00
0.285560	125.00
0.285580	125.00
0.285600	126.00
0.285620	126.00
0.285640	125.00
0.285660	124.00
0.285680	122.00
0.285700	122.00
0.285720	122.00
0.285740	123.00
0.285760	125.00
0.285780	126.00
0.285800	126.00
0.285820	126.00
0.285840	126.00
0.285860	127.00
0.285880	128.00
0.285900	128.00
0.285920	127.00
0.285940	124.00
0.285960	123.00
0.285980	122.00
0.286000	123.00
0.286020	124.00
0.286040	125.00
0.286060	126.00
0.286080	127.00
0.286100	128.00
0.286120	127.00
0.286140	126.00
0.286160	125.00
0.286180	125.00
0.286200	124.00
0.286220	123.00
0.286240	121.00
0.286260	121.00
0.286280	121.00
0.286300	123.00
0.286320	125.00
0.286340	126.00
0.286360	126.00
0.286380	126.00
0.286400	127.00
0.286420	128.00
0.286440	127.00
0.286460	124.00
0.286480	121.00
0.286500	119.00
0.286520	119.00
0.286540	120.00
0.286560	122.00
0.286580	125.00
0.286600	128.00
0.286620	130.00
0.286640	129.00
0.286660	128.00
0.286680	125.00
0.286700	124.00
0.286720	124.00
0.286740	124.00
0.286760	124.00
0.286780	125.00
0.286800	126.00
0.286820	128.00
0.286840	129.00
0.286860	128.00
0.286880	127.00
0.286900	126.00
0.286920	126.00
0.286940	126.00
0.286960	126.00
0.286980	124.00
0.287000	122.00
0.287020	122.00
0.287040	123.00
0.287060	125.00
0.287080	127.00
0.287100	128.00
0.287120	128.00
0.287140	127.00
0.287160	126.00
0.287180	125.00
0.287200	123.00
0.287220	121.00
0.287240	120.00
0.287260	121.00
0.287280	122.00
0.287300	124.00
0.287320	125.00
0.287340	126.00
0.287360	127.00
0.287380	127.00
0.287400	126.00
0.287420	125.00
0.287440	124.00
0.287460	123.00
0.287480	122.00
0.287500	122.00
0.287520	123.00
0.287540	124.00
0.287560	125.00
0.287580	125.00
0.287600	125.00
0.287620	124.00
0.287640	124.00
0.287660	124.00
0.287680	125.00
0.287700	125.00
0.287720	126.00
0.287740	126.00
0.287760	127.00
0.287780	127.00
0.287800	127.00
0.287820	126.00
0.287840	125.00
0.287860	124.00
0.287880	123.00
0.287900	124.00
0.287920	124.00
0.287940	125.00
0.287960	125.00
0.287980	125.00
0.288000	125.00
0.288020	126.00
0.288040	126.00
0.288060	126.00
0.288080	126.00
0.288100	126.00
0.288120	125.00
0.288140	124.00
0.288160	123.00
0.288180	123.00
0.288200	123.00
0.288220	122.00
0.288240	122.00
0.288260	122.00
0.288280	123.00
0.288300	125.00
0.288320	125.00
0.288340	125.00
0.288360	125.00
0.288380	125.00
0.288400	124.00
0.288420	123.00
0.288440	122.00
0.288460	122.00
0.288480	124.00
0.288500	127.00
0.288520	129.00
0.288540	130.00
0.288560	129.00
0.288580	128.00
0.288600	126.00
0.288620	125.00
0.288640	124.00
0.288660	122.00
0.288680	122.00
0.288700	122.00
0.288720	122.00
0.288740	123.00
0.288760	125.00
0.288780	126.00
0.288800	127.00
0.288820	128.00
0.288840	128.00
0.288860	127.00
0.288880	127.00
0.288900	126.00
0.288920	126.00
0.288940	127.00
0.288960	127.00
0.288980	127.00
0.289000	127.00
0.289020	126.00
0.289040	126.00
0.289060	124.00
0.289080	123.00
0.289100	123.00
0.289120	123.00
0.289140	123.00
0.289160	123.00
0.289180	124.00
0.289200	126.00
0.289220	128.00
0.289240	129.00
0.289260	129.00
0.289280	127.00
0.289300	125.00
0.289320	123.00
0.289340	122.00
0.289360	122.00
0.289380	123.00
0.289400	123.00
0.289420	123.00
0.289440	124.00
0.289460	125.00
0.289480	128.00
0.289500	131.00
0.289520	132.00
0.289540	131.00
0.289560	128.00
0.289580	125.00
0.289600	123.00
0.289620	122.00
0.289640	122.00
0.289660	121.00
0.289680	122.00
0.289700	123.00
0.289720	126.00
0.289740	130.00
0.289760	131.00
0.289780	131.00
0.289800	130.00
0.289820	127.00
0.289840	124.00
0.289860	121.00
0.289880	119.00
0.289900	117.00
0.289920	118.00
0.289940	119.00
0.289960	123.00
0.289980	126.00
0.290000	130.00
0.290020	133.00
0.290040	133.00
0.290060	131.00
0.290080	127.00
0.290100	124.00
0.290120	121.00
0.290140	119.00
0.290160	119.00
0.290180	120.00
0.290200	121.00
0.290220	123.00
0.290240	125.00
0.290260	125.00
0.290280	123.00
0.290300	122.00
0.290320	122.00
0.290340	123.00
0.290360	123.00
0.290380	124.00
0.290400	125.00
0.290420	125.00
0.290440	125.00
0.290460	123.00
0.290480	123.00
0.290500	123.00
0.290520	125.00
0.290540	127.00
0.290560	129.00
0.290580	129.00
0.290600	129.00
0.290620	129.00
0.290640	129.00
0.290660	128.00
0.290680	126.00
0.290700	124.00
0.290720	123.00
0.290740	123.00
0.290760	125.00
0.290780	126.00
0.290800	126.00
0.290820	126.00
0.290840	127.00
0.290860	127.00
0.290880	127.00
0.290900	125.00
0.290920	123.00
0.290940	122.00
0.290960	123.00
0.290980	123.00
0.291000	124.00
0.291020	125.00
0.291040	127.00
0.291060	128.00
0.291080	130.00
0.291100	130.00
0.291120	129.00
0.291140	127.00
0.291160	125.00
0.291180	123.00
0.291200	121.00
0.291220	120.00
0.291240	120.00
0.291260	121.00
0.291280	123.00
0.291300	126.00
0.291320	127.00
0.291340	128.00
0.291360	128.00
0.291380	127.00
0.291400	126.00
0.291420	126.00
0.291440	126.00
0.291460	126.00
0.291480	125.00
0.291500	125.00
0.291520	124.00
0.291540	123.00
0.291560	123.00
0.291580	122.00
0.291600	123.00
0.291620	126.00
0.291640	129.00
0.291660	131.00
0.291680	132.00
0.291700	132.00
0.291720	130.00
0.291740	128.00
0.291760	124.00
0.291780	121.00
0.291800	118.00
0.291820	117.00
0.291840	120.00
0.291860	124.00
0.291880	128.00
0.291900	130.00
0.291920	131.00
0.291940	131.00
0.291960	129.00
0.291980	126.00
0.292000	122.00
0.292020	118.00
0.292040	117.00
0.292060	117.00
0.292080	120.00
0.292100	122.00
0.292120	125.00
0.292140	127.00
0.292160	128.00
0.292180	128.00
0.292200	126.00
0.292220	124.00
0.292240	123.00
0.292260	122.00
0.292280	123.00
0.292300	123.00
0.292320	124.00
0.292340	126.00
0.292360	128.00
0.292380	129.00
0.292400	129.00
0.292420	127.00
0.292440	124.00
0.292460	122.00
0.292480	122.00
0.292500	122.00
0.292520	122.00
0.292540	122.00
0.292560	123.00
0.292580	125.00
0.292600	129.00
0.292620	131.00
0.292640	133.00
0.292660	132.00
0.292680	130.00
0.292700	126.00
0.292720	123.00
0.292740	119.00
0.292760	117.00
0.292780	117.00
0.292800	119.00
0.292820	124.00
0.292840	129.00
0.292860	133.00
0.292880	135.00
0.292900	133.00
0.292920	131.00
0.292940	128.00
0.292960	124.00
0.292980	119.00
0.293000	115.00
0.293020	114.00
0.293040	116.00
0.293060	120.00
0.293080	125.00
0.293100	129.00
0.293120	132.00
0.293140	134.00
0.293160	134.00
0.293180	132.00
0.293200	128.00
0.293220	123.00
0.293240	118.00
0.293260	116.00
0.293280	115.00
0.293300	116.00
0.293320	119.00
0.293340	123.00
0.293360	128.00
0.293380	132.00
0.293400	135.00
0.293420	136.00
0.293440	134.00
0.293460	131.00
0.293480	127.00
0.293500	122.00
0.293520	117.00
0.293540	116.00
0.293560	117.00
0.293580	120.00
0.293600	123.00
0.293620	125.00
0.293640	127.00
0.293660	130.00
0.293680	132.00
0.293700	132.00
0.293720	130.00
0.293740	128.00
0.293760	126.00
0.293780	124.00
0.293800	122.00
0.293820	121.00
0.293840	120.00
0.293860	121.00
0.293880	123.00
0.293900	125.00
0.293920	126.00
0.293940	126.00
0.293960	126.00
0.293980	128.00
0.294000	130.00
0.294020	130.00
0.294040	128.00
0.294060	125.00
0.294080	121.00
0.294100	119.00
0.294120	118.00
0.294140	118.00
0.294160	117.00
0.294180	119.00
0.294200	122.00
0.294220	127.00
0.294240	131.00
0.294260	134.00
0.294280	133.00
0.294300	131.00
0.294320	128.00
0.294340	125.00
0.294360	122.00
0.294380	120.00
0.294400	120.00
0.294420	122.00
0.294440	125.00
0.294460	128.00
0.294480	129.00
0.294500	129.00
0.294520	128.00
0.294540	127.00
0.294560	126.00
0.294580	126.00
0.294600	127.00
0.294620	128.00
0.294640	129.00
0.294660	129.00
0.294680	127.00
0.294700	125.00
0.294720	122.00
0.294740	120.00
0.294760	120.00
0.294780	122.00
0.294800	124.00
0.294820	126.00
0.294840	127.00
0.294860	128.00
0.294880	128.00
0.294900	128.00
0.294920	127.00
0.294940	125.00
0.294960	122.00
0.294980	119.00
0.295000	118.00
0.295020	119.00
0.295040	122.00
0.295060	125.00
0.295080	129.00
0.295100	131.00
0.295120	131.00
0.295140	131.00
0.295160	129.00
0.295180	127.00
0.295200	124.00
0.295220	120.00
0.295240	117.00
0.295260	116.00
0.295280	118.00
0.295300	121.00
0.295320	125.00
0.295340	127.00
0.295360	129.00
0.295380	130.00
0.295400	130.00
0.295420	129.00
0.295440	127.00
0.295460	124.00
0.295480	122.00
0.295500	121.00
0.295520	121.00
0.295540	122.00
0.295560	124.00
0.295580	126.00
0.295600	127.00
0.295620	128.00
0.295640	128.00
0.295660	128.00
0.295680	127.00
0.295700	127.00
0.295720	127.00
0.295740	126.00
0.295760	126.00
0.295780	124.00
0.295800	123.00
0.295820	123.00
0.295840	123.00
0.295860	124.00
0.295880	125.00
0.295900	125.00
0.295920	126.00
0.295940	126.00
0.295960	125.00
0.295980	124.00
0.296000	123.00
0.296020	123.00
0.296040	123.00
0.296060	124.00
0.296080	125.00
0.296100	125.00
0.296120	125.00
0.296140	125.00
0.296160	124.00
0.296180	124.00
0.296200	124.00
0.296220	124.00
0.296240	125.00
0.296260	126.00
0.296280	126.00
0.296300	126.00
0.296320	126.00
0.296340	125.00
0.296360	125.00
0.296380	126.00
0.296400	126.00
0.296420	126.00
0.296440	125.00
0.296460	125.00
0.296480	125.00
0.296500	126.00
0.296520	127.00
0.296540	128.00
0.296560	127.00
0.296580	126.00
0.296600	126.00
0.296620	127.00
0.296640	128.00
0.296660	128.00
0.296680	127.00
0.296700	125.00
0.296720	123.00
0.296740	123.00
0.296760	123.00
0.296780	125.00
0.296800	126.00
0.296820	127.00
0.296840	126.00
0.296860	124.00
0.296880	123.00
0.296900	122.00
0.296920	122.00
0.296940	123.00
0.296960	124.00
0.296980	124.00
0.297000	124.00
0.297020	123.00
0.297040	123.00
0.297060	123.00
0.297080	124.00
0.297100	124.00
0.297120	124.00
0.297140	124.00
0.297160	124.00
0.297180	125.00
0.297200	125.00
0.297220	124.00
0.297240	123.00
0.297260	123.00
0.297280	124.00
0.297300	125.00
0.297320	125.00
0.297340	126.00
0.297360	126.00
0.297380	126.00
0.297400	126.00
0.297420	125.00
0.297440	124.00
0.297460	124.00
0.297480	123.00
0.297500	123.00
0.297520	123.00
0.297540	124.00
0.297560	125.00
0.297580	126.00
0.297600	127.00
0.297620	127.00
0.297640	127.00
0.297660	126.00
0.297680	125.00
0.297700	125.00
0.297720	125.00
0.297740	125.00
0.297760	125.00
0.297780	125.00
0.297800	126.00
0.297820	127.00
0.297840	126.00
0.297860	125.00
0.297880	124.00
0.297900	124.00
0.297920	124.00
0.297940	125.00
0.297960	125.00
0.297980	124.00
0.298000	124.00
0.298020	125.00
0.298040	126.00
0.298060	127.00
0.298080	126.00
0.298100	126.00
0.298120	125.00
0.298140	125.00
0.298160	126.00
0.298180	127.00
0.298200	126.00
0.298220	126.00
0.298240	126.00
0.298260	126.00
0.298280	125.00
0.298300	125.00
0.298320	124.00
0.298340	124.00
0.298360	125.00
0.298380	126.00
0.298400	127.00
0.298420	127.00
0.298440	126.00
0.298460	125.00
0.298480	125.00
0.298500	126.00
0.298520	126.00
0.298540	125.00
0.298560	125.00
0.298580	125.00
0.298600	125.00
0.298620	125.00
0.298640	124.00
0.298660	123.00
0.298680	123.00
0.298700	123.00
0.298720	123.00
0.298740	123.00
0.298760	123.00
0.298780	124.00
0.298800	125.00
0.298820	126.00
0.298840	125.00
0.298860	124.00
0.298880	124.00
0.298900	125.00
0.298920	125.00
0.298940	125.00
0.298960	124.00
0.298980	124.00
0.299000	124.00
0.299020	125.00
0.299040	124.00
0.299060	124.00
0.299080	123.00
0.299100	124.00
0.299120	126.00
0.299140	126.00
0.299160	126.00
0.299180	125.00
0.299200	125.00
0.299220	126.00
0.299240	127.00
0.299260	127.00
0.299280	126.00
0.299300	125.00
0.299320	125.00
0.299340	125.00
0.299360	126.00
0.299380	127.00
0.299400	126.00
0.299420	126.00
0.299440	126.00
0.299460	125.00
0.299480	125.00
0.299500	125.00
0.299520	125.00
0.299540	124.00
0.299560	124.00
0.299580	124.00
0.299600	125.00
0.299620	126.00
0.299640	127.00
0.299660	127.00
0.299680	126.00
0.299700	126.00
0.299720	125.00
0.299740	125.00
0.299760	124.00
0.299780	123.00
0.299800	122.00
0.299820	123.00
0.299840	124.00
0.299860	125.00
0.299880	125.00
0.299900	124.00
0.299920	123.00
0.299940	124.00
0.299960	126.00
0.299980	126.00
0.300000	125.00
0.300020	124.00
0.300040	123.00
0.300060	124.00
0.300080	124.00
0.300100	124.00
0.300120	124.00
0.300140	124.00
0.300160	124.00
0.300180	125.00
0.300200	126.00
0.300220	126.00
0.300240	126.00
0.300260	126.00
0.300280	126.00
0.300300	126.00
0.300320	125.00
0.300340	125.00
0.300360	125.00
0.300380	126.00
0.300400	127.00
0.300420	128.00
0.300440	128.00
0.300460	127.00
0.300480	126.00
0.300500	125.00
0.300520	125.00
0.300540	124.00
0.300560	124.00
0.300580	125.00
0.300600	125.00
0.300620	125.00
0.300640	125.00
0.300660	125.00
0.300680	125.00
0.300700	125.00
0.300720	125.00
0.300740	125.00
0.300760	126.00
0.300780	126.00
0.300800	127.00
0.300820	127.00
0.300840	126.00
0.300860	125.00
0.300880	123.00
0.300900	122.00
0.300920	122.00
0.300940	123.00
0.300960	124.00
0.300980	125.00
0.301000	126.00
0.301020	126.00
0.301040	126.00
0.301060	126.00
0.301080	127.00
0.301100	126.00
0.301120	126.00
0.301140	125.00
0.301160	124.00
0.301180	124.00
0.301200	125.00
0.301220	126.00
0.301240	126.00
0.301260	125.00
0.301280	124.00
0.301300	124.00
0.301320	125.00
0.301340	126.00
0.301360	127.00
0.301380	126.00
0.301400	126.00
0.301420	126.00
0.301440	126.00
0.301460	126.00
0.301480	125.00
0.301500	125.00
0.301520	125.00
0.301540	126.00
0.301560	126.00
0.301580	126.00
0.301600	125.00
0.301620	124.00
0.301640	124.00
0.301660	124.00
0.301680	124.00
0.301700	124.00
0.301720	123.00
0.301740	123.00
0.301760	123.00
0.301780	124.00
0.301800	124.00
0.301820	124.00
0.301840	124.00
0.301860	124.00
0.301880	124.00
0.301900	125.00
0.301920	125.00
0.301940	125.00
0.301960	125.00
0.301980	125.00
0.302000	125.00
0.302020	125.00
0.302040	126.00
0.302060	126.00
0.302080	126.00
0.302100	126.00
0.302120	126.00
0.302140	125.00
0.302160	126.00
0.302180	126.00
0.302200	126.00
0.302220	127.00
0.302240	126.00
0.302260	126.00
0.302280	126.00
0.302300	126.00
0.302320	126.00
0.302340	128.00
0.302360	128.00
0.302380	128.00
0.302400	127.00
0.302420	125.00
0.302440	124.00
0.302460	123.00
0.302480	124.00
0.302500	125.00
0.302520	126.00
0.302540	126.00
0.302560	125.00
0.302580	124.00
0.302600	124.00
0.302620	124.00
0.302640	125.00
0.302660	126.00
0.302680	126.00
0.302700	125.00
0.302720	124.00
0.302740	124.00
0.302760	123.00
0.302780	122.00
0.302800	122.00
0.302820	123.00
0.302840	125.00
0.302860	126.00
0.302880	127.00
0.302900	126.00
0.302920	126.00
0.302940	125.00
0.302960	126.00
0.302980	126.00
0.303000	125.00
0.303020	125.00
0.303040	125.00
0.303060	125.00
0.303080	125.00
0.303100	126.00
0.303120	126.00
0.303140	126.00
0.303160	125.00
0.303180	125.00
0.303200	124.00
0.303220	124.00
0.303240	125.00
0.303260	126.00
0.303280	127.00
0.303300	127.00
0.303320	126.00
0.303340	125.00
0.303360	124.00
0.303380	123.00
0.303400	124.00
0.303420	124.00
0.303440	124.00
0.303460	124.00
0.303480	123.00
0.303500	123.00
0.303520	123.00
0.303540	123.00
0.303560	124.00
0.303580	124.00
0.303600	124.00
0.303620	124.00
0.303640	123.00
0.303660	123.00
0.303680	122.00
0.303700	122.00
0.303720	122.00
0.303740	122.00
0.303760	123.00
0.303780	124.00
0.303800	124.00
0.303820	125.00
0.303840	126.00
0.303860	127.00
0.303880	126.00
0.303900	125.00
0.303920	124.00
0.303940	125.00
0.303960	126.00
0.303980	127.00
0.304000	126.00
0.304020	125.00
0.304040	123.00
0.304060	123.00
0.304080	124.00
0.304100	125.00
0.304120	124.00
0.304140	124.00
0.304160	124.00
0.304180	125.00
0.304200	126.00
0.304220	126.00
0.304240	126.00
0.304260	126.00
0.304280	125.00
0.304300	125.00
0.304320	124.00
0.304340	125.00
0.304360	125.00
0.304380	126.00
0.304400	127.00
0.304420	126.00
0.304440	125.00
0.304460	125.00
0.304480	124.00
0.304500	125.00
0.304520	125.00
0.304540	124.00
0.304560	124.00
0.304580	124.00
0.304600	125.00
0.304620	125.00
0.304640	126.00
0.304660	126.00
0.304680	125.00
0.304700	124.00
0.304720	124.00
0.304740	123.00
0.304760	123.00
0.304780	125.00
0.304800	126.00
0.304820	126.00
0.304840	125.00
0.304860	123.00
0.304880	122.00
0.304900	123.00
0.304920	125.00
0.304940	125.00
0.304960	125.00
0.304980	125.00
0.305000	125.00
0.305020	126.00
0.305040	127.00
0.305060	127.00
0.305080	126.00
0.305100	126.00
0.305120	125.00
0.305140	125.00
0.305160	125.00
0.305180	125.00
0.305200	126.00
0.305220	127.00
0.305240	127.00
0.305260	128.00
0.305280	128.00
0.305300	127.00
0.305320	127.00
0.305340	126.00
0.305360	125.00
0.305380	124.00
0.305400	124.00
0.305420	126.00
0.305440	127.00
0.305460	126.00
0.305480	126.00
0.305500	125.00
0.305520	125.00
0.305540	126.00
0.305560	126.00
0.305580	126.00
0.305600	125.00
0.305620	124.00
0.305640	124.00
0.305660	123.00
0.305680	123.00
0.305700	123.00
0.305720	122.00
0.305740	122.00
0.305760	122.00
0.305780	122.00
0.305800	123.00
0.305820	124.00
0.305840	125.00
0.305860	125.00
0.305880	125.00
0.305900	125.00
0.305920	125.00
0.305940	125.00
0.305960	125.00
0.305980	124.00
0.306000	124.00
0.306020	124.00
0.306040	124.00
0.306060	124.00
0.306080	124.00
0.306100	123.00
0.306120	124.00
0.306140	125.00
0.306160	126.00
0.306180	126.00
0.306200	125.00
0.306220	125.00
0.306240	125.00
0.306260	126.00
0.306280	126.00
0.306300	125.00
0.306320	125.00
0.306340	125.00
0.306360	126.00
0.306380	127.00
0.306400	127.00
0.306420	127.00
0.306440	126.00
0.306460	125.00
0.306480	126.00
0.306500	126.00
0.306520	127.00
0.306540	127.00
0.306560	126.00
0.306580	126.00
0.306600	125.00
0.306620	125.00
0.306640	124.00
0.306660	124.00
0.306680	123.00
0.306700	123.00
0.306720	124.00
0.306740	125.00
0.306760	125.00
0.306780	126.00
0.306800	126.00
0.306820	126.00
0.306840	126.00
0.306860	126.00
0.306880	126.00
0.306900	124.00
0.306920	123.00
0.306940	123.00
0.306960	123.00
0.306980	123.00
0.307000	123.00
0.307020	123.00
0.307040	124.00
0.307060	125.00
0.307080	126.00
0.307100	127.00
0.307120	127.00
0.307140	127.00
0.307160	126.00
0.307180	125.00
0.307200	124.00
0.307220	124.00
0.307240	124.00
0.307260	125.00
0.307280	125.00
0.307300	126.00
0.307320	125.00
0.307340	125.00
0.307360	125.00
0.307380	125.00
0.307400	125.00
0.307420	125.00
0.307440	125.00
0.307460	125.00
0.307480	125.00
0.307500	125.00
0.307520	125.00
0.307540	124.00
0.307560	124.00
0.307580	124.00
0.307600	124.00
0.307620	124.00
0.307640	124.00
0.307660	124.00
0.307680	124.00
0.307700	124.00
0.307720	124.00
0.307740	124.00
0.307760	124.00
0.307780	124.00
0.307800	125.00
0.307820	126.00
0.307840	127.00
0.307860	126.00
0.307880	126.00
0.307900	125.00
0.307920	125.00
0.307940	125.00
0.307960	125.00
0.307980	125.00
0.308000	126.00
0.308020	126.00
0.308040	127.00
0.308060	128.00
0.308080	127.00
0.308100	126.00
0.308120	126.00
0.308140	125.00
0.308160	126.00
0.308180	127.00
0.308200	127.00
0.308220	127.00
0.308240	126.00
0.308260	126.00
0.308280	125.00
0.308300	124.00
0.308320	124.00
0.308340	124.00
0.308360	125.00
0.308380	125.00
0.308400	125.00
0.308420	124.00
0.308440	123.00
0.308460	124.00
0.308480	125.00
0.308500	125.00
0.308520	125.00
0.308540	124.00
0.308560	124.00
0.308580	124.00
0.308600	124.00
0.308620	124.00
0.308640	124.00
0.308660	123.00
0.308680	123.00
0.308700	124.00
0.308720	124.00
0.308740	125.00
0.308760	125.00
0.308780	126.00
0.308800	126.00
0.308820	126.00
0.308840	126.00
0.308860	125.00
0.308880	125.00
0.308900	124.00
0.308920	125.00
0.308940	124.00
0.308960	124.00
0.308980	124.00
0.309000	124.00
0.309020	125.00
0.309040	125.00
0.309060	125.00
0.309080	124.00
0.309100	123.00
0.309120	122.00
0.309140	123.00
0.309160	125.00
0.309180	127.00
0.309200	128.00
0.309220	128.00
0.309240	126.00
0.309260	125.00
0.309280	124.00
0.309300	125.00
0.309320	125.00
0.309340	124.00
0.309360	122.00
0.309380	122.00
0.309400	122.00
0.309420	123.00
0.309440	125.00
0.309460	125.00
0.309480	125.00
0.309500	125.00
0.309520	126.00
0.309540	126.00
0.309560	126.00
0.309580	126.00
0.309600	125.00
0.309620	125.00
0.309640	125.00
0.309660	126.00
0.309680	126.00
0.309700	127.00
0.309720	127.00
0.309740	127.00
0.309760	126.00
0.309780	126.00
0.309800	125.00
0.309820	125.00
0.309840	126.00
0.309860	126.00
0.309880	126.00
0.309900	126.00
0.309920	125.00
0.309940	124.00
0.309960	125.00
0.309980	126.00
0.310000	126.00
0.310020	126.00
0.310040	125.00
0.310060	125.00
0.310080	125.00
0.310100	126.00
0.310120	126.00
0.310140	125.00
0.310160	124.00
0.310180	124.00
0.310200	125.00
0.310220	126.00
0.310240	126.00
0.310260	125.00
0.310280	125.00
0.310300	125.00
0.310320	126.00
0.310340	126.00
0.310360	126.00
0.310380	126.00
0.310400	126.00
0.310420	125.00
0.310440	125.00
0.310460	124.00
0.310480	124.00
0.310500	124.00
0.310520	124.00
0.310540	123.00
0.310560	123.00
0.310580	123.00
0.310600	124.00
0.310620	126.00
0.310640	127.00
0.310660	127.00
0.310680	125.00
0.310700	124.00
0.310720	124.00
0.310740	125.00
0.310760	125.00
0.310780	126.00
0.310800	126.00
0.310820	125.00
0.310840	124.00
0.310860	124.00
0.310880	124.00
0.310900	124.00
0.310920	125.00
0.310940	126.00
0.310960	125.00
0.310980	125.00
0.311000	126.00
0.311020	127.00
0.311040	127.00
0.311060	127.00
0.311080	126.00
0.311100	125.00
0.311120	126.00
0.311140	126.00
0.311160	126.00
0.311180	125.00
0.311200	125.00
0.311220	125.00
0.311240	126.00
0.311260	125.00
0.311280	124.00
0.311300	123.00
0.311320	123.00
0.311340	124.00
0.311360	125.00
0.311380	124.00
0.311400	123.00
0.311420	123.00
0.311440	123.00
0.311460	124.00
0.311480	123.00
0.311500	122.00
0.311520	122.00
0.311540	123.00
0.311560	124.00
0.311580	125.00
0.311600	124.00
0.311620	124.00
0.311640	124.00
0.311660	125.00
0.311680	126.00
