0.261700	101.00
0.261720	48.00
0.261740	101.00
0.261760	141.00
0.261780	145.00
0.261800	126.00
0.261820	114.00
0.261840	121.00
0.261860	133.00
0.261880	136.00
0.261900	126.00
0.261920	119.00
0.261940	122.00
0.261960	130.00
0.261980	132.00
0.262000	126.00
0.262020	121.00
0.262040	123.00
0.262060	128.00
0.262080	130.00
0.262100	126.00
0.262120	121.00
0.262140	121.00
0.262160	125.00
0.262180	125.00
0.262200	122.00
0.262220	120.00
0.262240	122.00
0.262260	126.00
0.262280	127.00
0.262300	125.00
0.262320	122.00
0.262340	122.00
0.262360	126.00
0.262380	127.00
0.262400	126.00
0.262420	124.00
0.262440	124.00
0.262460	126.00
0.262480	126.00
0.262500	125.00
0.262520	123.00
0.262540	124.00
0.262560	126.00
0.262580	126.00
0.262600	124.00
0.262620	122.00
0.262640	123.00
0.262660	126.00
0.262680	127.00
0.262700	126.00
0.262720	125.00
0.262740	125.00
0.262760	126.00
0.262780	126.00
0.262800	125.00
0.262820	123.00
0.262840	124.00
0.262860	125.00
0.262880	126.00
0.262900	125.00
0.262920	124.00
0.262940	125.00
0.262960	126.00
0.262980	127.00
0.263000	126.00
0.263020	124.00
0.263040	125.00
0.263060	126.00
0.263080	126.00
0.263100	125.00
0.263120	124.00
0.263140	123.00
0.263160	124.00
0.263180	124.00
0.263200	123.00
0.263220	124.00
0.263240	125.00
0.263260	127.00
0.263280	126.00
0.263300	124.00
0.263320	122.00
0.263340	124.00
0.263360	126.00
0.263380	126.00
0.263400	125.00
0.263420	123.00
0.263440	123.00
0.263460	124.00
0.263480	126.00
0.263500	125.00
0.263520	124.00
0.263540	124.00
0.263560	125.00
0.263580	125.00
0.263600	125.00
0.263620	125.00
0.263640	126.00
0.263660	127.00
0.263680	127.00
0.263700	126.00
0.263720	126.00
0.263740	127.00
0.263760	128.00
0.263780	128.00
0.263800	127.00
0.263820	125.00
0.263840	124.00
0.263860	125.00
0.263880	125.00
0.263900	125.00
0.263920	124.00
0.263940	123.00
0.263960	124.00
0.263980	124.00
0.264000	124.00
0.264020	123.00
0.264040	123.00
0.264060	124.00
0.264080	124.00
0.264100	124.00
0.264120	124.00
0.264140	125.00
0.264160	126.00
0.264180	126.00
0.264200	125.00
0.264220	124.00
0.264240	124.00
0.264260	125.00
0.264280	126.00
0.264300	126.00
0.264320	126.00
0.264340	126.00
0.264360	126.00
0.264380	127.00
0.264400	126.00
0.264420	125.00
0.264440	124.00
0.264460	123.00
0.264480	123.00
0.264500	123.00
0.264520	124.00
0.264540	125.00
0.264560	126.00
0.264580	126.00
0.264600	125.00
0.264620	124.00
0.264640	124.00
0.264660	125.00
0.264680	126.00
0.264700	126.00
0.264720	125.00
0.264740	124.00
0.264760	125.00
0.264780	125.00
0.264800	125.00
0.264820	125.00
0.264840	126.00
0.264860	128.00
0.264880	127.00
0.264900	126.00
0.264920	125.00
0.264940	124.00
0.264960	125.00
0.264980	126.00
0.265000	125.00
0.265020	124.00
0.265040	123.00
0.265060	123.00
0.265080	124.00
0.265100	124.00
0.265120	124.00
0.265140	125.00
0.265160	125.00
0.265180	125.00
0.265200	124.00
0.265220	124.00
0.265240	124.00
0.265260	125.00
0.265280	126.00
0.265300	125.00
0.265320	125.00
0.265340	125.00
0.265360	126.00
0.265380	126.00
0.265400	125.00
0.265420	124.00
0.265440	124.00
0.265460	125.00
0.265480	126.00
0.265500	126.00
0.265520	126.00
0.265540	125.00
0.265560	125.00
0.265580	124.00
0.265600	123.00
0.265620	123.00
0.265640	124.00
0.265660	125.00
0.265680	127.00
0.265700	127.00
0.265720	126.00
0.265740	126.00
0.265760	126.00
0.265780	126.00
0.265800	126.00
0.265820	125.00
0.265840	125.00
0.265860	125.00
0.265880	125.00
0.265900	125.00
0.265920	124.00
0.265940	125.00
0.265960	126.00
0.265980	127.00
0.266000	126.00
0.266020	125.00
0.266040	124.00
0.266060	124.00
0.266080	124.00
0.266100	123.00
0.266120	122.00
0.266140	122.00
0.266160	123.00
0.266180	125.00
0.266200	126.00
0.266220	125.00
0.266240	125.00
0.266260	125.00
0.266280	125.00
0.266300	125.00
0.266320	125.00
0.266340	125.00
0.266360	125.00
0.266380	125.00
0.266400	126.00
0.266420	126.00
0.266440	126.00
0.266460	126.00
0.266480	126.00
0.266500	125.00
0.266520	125.00
0.266540	125.00
0.266560	126.00
0.266580	127.00
0.266600	127.00
0.266620	126.00
0.266640	126.00
0.266660	126.00
0.266680	126.00
0.266700	126.00
0.266720	125.00
0.266740	124.00
0.266760	125.00
0.266780	126.00
0.266800	126.00
0.266820	126.00
0.266840	125.00
0.266860	125.00
0.266880	125.00
0.266900	124.00
0.266920	123.00
0.266940	122.00
0.266960	122.00
0.266980	122.00
0.267000	122.00
0.267020	122.00
0.267040	123.00
0.267060	123.00
0.267080	124.00
0.267100	125.00
0.267120	125.00
0.267140	125.00
0.267160	125.00
0.267180	124.00
0.267200	124.00
0.267220	124.00
0.267240	125.00
0.267260	125.00
0.267280	125.00
0.267300	125.00
0.267320	125.00
0.267340	126.00
0.267360	126.00
0.267380	126.00
0.267400	125.00
0.267420	124.00
0.267440	124.00
0.267460	125.00
0.267480	127.00
0.267500	127.00
0.267520	127.00
0.267540	127.00
0.267560	127.00
0.267580	127.00
0.267600	127.00
0.267620	127.00
0.267640	126.00
0.267660	126.00
0.267680	126.00
0.267700	126.00
0.267720	125.00
0.267740	125.00
0.267760	125.00
0.267780	126.00
0.267800	127.00
0.267820	126.00
0.267840	126.00
0.267860	126.00
0.267880	127.00
0.267900	127.00
0.267920	125.00
0.267940	124.00
0.267960	124.00
0.267980	125.00
0.268000	126.00
0.268020	126.00
0.268040	124.00
0.268060	123.00
0.268080	122.00
0.268100	122.00
0.268120	122.00
0.268140	122.00
0.268160	123.00
0.268180	124.00
0.268200	125.00
0.268220	126.00
0.268240	125.00
0.268260	125.00
0.268280	125.00
0.268300	125.00
0.268320	126.00
0.268340	125.00
0.268360	124.00
0.268380	123.00
0.268400	124.00
0.268420	124.00
0.268440	124.00
0.268460	124.00
0.268480	124.00
0.268500	125.00
0.268520	127.00
0.268540	128.00
0.268560	128.00
0.268580	128.00
0.268600	127.00
0.268620	126.00
0.268640	125.00
0.268660	125.00
0.268680	125.00
0.268700	125.00
0.268720	125.00
0.268740	125.00
0.268760	125.00
0.268780	125.00
0.268800	125.00
0.268820	125.00
0.268840	125.00
0.268860	124.00
0.268880	124.00
0.268900	124.00
0.268920	124.00
0.268940	124.00
0.268960	124.00
0.268980	124.00
0.269000	124.00
0.269020	124.00
0.269040	124.00
0.269060	123.00
0.269080	124.00
0.269100	124.00
0.269120	125.00
0.269140	126.00
0.269160	126.00
0.269180	126.00
0.269200	126.00
0.269220	126.00
0.269240	126.00
0.269260	125.00
0.269280	124.00
0.269300	123.00
0.269320	124.00
0.269340	125.00
0.269360	127.00
0.269380	128.00
0.269400	127.00
0.269420	126.00
0.269440	125.00
0.269460	124.00
0.269480	124.00
0.269500	125.00
0.269520	127.00
0.269540	128.00
0.269560	129.00
0.269580	129.00
0.269600	128.00
0.269620	128.00
0.269640	127.00
0.269660	126.00
0.269680	126.00
0.269700	125.00
0.269720	125.00
0.269740	126.00
0.269760	126.00
0.269780	126.00
0.269800	126.00
0.269820	126.00
0.269840	126.00
0.269860	125.00
0.269880	124.00
0.269900	123.00
0.269920	123.00
0.269940	123.00
0.269960	124.00
0.269980	124.00
0.270000	124.00
0.270020	123.00
0.270040	123.00
0.270060	122.00
0.270080	122.00
0.270100	121.00
0.270120	122.00
0.270140	123.00
0.270160	124.00
0.270180	125.00
0.270200	125.00
0.270220	125.00
0.270240	125.00
0.270260	125.00
0.270280	126.00
0.270300	126.00
0.270320	127.00
0.270340	127.00
0.270360	127.00
0.270380	127.00
0.270400	128.00
0.270420	127.00
0.270440	127.00
0.270460	125.00
0.270480	124.00
0.270500	123.00
0.270520	123.00
0.270540	124.00
0.270560	124.00
0.270580	124.00
0.270600	124.00
0.270620	125.00
0.270640	125.00
0.270660	125.00
0.270680	125.00
0.270700	125.00
0.270720	125.00
0.270740	126.00
0.270760	126.00
0.270780	125.00
0.270800	124.00
0.270820	123.00
0.270840	122.00
0.270860	122.00
0.270880	122.00
0.270900	122.00
0.270920	123.00
0.270940	123.00
0.270960	124.00
0.270980	125.00
0.271000	126.00
0.271020	127.00
0.271040	127.00
0.271060	127.00
0.271080	126.00
0.271100	125.00
0.271120	125.00
0.271140	124.00
0.271160	124.00
0.271180	124.00
0.271200	124.00
0.271220	125.00
0.271240	125.00
0.271260	125.00
0.271280	124.00
0.271300	124.00
0.271320	126.00
0.271340	128.00
0.271360	129.00
0.271380	128.00
0.271400	126.00
0.271420	125.00
0.271440	127.00
0.271460	129.00
0.271480	129.00
0.271500	128.00
0.271520	127.00
0.271540	126.00
0.271560	126.00
0.271580	127.00
0.271600	127.00
0.271620	126.00
0.271640	126.00
0.271660	125.00
0.271680	125.00
0.271700	125.00
0.271720	124.00
0.271740	124.00
0.271760	124.00
0.271780	123.00
0.271800	122.00
0.271820	122.00
0.271840	122.00
0.271860	123.00
0.271880	124.00
0.271900	124.00
0.271920	124.00
0.271940	124.00
0.271960	125.00
0.271980	125.00
0.272000	125.00
0.272020	125.00
0.272040	124.00
0.272060	124.00
0.272080	125.00
0.272100	126.00
0.272120	127.00
0.272140	126.00
0.272160	126.00
0.272180	125.00
0.272200	125.00
0.272220	125.00
0.272240	125.00
0.272260	125.00
0.272280	125.00
0.272300	126.00
0.272320	127.00
0.272340	128.00
0.272360	128.00
0.272380	127.00
0.272400	127.00
0.272420	127.00
0.272440	127.00
0.272460	127.00
0.272480	126.00
0.272500	125.00
0.272520	125.00
0.272540	124.00
0.272560	123.00
0.272580	122.00
0.272600	122.00
0.272620	122.00
0.272640	123.00
0.272660	124.00
0.272680	125.00
0.272700	125.00
0.272720	125.00
0.272740	125.00
0.272760	126.00
0.272780	126.00
0.272800	125.00
0.272820	125.00
0.272840	125.00
0.272860	125.00
0.272880	126.00
0.272900	126.00
0.272920	125.00
0.272940	125.00
0.272960	125.00
0.272980	125.00
0.273000	124.00
0.273020	124.00
0.273040	124.00
0.273060	125.00
0.273080	126.00
0.273100	126.00
0.273120	125.00
0.273140	125.00
0.273160	125.00
0.273180	125.00
0.273200	125.00
0.273220	126.00
0.273240	126.00
0.273260	126.00
0.273280	125.00
0.273300	125.00
0.273320	125.00
0.273340	126.00
0.273360	127.00
0.273380	126.00
0.273400	125.00
0.273420	125.00
0.273440	125.00
0.273460	125.00
0.273480	125.00
0.273500	125.00
0.273520	124.00
0.273540	124.00
0.273560	125.00
0.273580	126.00
0.273600	126.00
0.273620	126.00
0.273640	125.00
0.273660	124.00
0.273680	125.00
0.273700	125.00
0.273720	125.00
0.273740	124.00
0.273760	123.00
0.273780	123.00
0.273800	123.00
0.273820	124.00
0.273840	125.00
0.273860	125.00
0.273880	125.00
0.273900	124.00
0.273920	124.00
0.273940	125.00
0.273960	126.00
0.273980	127.00
0.274000	127.00
0.274020	127.00
0.274040	127.00
0.274060	126.00
0.274080	126.00
0.274100	126.00
0.274120	126.00
0.274140	126.00
0.274160	125.00
0.274180	124.00
0.274200	123.00
0.274220	123.00
0.274240	123.00
0.274260	125.00
0.274280	126.00
0.274300	127.00
0.274320	127.00
0.274340	127.00
0.274360	126.00
0.274380	125.00
0.274400	125.00
0.274420	125.00
0.274440	125.00
0.274460	125.00
0.274480	126.00
0.274500	126.00
0.274520	126.00
0.274540	127.00
0.274560	126.00
0.274580	125.00
0.274600	123.00
0.274620	122.00
0.274640	122.00
0.274660	123.00
0.274680	123.00
0.274700	123.00
0.274720	124.00
0.274740	124.00
0.274760	125.00
0.274780	125.00
0.274800	124.00
0.274820	124.00
0.274840	125.00
0.274860	126.00
0.274880	127.00
0.274900	126.00
0.274920	124.00
0.274940	123.00
0.274960	122.00
0.274980	123.00
0.275000	125.00
0.275020	126.00
0.275040	126.00
0.275060	126.00
0.275080	126.00
0.275100	125.00
0.275120	124.00
0.275140	124.00
0.275160	124.00
0.275180	126.00
0.275200	127.00
0.275220	129.00
0.275240	129.00
0.275260	128.00
0.275280	127.00
0.275300	126.00
0.275320	125.00
0.275340	126.00
0.275360	127.00
0.275380	127.00
0.275400	126.00
0.275420	125.00
0.275440	125.00
0.275460	124.00
0.275480	124.00
0.275500	124.00
0.275520	123.00
0.275540	124.00
0.275560	125.00
0.275580	126.00
0.275600	126.00
0.275620	126.00
0.275640	126.00
0.275660	125.00
0.275680	125.00
0.275700	123.00
0.275720	122.00
0.275740	121.00
0.275760	122.00
0.275780	124.00
0.275800	125.00
0.275820	124.00
0.275840	124.00
0.275860	123.00
0.275880	123.00
0.275900	123.00
0.275920	123.00
0.275940	124.00
0.275960	125.00
0.275980	126.00
0.276000	127.00
0.276020	127.00
0.276040	127.00
0.276060	128.00
0.276080	128.00
0.276100	128.00
0.276120	127.00
0.276140	125.00
0.276160	124.00
0.276180	125.00
0.276200	126.00
0.276220	127.00
0.276240	126.00
0.276260	125.00
0.276280	124.00
0.276300	124.00
0.276320	125.00
0.276340	126.00
0.276360	127.00
0.276380	128.00
0.276400	127.00
0.276420	126.00
0.276440	125.00
0.276460	125.00
0.276480	125.00
0.276500	124.00
0.276520	124.00
0.276540	124.00
0.276560	125.00
0.276580	125.00
0.276600	125.00
0.276620	125.00
0.276640	124.00
0.276660	125.00
0.276680	125.00
0.276700	125.00
0.276720	125.00
0.276740	125.00
0.276760	124.00
0.276780	123.00
0.276800	123.00
0.276820	124.00
0.276840	125.00
0.276860	125.00
0.276880	126.00
0.276900	126.00
0.276920	125.00
0.276940	124.00
0.276960	124.00
0.276980	124.00
0.277000	124.00
0.277020	124.00
0.277040	125.00
0.277060	125.00
0.277080	124.00
0.277100	123.00
0.277120	123.00
0.277140	123.00
0.277160	125.00
0.277180	126.00
0.277200	127.00
0.277220	127.00
0.277240	128.00
0.277260	129.00
0.277280	129.00
0.277300	129.00
0.277320	127.00
0.277340	126.00
0.277360	125.00
0.277380	125.00
0.277400	125.00
0.277420	125.00
0.277440	124.00
0.277460	124.00
0.277480	124.00
0.277500	125.00
0.277520	126.00
0.277540	126.00
0.277560	124.00
0.277580	123.00
0.277600	123.00
0.277620	123.00
0.277640	123.00
0.277660	123.00
0.277680	124.00
0.277700	124.00
0.277720	125.00
0.277740	126.00
0.277760	127.00
0.277780	128.00
0.277800	127.00
0.277820	126.00
0.277840	125.00
0.277860	124.00
0.277880	124.00
0.277900	124.00
0.277920	123.00
0.277940	123.00
0.277960	124.00
0.277980	126.00
0.278000	128.00
0.278020	129.00
0.278040	129.00
0.278060	128.00
0.278080	126.00
0.278100	124.00
0.278120	123.00
0.278140	123.00
0.278160	123.00
0.278180	124.00
0.278200	125.00
0.278220	126.00
0.278240	127.00
0.278260	128.00
0.278280	129.00
0.278300	128.00
0.278320	127.00
0.278340	125.00
0.278360	123.00
0.278380	123.00
0.278400	123.00
0.278420	123.00
0.278440	123.00
0.278460	123.00
0.278480	123.00
0.278500	123.00
0.278520	124.00
0.278540	124.00
0.278560	124.00
0.278580	123.00
0.278600	123.00
0.278620	123.00
0.278640	123.00
0.278660	124.00
0.278680	124.00
0.278700	123.00
0.278720	123.00
0.278740	123.00
0.278760	125.00
0.278780	126.00
0.278800	126.00
0.278820	126.00
0.278840	125.00
0.278860	124.00
0.278880	124.00
0.278900	124.00
0.278920	124.00
0.278940	124.00
0.278960	124.00
0.278980	125.00
0.279000	125.00
0.279020	126.00
0.279040	126.00
0.279060	126.00
0.279080	126.00
0.279100	126.00
0.279120	126.00
0.279140	126.00
0.279160	126.00
0.279180	125.00
0.279200	125.00
0.279220	125.00
0.279240	124.00
0.279260	124.00
0.279280	125.00
0.279300	125.00
0.279320	126.00
0.279340	126.00
0.279360	126.00
0.279380	126.00
0.279400	126.00
0.279420	126.00
0.279440	127.00
0.279460	127.00
0.279480	128.00
0.279500	128.00
0.279520	127.00
0.279540	126.00
0.279560	126.00
0.279580	125.00
0.279600	125.00
0.279620	124.00
0.279640	123.00
0.279660	122.00
0.279680	122.00
0.279700	122.00
0.279720	124.00
0.279740	125.00
0.279760	126.00
0.279780	126.00
0.279800	126.00
0.279820	126.00
0.279840	126.00
0.279860	127.00
0.279880	127.00
0.279900	127.00
0.279920	126.00
0.279940	125.00
0.279960	125.00
0.279980	125.00
0.280000	126.00
0.280020	127.00
0.280040	127.00
0.280060	127.00
0.280080	126.00
0.280100	125.00
0.280120	124.00
0.280140	124.00
0.280160	125.00
0.280180	126.00
0.280200	126.00
0.280220	126.00
0.280240	125.00
0.280260	124.00
0.280280	124.00
0.280300	124.00
0.280320	125.00
0.280340	125.00
0.280360	125.00
0.280380	125.00
0.280400	124.00
0.280420	124.00
0.280440	125.00
0.280460	126.00
0.280480	127.00
0.280500	128.00
0.280520	127.00
0.280540	126.00
0.280560	124.00
0.280580	123.00
0.280600	123.00
0.280620	122.00
0.280640	122.00
0.280660	122.00
0.280680	122.00
0.280700	123.00
0.280720	125.00
0.280740	126.00
0.280760	126.00
0.280780	126.00
0.280800	126.00
0.280820	127.00
0.280840	127.00
0.280860	126.00
0.280880	126.00
0.280900	125.00
0.280920	125.00
0.280940	126.00
0.280960	126.00
0.280980	126.00
0.281000	125.00
0.281020	124.00
0.281040	124.00
0.281060	124.00
0.281080	125.00
0.281100	124.00
0.281120	124.00
0.281140	125.00
0.281160	125.00
0.281180	125.00
0.281200	125.00
0.281220	124.00
0.281240	124.00
0.281260	124.00
0.281280	124.00
0.281300	125.00
0.281320	125.00
0.281340	125.00
0.281360	126.00
0.281380	126.00
0.281400	126.00
0.281420	126.00
0.281440	125.00
0.281460	125.00
0.281480	124.00
0.281500	123.00
0.281520	121.00
0.281540	121.00
0.281560	121.00
0.281580	122.00
0.281600	124.00
0.281620	125.00
0.281640	126.00
0.281660	126.00
0.281680	126.00
0.281700	125.00
0.281720	124.00
0.281740	123.00
0.281760	122.00
0.281780	122.00
0.281800	123.00
0.281820	125.00
0.281840	126.00
0.281860	126.00
0.281880	126.00
0.281900	125.00
0.281920	124.00
0.281940	124.00
0.281960	124.00
0.281980	124.00
0.282000	124.00
0.282020	125.00
0.282040	124.00
0.282060	124.00
0.282080	125.00
0.282100	126.00
0.282120	128.00
0.282140	129.00
0.282160	130.00
0.282180	129.00
0.282200	127.00
0.282220	126.00
0.282240	125.00
0.282260	124.00
0.282280	123.00
0.282300	122.00
0.282320	122.00
0.282340	124.00
0.282360	126.00
0.282380	128.00
0.282400	129.00
0.282420	129.00
0.282440	129.00
0.282460	129.00
0.282480	127.00
0.282500	124.00
0.282520	120.00
0.282540	117.00
0.282560	116.00
0.282580	118.00
0.282600	121.00
0.282620	125.00
0.282640	128.00
0.282660	130.00
0.282680	130.00
0.282700	130.00
0.282720	128.00
0.282740	127.00
0.282760	125.00
0.282780	123.00
0.282800	121.00
0.282820	119.00
0.282840	119.00
0.282860	121.00
0.282880	124.00
0.282900	128.00
0.282920	130.00
0.282940	132.00
0.282960	132.00
0.282980	131.00
0.283000	129.00
0.283020	126.00
0.283040	123.00
0.283060	121.00
0.283080	119.00
0.283100	119.00
0.283120	120.00
0.283140	123.00
0.283160	127.00
0.283180	131.00
0.283200	132.00
0.283220	131.00
0.283240	128.00
0.283260	125.00
0.283280	122.00
0.283300	119.00
0.283320	118.00
0.283340	119.00
0.283360	122.00
0.283380	125.00
0.283400	128.00
0.283420	129.00
0.283440	130.00
0.283460	129.00
0.283480	127.00
0.283500	124.00
0.283520	120.00
0.283540	117.00
0.283560	118.00
0.283580	121.00
0.283600	124.00
0.283620	127.00
0.283640	129.00
0.283660	129.00
0.283680	129.00
0.283700	128.00
0.283720	126.00
0.283740	123.00
0.283760	121.00
0.283780	121.00
0.283800	122.00
0.283820	124.00
0.283840	124.00
0.283860	125.00
0.283880	126.00
0.283900	127.00
0.283920	128.00
0.283940	127.00
0.283960	125.00
0.283980	124.00
0.284000	125.00
0.284020	126.00
0.284040	126.00
0.284060	125.00
0.284080	123.00
0.284100	123.00
0.284120	123.00
0.284140	124.00
0.284160	126.00
0.284180	127.00
0.284200	129.00
0.284220	130.00
0.284240	129.00
0.284260	127.00
0.284280	124.00
0.284300	121.00
0.284320	118.00
0.284340	118.00
0.284360	119.00
0.284380	122.00
0.284400	126.00
0.284420	130.00
0.284440	133.00
0.284460	134.00
0.284480	133.00
0.284500	130.00
0.284520	125.00
0.284540	121.00
0.284560	118.00
0.284580	118.00
0.284600	120.00
0.284620	124.00
0.284640	127.00
0.284660	128.00
0.284680	128.00
0.284700	127.00
0.284720	127.00
0.284740	126.00
0.284760	125.00
0.284780	125.00
0.284800	124.00
0.284820	125.00
0.284840	125.00
0.284860	125.00
0.284880	124.00
0.284900	123.00
0.284920	121.00
0.284940	121.00
0.284960	122.00
0.284980	123.00
0.285000	126.00
0.285020	127.00
0.285040	128.00
0.285060	128.00
0.285080	127.00
0.285100	127.00
0.285120	126.00
0.285140	124.00
0.285160	123.00
0.285180	122.00
0.285200	122.00
0.285220	122.00
0.285240	123.00
0.285260	123.00
0.285280	124.00
0.285300	125.00
0.285320	126.00
0.285340	126.00
0.285360	126.00
0.285380	124.00
0.285400	124.00
0.285420	123.00
0.285440	123.00
0.285460	123.00
0.285480	123.00
0.285500	124.00
0.285520	125.00
0.285540	124.00
0.285560	122.00
0.285580	118.00
0.285600	117.00
0.285620	118.00
0.285640	123.00
0.285660	128.00
0.285680	133.00
0.285700	136.00
0.285720	138.00
0.285740	137.00
0.285760	132.00
0.285780	123.00
0.285800	113.00
0.285820	106.00
0.285840	106.00
0.285860	114.00
0.285880	125.00
0.285900	134.00
0.285920	140.00
0.285940	141.00
0.285960	140.00
0.285980	137.00
0.286000	133.00
0.286020	128.00
0.286040	122.00
0.286060	116.00
0.286080	112.00
0.286100	110.00
0.286120	111.00
0.286140	115.00
0.286160	121.00
0.286180	128.00
0.286200	134.00
0.286220	139.00
0.286240	142.00
0.286260	141.00
0.286280	137.00
0.286300	129.00
0.286320	119.00
0.286340	109.00
0.286360	103.00
0.286380	103.00
0.286400	110.00
0.286420	121.00
0.286440	134.00
0.286460	143.00
0.286480	147.00
0.286500	145.00
0.286520	136.00
0.286540	125.00
0.286560	115.00
0.286580	108.00
0.286600	107.00
0.286620	110.00
0.286640	116.00
0.286660	124.00
0.286680	132.00
0.286700	139.00
0.286720	143.00
0.286740	142.00
0.286760	136.00
0.286780	126.00
0.286800	116.00
0.286820	108.00
0.286840	105.00
0.286860	107.00
0.286880	114.00
0.286900	126.00
0.286920	137.00
0.286940	145.00
0.286960	147.00
0.286980	142.00
0.287000	134.00
0.287020	125.00
0.287040	117.00
0.287060	111.00
0.287080	109.00
0.287100	112.00
0.287120	117.00
0.287140	124.00
0.287160	129.00
0.287180	132.00
0.287200	133.00
0.287220	135.00
0.287240	136.00
0.287260	135.00
0.287280	130.00
0.287300	124.00
0.287320	119.00
0.287340	115.00
0.287360	114.00
0.287380	114.00
0.287400	116.00
0.287420	121.00
0.287440	127.00
0.287460	131.00
0.287480	132.00
0.287500	129.00
0.287520	125.00
0.287540	123.00
0.287560	123.00
0.287580	125.00
0.287600	127.00
0.287620	128.00
0.287640	128.00
0.287660	127.00
0.287680	125.00
0.287700	123.00
0.287720	122.00
0.287740	122.00
0.287760	123.00
0.287780	126.00
0.287800	129.00
0.287820	131.00
0.287840	131.00
0.287860	129.00
0.287880	126.00
0.287900	123.00
0.287920	122.00
0.287940	123.00
0.287960	125.00
0.287980	129.00
0.288000	131.00
0.288020	131.00
0.288040	128.00
0.288060	123.00
0.288080	118.00
0.288100	116.00
0.288120	118.00
0.288140	122.00
0.288160	128.00
0.288180	132.00
0.288200	134.00
0.288220	132.00
0.288240	129.00
0.288260	124.00
0.288280	119.00
0.288300	115.00
0.288320	114.00
0.288340	115.00
0.288360	118.00
0.288380	123.00
0.288400	127.00
0.288420	130.00
0.288440	132.00
0.288460	132.00
0.288480	131.00
0.288500	128.00
0.288520	126.00
0.288540	123.00
0.288560	121.00
0.288580	119.00
0.288600	119.00
0.288620	121.00
0.288640	125.00
0.288660	128.00
0.288680	131.00
0.288700	131.00
0.288720	129.00
0.288740	127.00
0.288760	126.00
0.288780	124.00
0.288800	124.00
0.288820	124.00
0.288840	125.00
0.288860	126.00
0.288880	126.00
0.288900	125.00
0.288920	123.00
0.288940	123.00
0.288960	124.00
0.288980	126.00
0.289000	126.00
0.289020	126.00
0.289040	127.00
0.289060	127.00
0.289080	128.00
0.289100	127.00
0.289120	126.00
0.289140	124.00
0.289160	123.00
0.289180	123.00
0.289200	122.00
0.289220	120.00
0.289240	120.00
0.289260	119.00
0.289280	120.00
0.289300	121.00
0.289320	123.00
0.289340	126.00
0.289360	130.00
0.289380	134.00
0.289400	136.00
0.289420	134.00
0.289440	128.00
0.289460	122.00
0.289480	116.00
0.289500	112.00
0.289520	112.00
0.289540	115.00
0.289560	122.00
0.289580	129.00
0.289600	136.00
0.289620	141.00
0.289640	141.00
0.289660	137.00
0.289680	131.00
0.289700	124.00
0.289720	118.00
0.289740	114.00
0.289760	112.00
0.289780	113.00
0.289800	117.00
0.289820	123.00
0.289840	130.00
0.289860	136.00
0.289880	139.00
0.289900	139.00
0.289920	136.00
0.289940	130.00
0.289960	123.00
0.289980	117.00
0.290000	112.00
0.290020	112.00
0.290040	115.00
0.290060	120.00
0.290080	126.00
0.290100	131.00
0.290120	132.00
0.290140	132.00
0.290160	130.00
0.290180	126.00
0.290200	124.00
0.290220	122.00
0.290240	123.00
0.290260	125.00
0.290280	127.00
0.290300	127.00
0.290320	125.00
0.290340	121.00
0.290360	118.00
0.290380	117.00
0.290400	119.00
0.290420	123.00
0.290440	129.00
0.290460	133.00
0.290480	136.00
0.290500	136.00
0.290520	133.00
0.290540	127.00
0.290560	120.00
0.290580	115.00
0.290600	112.00
0.290620	113.00
0.290640	118.00
0.290660	125.00
0.290680	132.00
0.290700	137.00
0.290720	137.00
0.290740	134.00
0.290760	128.00
0.290780	122.00
0.290800	117.00
0.290820	116.00
0.290840	117.00
0.290860	120.00
0.290880	124.00
0.290900	128.00
0.290920	132.00
0.290940	134.00
0.290960	134.00
0.290980	130.00
0.291000	125.00
0.291020	119.00
0.291040	116.00
0.291060	116.00
0.291080	118.00
0.291100	121.00
0.291120	124.00
0.291140	126.00
0.291160	127.00
0.291180	126.00
0.291200	124.00
0.291220	122.00
0.291240	122.00
0.291260	124.00
0.291280	127.00
0.291300	129.00
0.291320	130.00
0.291340	129.00
0.291360	127.00
0.291380	124.00
0.291400	122.00
0.291420	119.00
0.291440	118.00
0.291460	119.00
0.291480	123.00
0.291500	129.00
0.291520	134.00
0.291540	136.00
0.291560	136.00
0.291580	133.00
0.291600	128.00
0.291620	122.00
0.291640	116.00
0.291660	112.00
0.291680	112.00
0.291700	116.00
0.291720	123.00
0.291740	131.00
0.291760	136.00
0.291780	139.00
0.291800	137.00
0.291820	133.00
0.291840	127.00
0.291860	120.00
0.291880	116.00
0.291900	115.00
0.291920	117.00
0.291940	121.00
0.291960	126.00
0.291980	131.00
0.292000	134.00
0.292020	134.00
0.292040	131.00
0.292060	126.00
0.292080	122.00
0.292100	119.00
0.292120	120.00
0.292140	123.00
0.292160	126.00
0.292180	128.00
0.292200	128.00
0.292220	127.00
0.292240	125.00
0.292260	123.00
0.292280	121.00
0.292300	120.00
0.292320	120.00
0.292340	122.00
0.292360	124.00
0.292380	125.00
0.292400	125.00
0.292420	125.00
0.292440	125.00
0.292460	126.00
0.292480	129.00
0.292500	132.00
0.292520	134.00
0.292540	133.00
0.292560	130.00
0.292580	125.00
0.292600	119.00
0.292620	114.00
0.292640	113.00
0.292660	115.00
0.292680	119.00
0.292700	126.00
0.292720	134.00
0.292740	141.00
0.292760	143.00
0.292780	141.00
0.292800	134.00
0.292820	126.00
0.292840	118.00
0.292860	112.00
0.292880	109.00
0.292900	109.00
0.292920	112.00
0.292940	118.00
0.292960	127.00
0.292980	136.00
0.293000	143.00
0.293020	145.00
0.293040	141.00
0.293060	134.00
0.293080	125.00
0.293100	116.00
0.293120	109.00
0.293140	105.00
0.293160	105.00
0.293180	109.00
0.293200	117.00
0.293220	128.00
0.293240	138.00
0.293260	144.00
0.293280	145.00
0.293300	140.00
0.293320	132.00
0.293340	124.00
0.293360	117.00
0.293380	113.00
0.293400	111.00
0.293420	112.00
0.293440	115.00
0.293460	120.00
0.293480	126.00
0.293500	131.00
0.293520	134.00
0.293540	136.00
0.293560	137.00
0.293580	136.00
0.293600	133.00
0.293620	130.00
0.293640	125.00
0.293660	121.00
0.293680	117.00
0.293700	116.00
0.293720	116.00
0.293740	119.00
0.293760	122.00
0.293780	126.00
0.293800	129.00
0.293820	131.00
0.293840	133.00
0.293860	133.00
0.293880	133.00
0.293900	131.00
0.293920	127.00
0.293940	123.00
0.293960	118.00
0.293980	115.00
0.294000	113.00
0.294020	113.00
0.294040	115.00
0.294060	120.00
0.294080	126.00
0.294100	132.00
0.294120	136.00
0.294140	136.00
0.294160	133.00
0.294180	128.00
0.294200	122.00
0.294220	117.00
0.294240	114.00
0.294260	113.00
0.294280	116.00
0.294300	121.00
0.294320	126.00
0.294340	130.00
0.294360	130.00
0.294380	129.00
0.294400	127.00
0.294420	126.00
0.294440	126.00
0.294460	126.00
0.294480	127.00
0.294500	127.00
0.294520	127.00
0.294540	127.00
0.294560	125.00
0.294580	123.00
0.294600	120.00
0.294620	119.00
0.294640	121.00
0.294660	126.00
0.294680	130.00
0.294700	133.00
0.294720	134.00
0.294740	133.00
0.294760	131.00
0.294780	127.00
0.294800	122.00
0.294820	118.00
0.294840	115.00
0.294860	116.00
0.294880	119.00
0.294900	123.00
0.294920	127.00
0.294940	130.00
0.294960	132.00
0.294980	132.00
0.295000	131.00
0.295020	128.00
0.295040	124.00
0.295060	122.00
0.295080	119.00
0.295100	118.00
0.295120	118.00
0.295140	121.00
0.295160	125.00
0.295180	129.00
0.295200	131.00
0.295220	132.00
0.295240	131.00
0.295260	129.00
0.295280	127.00
0.295300	124.00
0.295320	121.00
0.295340	119.00
0.295360	120.00
0.295380	121.00
0.295400	123.00
0.295420	125.00
0.295440	126.00
0.295460	127.00
0.295480	129.00
0.295500	130.00
0.295520	128.00
0.295540	126.00
0.295560	124.00
0.295580	123.00
0.295600	123.00
0.295620	124.00
0.295640	124.00
0.295660	125.00
0.295680	125.00
0.295700	124.00
0.295720	124.00
0.295740	124.00
0.295760	125.00
0.295780	126.00
0.295800	127.00
0.295820	126.00
0.295840	124.00
0.295860	123.00
0.295880	123.00
0.295900	124.00
0.295920	124.00
0.295940	124.00
0.295960	124.00
0.295980	125.00
0.296000	126.00
0.296020	126.00
0.296040	125.00
0.296060	125.00
0.296080	125.00
0.296100	126.00
0.296120	126.00
0.296140	125.00
0.296160	124.00
0.296180	124.00
0.296200	125.00
0.296220	126.00
0.296240	127.00
0.296260	126.00
0.296280	126.00
0.296300	127.00
0.296320	128.00
0.296340	128.00
0.296360	127.00
0.296380	126.00
0.296400	125.00
0.296420	125.00
0.296440	125.00
0.296460	125.00
0.296480	125.00
0.296500	125.00
0.296520	125.00
0.296540	125.00
0.296560	124.00
0.296580	125.00
0.296600	126.00
0.296620	127.00
0.296640	127.00
0.296660	126.00
0.296680	125.00
0.296700	125.00
0.296720	125.00
0.296740	126.00
0.296760	125.00
0.296780	125.00
0.296800	125.00
0.296820	125.00
0.296840	126.00
0.296860	125.00
0.296880	124.00
0.296900	123.00
0.296920	123.00
0.296940	123.00
0.296960	123.00
0.296980	123.00
0.297000	123.00
0.297020	123.00
0.297040	124.00
0.297060	124.00
0.297080	124.00
0.297100	124.00
0.297120	124.00
0.297140	124.00
0.297160	125.00
0.297180	125.00
0.297200	125.00
0.297220	126.00
0.297240	126.00
0.297260	125.00
0.297280	125.00
0.297300	125.00
0.297320	125.00
0.297340	125.00
0.297360	125.00
0.297380	124.00
0.297400	124.00
0.297420	124.00
0.297440	125.00
0.297460	126.00
0.297480	127.00
0.297500	127.00
0.297520	127.00
0.297540	126.00
0.297560	126.00
0.297580	127.00
0.297600	127.00
0.297620	127.00
0.297640	126.00
0.297660	125.00
0.297680	124.00
0.297700	123.00
0.297720	124.00
0.297740	125.00
0.297760	125.00
0.297780	125.00
0.297800	125.00
0.297820	125.00
0.297840	125.00
0.297860	124.00
0.297880	123.00
0.297900	122.00
0.297920	121.00
0.297940	122.00
0.297960	123.00
0.297980	124.00
0.298000	125.00
0.298020	125.00
0.298040	126.00
0.298060	126.00
0.298080	125.00
0.298100	125.00
0.298120	124.00
0.298140	124.00
0.298160	124.00
0.298180	125.00
0.298200	125.00
0.298220	126.00
0.298240	127.00
0.298260	127.00
0.298280	127.00
0.298300	126.00
0.298320	127.00
0.298340	127.00
0.298360	127.00
0.298380	128.00
0.298400	127.00
0.298420	127.00
0.298440	126.00
0.298460	126.00
0.298480	125.00
0.298500	125.00
0.298520	126.00
0.298540	126.00
0.298560	126.00
0.298580	126.00
0.298600	127.00
0.298620	128.00
0.298640	128.00
0.298660	127.00
0.298680	126.00
0.298700	124.00
0.298720	124.00
0.298740	124.00
0.298760	123.00
0.298780	123.00
0.298800	123.00
0.298820	123.00
0.298840	123.00
0.298860	123.00
0.298880	123.00
0.298900	123.00
0.298920	123.00
0.298940	124.00
0.298960	123.00
0.298980	123.00
0.299000	123.00
0.299020	123.00
0.299040	124.00
0.299060	124.00
0.299080	124.00
0.299100	124.00
0.299120	125.00
0.299140	127.00
0.299160	128.00
0.299180	127.00
0.299200	126.00
0.299220	124.00
0.299240	123.00
0.299260	123.00
0.299280	123.00
0.299300	123.00
0.299320	123.00
0.299340	124.00
0.299360	126.00
0.299380	127.00
0.299400	127.00
0.299420	126.00
0.299440	126.00
0.299460	127.00
0.299480	127.00
0.299500	126.00
0.299520	125.00
0.299540	124.00
0.299560	124.00
0.299580	125.00
0.299600	125.00
0.299620	125.00
0.299640	124.00
0.299660	125.00
0.299680	126.00
0.299700	126.00
0.299720	126.00
0.299740	125.00
0.299760	124.00
0.299780	124.00
0.299800	123.00
0.299820	123.00
0.299840	123.00
0.299860	123.00
0.299880	124.00
0.299900	125.00
0.299920	126.00
0.299940	125.00
0.299960	125.00
0.299980	126.00
0.300000	126.00
0.300020	126.00
0.300040	126.00
0.300060	126.00
0.300080	126.00
0.300100	126.00
0.300120	126.00
0.300140	126.00
0.300160	124.00
0.300180	124.00
0.300200	124.00
0.300220	124.00
0.300240	125.00
0.300260	125.00
0.300280	125.00
0.300300	124.00
0.300320	124.00
0.300340	125.00
0.300360	125.00
0.300380	126.00
0.300400	126.00
0.300420	126.00
0.300440	127.00
0.300460	127.00
0.300480	127.00
0.300500	127.00
0.300520	126.00
0.300540	125.00
0.300560	124.00
0.300580	123.00
0.300600	123.00
0.300620	123.00
0.300640	123.00
0.300660	122.00
0.300680	123.00
0.300700	123.00
0.300720	124.00
0.300740	124.00
0.300760	125.00
0.300780	126.00
0.300800	126.00
0.300820	125.00
0.300840	124.00
0.300860	124.00
0.300880	124.00
0.300900	125.00
0.300920	125.00
0.300940	124.00
0.300960	124.00
0.300980	124.00
0.301000	125.00
0.301020	127.00
0.301040	127.00
0.301060	126.00
0.301080	125.00
0.301100	125.00
0.301120	125.00
0.301140	125.00
0.301160	125.00
0.301180	125.00
0.301200	126.00
0.301220	126.00
0.301240	126.00
0.301260	126.00
0.301280	126.00
0.301300	126.00
0.301320	127.00
0.301340	126.00
0.301360	126.00
0.301380	126.00
0.301400	126.00
0.301420	126.00
0.301440	126.00
0.301460	126.00
0.301480	126.00
0.301500	126.00
0.301520	125.00
0.301540	124.00
0.301560	123.00
0.301580	122.00
0.301600	122.00
0.301620	123.00
0.301640	124.00
0.301660	125.00
0.301680	125.00
0.301700	124.00
0.301720	124.00
0.301740	124.00
0.301760	124.00
0.301780	124.00
0.301800	124.00
0.301820	124.00
0.301840	124.00
0.301860	124.00
0.301880	123.00
0.301900	123.00
0.301920	124.00
0.301940	124.00
0.301960	125.00
0.301980	125.00
0.302000	126.00
0.302020	127.00
0.302040	127.00
0.302060	126.00
0.302080	125.00
0.302100	125.00
0.302120	124.00
0.302140	124.00
0.302160	124.00
0.302180	124.00
0.302200	125.00
0.302220	126.00
0.302240	127.00
0.302260	127.00
0.302280	127.00
0.302300	126.00
0.302320	126.00
0.302340	126.00
0.302360	126.00
0.302380	126.00
0.302400	125.00
0.302420	125.00
0.302440	125.00
0.302460	126.00
0.302480	125.00
0.302500	125.00
0.302520	125.00
0.302540	125.00
0.302560	125.00
0.302580	126.00
0.302600	125.00
0.302620	125.00
0.302640	124.00
0.302660	124.00
0.302680	124.00
0.302700	125.00
0.302720	125.00
0.302740	124.00
0.302760	123.00
0.302780	123.00
0.302800	123.00
0.302820	123.00
0.302840	123.00
0.302860	123.00
0.302880	124.00
0.302900	125.00
0.302920	126.00
0.302940	126.00
0.302960	126.00
0.302980	126.00
0.303000	126.00
0.303020	125.00
0.303040	125.00
0.303060	124.00
0.303080	124.00
0.303100	125.00
0.303120	125.00
0.303140	126.00
0.303160	126.00
0.303180	126.00
0.303200	126.00
0.303220	126.00
0.303240	127.00
0.303260	127.00
0.303280	126.00
0.303300	126.00
0.303320	126.00
0.303340	127.00
0.303360	126.00
0.303380	125.00
0.303400	125.00
0.303420	125.00
0.303440	125.00
0.303460	125.00
0.303480	124.00
0.303500	123.00
0.303520	123.00
0.303540	124.00
0.303560	125.00
0.303580	125.00
0.303600	124.00
0.303620	123.00
0.303640	123.00
0.303660	123.00
0.303680	123.00
0.303700	124.00
0.303720	125.00
0.303740	126.00
0.303760	126.00
0.303780	126.00
0.303800	125.00
0.303820	125.00
0.303840	125.00
0.303860	125.00
0.303880	126.00
0.303900	126.00
0.303920	126.00
0.303940	126.00
0.303960	125.00
0.303980	125.00
0.304000	125.00
0.304020	126.00
0.304040	126.00
0.304060	127.00
0.304080	126.00
0.304100	125.00
0.304120	124.00
0.304140	124.00
0.304160	125.00
0.304180	126.00
0.304200	127.00
0.304220	128.00
0.304240	128.00
0.304260	128.00
0.304280	128.00
0.304300	127.00
0.304320	126.00
0.304340	125.00
0.304360	125.00
0.304380	126.00
0.304400	126.00
0.304420	126.00
0.304440	125.00
0.304460	125.00
0.304480	124.00
0.304500	124.00
0.304520	124.00
0.304540	124.00
0.304560	124.00
0.304580	124.00
0.304600	124.00
0.304620	124.00
0.304640	123.00
0.304660	123.00
0.304680	123.00
0.304700	123.00
0.304720	123.00
0.304740	124.00
0.304760	124.00
0.304780	125.00
0.304800	126.00
0.304820	126.00
0.304840	126.00
0.304860	125.00
0.304880	124.00
0.304900	124.00
0.304920	124.00
0.304940	124.00
0.304960	124.00
0.304980	125.00
0.305000	125.00
0.305020	125.00
0.305040	125.00
0.305060	125.00
0.305080	126.00
0.305100	126.00
0.305120	126.00
0.305140	125.00
0.305160	125.00
0.305180	125.00
0.305200	125.00
0.305220	126.00
0.305240	127.00
0.305260	127.00
0.305280	127.00
0.305300	126.00
0.305320	126.00
0.305340	125.00
0.305360	125.00
0.305380	124.00
0.305400	125.00
0.305420	125.00
0.305440	125.00
0.305460	124.00
0.305480	123.00
0.305500	123.00
0.305520	123.00
0.305540	124.00
0.305560	125.00
0.305580	125.00
0.305600	124.00
0.305620	124.00
0.305640	123.00
0.305660	122.00
0.305680	121.00
0.305700	121.00
0.305720	121.00
0.305740	122.00
0.305760	124.00
0.305780	125.00
0.305800	125.00
0.305820	125.00
0.305840	125.00
0.305860	126.00
0.305880	127.00
0.305900	128.00
0.305920	127.00
0.305940	127.00
0.305960	127.00
0.305980	126.00
0.306000	125.00
0.306020	125.00
0.306040	124.00
0.306060	124.00
0.306080	125.00
0.306100	124.00
0.306120	124.00
0.306140	124.00
0.306160	125.00
0.306180	126.00
0.306200	127.00
0.306220	127.00
0.306240	125.00
0.306260	124.00
0.306280	123.00
0.306300	124.00
0.306320	125.00
0.306340	126.00
0.306360	126.00
0.306380	126.00
0.306400	126.00
0.306420	125.00
0.306440	125.00
0.306460	125.00
0.306480	125.00
0.306500	124.00
0.306520	124.00
0.306540	123.00
0.306560	123.00
0.306580	123.00
0.306600	123.00
0.306620	123.00
0.306640	123.00
0.306660	123.00
0.306680	123.00
0.306700	123.00
0.306720	123.00
0.306740	124.00
0.306760	125.00
0.306780	126.00
0.306800	127.00
0.306820	127.00
0.306840	126.00
0.306860	125.00
0.306880	124.00
0.306900	124.00
0.306920	125.00
0.306940	126.00
0.306960	125.00
0.306980	125.00
0.307000	125.00
0.307020	125.00
0.307040	126.00
0.307060	126.00
0.307080	126.00
0.307100	127.00
0.307120	128.00
0.307140	128.00
0.307160	128.00
0.307180	127.00
0.307200	126.00
0.307220	125.00
0.307240	125.00
0.307260	125.00
0.307280	125.00
0.307300	125.00
0.307320	126.00
0.307340	126.00
0.307360	127.00
0.307380	127.00
0.307400	126.00
0.307420	125.00
0.307440	124.00
0.307460	124.00
0.307480	125.00
0.307500	126.00
0.307520	126.00
0.307540	125.00
0.307560	124.00
0.307580	124.00
0.307600	124.00
0.307620	125.00
0.307640	126.00
0.307660	125.00
0.307680	125.00
0.307700	124.00
0.307720	124.00
0.307740	124.00
0.307760	124.00
0.307780	124.00
0.307800	125.00
0.307820	126.00
0.307840	126.00
0.307860	125.00
0.307880	123.00
0.307900	123.00
0.307920	123.00
0.307940	124.00
0.307960	125.00
0.307980	124.00
0.308000	124.00
0.308020	124.00
0.308040	126.00
0.308060	127.00
0.308080	126.00
0.308100	125.00
0.308120	124.00
0.308140	124.00
0.308160	125.00
0.308180	125.00
0.308200	125.00
0.308220	124.00
0.308240	124.00
0.308260	124.00
0.308280	124.00
0.308300	123.00
0.308320	123.00
0.308340	124.00
0.308360	124.00
0.308380	125.00
0.308400	125.00
0.308420	125.00
0.308440	125.00
0.308460	124.00
0.308480	123.00
0.308500	123.00
0.308520	123.00
0.308540	123.00
0.308560	124.00
0.308580	124.00
0.308600	124.00
0.308620	124.00
0.308640	125.00
0.308660	125.00
0.308680	125.00
0.308700	126.00
0.308720	126.00
0.308740	127.00
0.308760	128.00
0.308780	129.00
0.308800	128.00
0.308820	127.00
0.308840	126.00
0.308860	126.00
0.308880	126.00
0.308900	126.00
0.308920	126.00
0.308940	125.00
0.308960	125.00
0.308980	125.00
0.309000	125.00
0.309020	126.00
0.309040	126.00
0.309060	126.00
0.309080	126.00
0.309100	126.00
0.309120	128.00
0.309140	128.00
0.309160	128.00
0.309180	126.00
0.309200	124.00
0.309220	123.00
0.309240	124.00
0.309260	125.00
0.309280	125.00
0.309300	124.00
0.309320	124.00
0.309340	123.00
0.309360	124.00
0.309380	124.00
0.309400	125.00
0.309420	125.00
0.309440	125.00
0.309460	125.00
0.309480	124.00
0.309500	124.00
0.309520	123.00
0.309540	123.00
0.309560	123.00
0.309580	123.00
0.309600	123.00
0.309620	122.00
0.309640	122.00
0.309660	123.00
0.309680	124.00
0.309700	126.00
0.309720	126.00
0.309740	127.00
0.309760	127.00
0.309780	127.00
0.309800	127.00
0.309820	127.00
0.309840	126.00
0.309860	125.00
0.309880	125.00
0.309900	125.00
0.309920	126.00
0.309940	127.00
0.309960	126.00
0.309980	126.00
0.310000	125.00
0.310020	125.00
0.310040	125.00
0.310060	126.00
0.310080	126.00
0.310100	126.00
0.310120	125.00
0.310140	125.00
0.310160	125.00
0.310180	125.00
0.310200	124.00
0.310220	124.00
0.310240	124.00
0.310260	125.00
0.310280	125.00
0.310300	124.00
0.310320	124.00
0.310340	125.00
0.310360	126.00
0.310380	127.00
0.310400	127.00
0.310420	126.00
0.310440	125.00
0.310460	124.00
0.310480	124.00
0.310500	124.00
0.310520	123.00
0.310540	123.00
0.310560	123.00
0.310580	123.00
0.310600	123.00
0.310620	123.00
0.310640	123.00
0.310660	123.00
0.310680	125.00
0.310700	126.00
0.310720	126.00
0.310740	125.00
0.310760	125.00
0.310780	125.00
0.310800	126.00
0.310820	126.00
0.310840	126.00
0.310860	126.00
0.310880	125.00
0.310900	125.00
0.310920	125.00
0.310940	125.00
0.310960	125.00
0.310980	126.00
0.311000	126.00
0.311020	126.00
0.311040	126.00
0.311060	125.00
0.311080	125.00
0.311100	125.00
0.311120	125.00
0.311140	125.00
0.311160	126.00
0.311180	126.00
0.311200	126.00
0.311220	126.00
0.311240	126.00
0.311260	125.00
0.311280	125.00
0.311300	124.00
0.311320	124.00
0.311340	124.00
0.311360	124.00
0.311380	124.00
0.311400	124.00
0.311420	124.00
0.311440	124.00
0.311460	123.00
0.311480	123.00
0.311500	123.00
0.311520	124.00
0.311540	125.00
0.311560	125.00
0.311580	125.00
0.311600	125.00
0.311620	125.00
0.311640	126.00
0.311660	127.00
0.311680	127.00
