0.261700	100.00
0.261720	46.00
0.261740	99.00
0.261760	138.00
0.261780	142.00
0.261800	123.00
0.261820	111.00
0.261840	117.00
0.261860	130.00
0.261880	133.00
0.261900	125.00
0.261920	119.00
0.261940	123.00
0.261960	131.00
0.261980	132.00
0.262000	126.00
0.262020	121.00
0.262040	124.00
0.262060	130.00
0.262080	132.00
0.262100	127.00
0.262120	121.00
0.262140	120.00
0.262160	124.00
0.262180	126.00
0.262200	124.00
0.262220	122.00
0.262240	124.00
0.262260	127.00
0.262280	128.00
0.262300	126.00
0.262320	123.00
0.262340	124.00
0.262360	126.00
0.262380	126.00
0.262400	124.00
0.262420	122.00
0.262440	123.00
0.262460	126.00
0.262480	127.00
0.262500	126.00
0.262520	125.00
0.262540	126.00
0.262560	128.00
0.262580	128.00
0.262600	126.00
0.262620	123.00
0.262640	124.00
0.262660	126.00
0.262680	128.00
0.262700	126.00
0.262720	125.00
0.262740	125.00
0.262760	127.00
0.262780	126.00
0.262800	124.00
0.262820	122.00
0.262840	121.00
0.262860	123.00
0.262880	125.00
0.262900	124.00
0.262920	124.00
0.262940	124.00
0.262960	126.00
0.262980	126.00
0.263000	124.00
0.263020	123.00
0.263040	125.00
0.263060	127.00
0.263080	129.00
0.263100	127.00
0.263120	125.00
0.263140	125.00
0.263160	126.00
0.263180	126.00
0.263200	126.00
0.263220	124.00
0.263240	125.00
0.263260	126.00
0.263280	127.00
0.263300	127.00
0.263320	126.00
0.263340	126.00
0.263360	126.00
0.263380	127.00
0.263400	125.00
0.263420	124.00
0.263440	124.00
0.263460	126.00
0.263480	128.00
0.263500	127.00
0.263520	125.00
0.263540	123.00
0.263560	123.00
0.263580	124.00
0.263600	124.00
0.263620	124.00
0.263640	125.00
0.263660	125.00
0.263680	125.00
0.263700	125.00
0.263720	124.00
0.263740	123.00
0.263760	123.00
0.263780	124.00
0.263800	124.00
0.263820	124.00
0.263840	124.00
0.263860	124.00
0.263880	124.00
0.263900	123.00
0.263920	123.00
0.263940	123.00
0.263960	125.00
0.263980	126.00
0.264000	126.00
0.264020	125.00
0.264040	125.00
0.264060	125.00
0.264080	125.00
0.264100	126.00
0.264120	125.00
0.264140	125.00
0.264160	125.00
0.264180	125.00
0.264200	126.00
0.264220	126.00
0.264240	126.00
0.264260	125.00
0.264280	125.00
0.264300	124.00
0.264320	124.00
0.264340	126.00
0.264360	127.00
0.264380	127.00
0.264400	127.00
0.264420	126.00
0.264440	126.00
0.264460	126.00
0.264480	125.00
0.264500	125.00
0.264520	124.00
0.264540	124.00
0.264560	125.00
0.264580	124.00
0.264600	124.00
0.264620	124.00
0.264640	124.00
0.264660	124.00
0.264680	124.00
0.264700	124.00
0.264720	123.00
0.264740	124.00
0.264760	124.00
0.264780	125.00
0.264800	125.00
0.264820	124.00
0.264840	124.00
0.264860	123.00
0.264880	123.00
0.264900	124.00
0.264920	125.00
0.264940	126.00
0.264960	128.00
0.264980	128.00
0.265000	126.00
0.265020	125.00
0.265040	124.00
0.265060	124.00
0.265080	124.00
0.265100	124.00
0.265120	125.00
0.265140	126.00
0.265160	127.00
0.265180	127.00
0.265200	126.00
0.265220	125.00
0.265240	126.00
0.265260	127.00
0.265280	127.00
0.265300	127.00
0.265320	126.00
0.265340	126.00
0.265360	126.00
0.265380	126.00
0.265400	125.00
0.265420	125.00
0.265440	124.00
0.265460	124.00
0.265480	124.00
0.265500	124.00
0.265520	124.00
0.265540	124.00
0.265560	124.00
0.265580	124.00
0.265600	124.00
0.265620	124.00
0.265640	125.00
0.265660	125.00
0.265680	125.00
0.265700	124.00
0.265720	123.00
0.265740	124.00
0.265760	125.00
0.265780	126.00
0.265800	126.00
0.265820	126.00
0.265840	126.00
0.265860	127.00
0.265880	127.00
0.265900	128.00
0.265920	127.00
0.265940	126.00
0.265960	125.00
0.265980	124.00
0.266000	124.00
0.266020	124.00
0.266040	124.00
0.266060	124.00
0.266080	124.00
0.266100	125.00
0.266120	126.00
0.266140	127.00
0.266160	127.00
0.266180	127.00
0.266200	126.00
0.266220	126.00
0.266240	128.00
0.266260	129.00
0.266280	128.00
0.266300	127.00
0.266320	126.00
0.266340	126.00
0.266360	126.00
0.266380	125.00
0.266400	125.00
0.266420	124.00
0.266440	124.00
0.266460	125.00
0.266480	126.00
0.266500	126.00
0.266520	126.00
0.266540	125.00
0.266560	125.00
0.266580	124.00
0.266600	123.00
0.266620	123.00
0.266640	123.00
0.266660	123.00
0.266680	123.00
0.266700	123.00
0.266720	123.00
0.266740	123.00
0.266760	124.00
0.266780	125.00
0.266800	125.00
0.266820	126.00
0.266840	127.00
0.266860	127.00
0.266880	127.00
0.266900	127.00
0.266920	126.00
0.266940	126.00
0.266960	125.00
0.266980	124.00
0.267000	123.00
0.267020	124.00
0.267040	125.00
0.267060	127.00
0.267080	127.00
0.267100	126.00
0.267120	125.00
0.267140	124.00
0.267160	125.00
0.267180	126.00
0.267200	126.00
0.267220	126.00
0.267240	126.00
0.267260	127.00
0.267280	126.00
0.267300	126.00
0.267320	126.00
0.267340	126.00
0.267360	126.00
0.267380	126.00
0.267400	125.00
0.267420	126.00
0.267440	126.00
0.267460	126.00
0.267480	125.00
0.267500	124.00
0.267520	123.00
0.267540	124.00
0.267560	124.00
0.267580	124.00
0.267600	123.00
0.267620	122.00
0.267640	122.00
0.267660	123.00
0.267680	122.00
0.267700	122.00
0.267720	123.00
0.267740	124.00
0.267760	126.00
0.267780	127.00
0.267800	126.00
0.267820	126.00
0.267840	126.00
0.267860	127.00
0.267880	127.00
0.267900	127.00
0.267920	126.00
0.267940	125.00
0.267960	125.00
0.267980	125.00
0.268000	124.00
0.268020	124.00
0.268040	124.00
0.268060	125.00
0.268080	126.00
0.268100	126.00
0.268120	125.00
0.268140	125.00
0.268160	126.00
0.268180	126.00
0.268200	126.00
0.268220	125.00
0.268240	125.00
0.268260	125.00
0.268280	126.00
0.268300	126.00
0.268320	127.00
0.268340	127.00
0.268360	126.00
0.268380	126.00
0.268400	126.00
0.268420	125.00
0.268440	124.00
0.268460	124.00
0.268480	124.00
0.268500	124.00
0.268520	124.00
0.268540	124.00
0.268560	124.00
0.268580	124.00
0.268600	124.00
0.268620	123.00
0.268640	123.00
0.268660	123.00
0.268680	123.00
0.268700	123.00
0.268720	123.00
0.268740	124.00
0.268760	124.00
0.268780	125.00
0.268800	125.00
0.268820	125.00
0.268840	125.00
0.268860	125.00
0.268880	125.00
0.268900	126.00
0.268920	127.00
0.268940	128.00
0.268960	128.00
0.268980	128.00
0.269000	128.00
0.269020	127.00
0.269040	126.00
0.269060	126.00
0.269080	126.00
0.269100	125.00
0.269120	125.00
0.269140	125.00
0.269160	126.00
0.269180	127.00
0.269200	127.00
0.269220	126.00
0.269240	125.00
0.269260	125.00
0.269280	126.00
0.269300	126.00
0.269320	125.00
0.269340	125.00
0.269360	124.00
0.269380	124.00
0.269400	124.00
0.269420	124.00
0.269440	124.00
0.269460	124.00
0.269480	123.00
0.269500	122.00
0.269520	122.00
0.269540	122.00
0.269560	123.00
0.269580	123.00
0.269600	123.00
0.269620	123.00
0.269640	124.00
0.269660	125.00
0.269680	126.00
0.269700	126.00
0.269720	125.00
0.269740	125.00
0.269760	125.00
0.269780	125.00
0.269800	125.00
0.269820	125.00
0.269840	125.00
0.269860	125.00
0.269880	125.00
0.269900	125.00
0.269920	126.00
0.269940	126.00
0.269960	125.00
0.269980	124.00
0.270000	123.00
0.270020	124.00
0.270040	125.00
0.270060	127.00
0.270080	127.00
0.270100	126.00
0.270120	125.00
0.270140	125.00
0.270160	125.00
0.270180	126.00
0.270200	126.00
0.270220	125.00
0.270240	125.00
0.270260	124.00
0.270280	124.00
0.270300	124.00
0.270320	124.00
0.270340	124.00
0.270360	124.00
0.270380	124.00
0.270400	124.00
0.270420	123.00
0.270440	123.00
0.270460	124.00
0.270480	124.00
0.270500	123.00
0.270520	123.00
0.270540	123.00
0.270560	123.00
0.270580	123.00
0.270600	123.00
0.270620	123.00
0.270640	124.00
0.270660	125.00
0.270680	126.00
0.270700	126.00
0.270720	126.00
0.270740	126.00
0.270760	126.00
0.270780	127.00
0.270800	126.00
0.270820	125.00
0.270840	124.00
0.270860	124.00
0.270880	124.00
0.270900	125.00
0.270920	125.00
0.270940	127.00
0.270960	128.00
0.270980	128.00
0.271000	128.00
0.271020	127.00
0.271040	127.00
0.271060	126.00
0.271080	126.00
0.271100	125.00
0.271120	124.00
0.271140	124.00
0.271160	126.00
0.271180	127.00
0.271200	128.00
0.271220	128.00
0.271240	127.00
0.271260	127.00
0.271280	126.00
0.271300	126.00
0.271320	126.00
0.271340	125.00
0.271360	124.00
0.271380	123.00
0.271400	122.00
0.271420	122.00
0.271440	123.00
0.271460	124.00
0.271480	124.00
0.271500	125.00
0.271520	125.00
0.271540	125.00
0.271560	126.00
0.271580	126.00
0.271600	126.00
0.271620	125.00
0.271640	126.00
0.271660	126.00
0.271680	126.00
0.271700	126.00
0.271720	125.00
0.271740	125.00
0.271760	125.00
0.271780	125.00
0.271800	125.00
0.271820	125.00
0.271840	125.00
0.271860	125.00
0.271880	125.00
0.271900	125.00
0.271920	125.00
0.271940	125.00
0.271960	126.00
0.271980	127.00
0.272000	127.00
0.272020	127.00
0.272040	126.00
0.272060	125.00
0.272080	125.00
0.272100	126.00
0.272120	126.00
0.272140	126.00
0.272160	125.00
0.272180	124.00
0.272200	124.00
0.272220	124.00
0.272240	125.00
0.272260	125.00
0.272280	125.00
0.272300	124.00
0.272320	123.00
0.272340	123.00
0.272360	125.00
0.272380	127.00
0.272400	128.00
0.272420	128.00
0.272440	127.00
0.272460	125.00
0.272480	124.00
0.272500	122.00
0.272520	122.00
0.272540	122.00
0.272560	122.00
0.272580	123.00
0.272600	123.00
0.272620	124.00
0.272640	125.00
0.272660	126.00
0.272680	126.00
0.272700	126.00
0.272720	126.00
0.272740	126.00
0.272760	126.00
0.272780	125.00
0.272800	124.00
0.272820	124.00
0.272840	124.00
0.272860	125.00
0.272880	125.00
0.272900	125.00
0.272920	126.00
0.272940	128.00
0.272960	130.00
0.272980	131.00
0.273000	130.00
0.273020	129.00
0.273040	127.00
0.273060	126.00
0.273080	124.00
0.273100	123.00
0.273120	122.00
0.273140	122.00
0.273160	123.00
0.273180	124.00
0.273200	125.00
0.273220	125.00
0.273240	125.00
0.273260	125.00
0.273280	125.00
0.273300	124.00
0.273320	122.00
0.273340	121.00
0.273360	121.00
0.273380	121.00
0.273400	121.00
0.273420	122.00
0.273440	122.00
0.273460	124.00
0.273480	126.00
0.273500	127.00
0.273520	127.00
0.273540	126.00
0.273560	125.00
0.273580	124.00
0.273600	124.00
0.273620	125.00
0.273640	126.00
0.273660	127.00
0.273680	127.00
0.273700	127.00
0.273720	127.00
0.273740	127.00
0.273760	127.00
0.273780	128.00
0.273800	128.00
0.273820	126.00
0.273840	124.00
0.273860	122.00
0.273880	120.00
0.273900	120.00
0.273920	120.00
0.273940	121.00
0.273960	123.00
0.273980	127.00
0.274000	130.00
0.274020	133.00
0.274040	134.00
0.274060	133.00
0.274080	131.00
0.274100	128.00
0.274120	125.00
0.274140	122.00
0.274160	120.00
0.274180	119.00
0.274200	119.00
0.274220	120.00
0.274240	121.00
0.274260	122.00
0.274280	122.00
0.274300	122.00
0.274320	122.00
0.274340	122.00
0.274360	124.00
0.274380	126.00
0.274400	129.00
0.274420	131.00
0.274440	130.00
0.274460	128.00
0.274480	125.00
0.274500	122.00
0.274520	121.00
0.274540	120.00
0.274560	122.00
0.274580	125.00
0.274600	130.00
0.274620	134.00
0.274640	134.00
0.274660	129.00
0.274680	121.00
0.274700	112.00
0.274720	105.00
0.274740	103.00
0.274760	107.00
0.274780	117.00
0.274800	130.00
0.274820	145.00
0.274840	157.00
0.274860	161.00
0.274880	157.00
0.274900	144.00
0.274920	127.00
0.274940	109.00
0.274960	96.00
0.274980	91.00
0.275000	94.00
0.275020	105.00
0.275040	119.00
0.275060	133.00
0.275080	143.00
0.275100	148.00
0.275120	149.00
0.275140	145.00
0.275160	139.00
0.275180	132.00
0.275200	125.00
0.275220	121.00
0.275240	118.00
0.275260	116.00
0.275280	115.00
0.275300	114.00
0.275320	115.00
0.275340	117.00
0.275360	119.00
0.275380	119.00
0.275400	119.00
0.275420	120.00
0.275440	123.00
0.275460	130.00
0.275480	138.00
0.275500	145.00
0.275520	148.00
0.275540	146.00
0.275560	138.00
0.275580	124.00
0.275600	107.00
0.275620	93.00
0.275640	87.00
0.275660	92.00
0.275680	107.00
0.275700	126.00
0.275720	144.00
0.275740	156.00
0.275760	160.00
0.275780	156.00
0.275800	146.00
0.275820	130.00
0.275840	110.00
0.275860	92.00
0.275880	83.00
0.275900	86.00
0.275920	102.00
0.275940	125.00
0.275960	147.00
0.275980	162.00
0.276000	166.00
0.276020	160.00
0.276040	145.00
0.276060	126.00
0.276080	109.00
0.276100	99.00
0.276120	98.00
0.276140	104.00
0.276160	113.00
0.276180	122.00
0.276200	128.00
0.276220	131.00
0.276240	132.00
0.276260	132.00
0.276280	131.00
0.276300	131.00
0.276320	133.00
0.276340	135.00
0.276360	136.00
0.276380	134.00
0.276400	127.00
0.276420	116.00
0.276440	106.00
0.276460	99.00
0.276480	99.00
0.276500	108.00
0.276520	124.00
0.276540	141.00
0.276560	155.00
0.276580	160.00
0.276600	155.00
0.276620	143.00
0.276640	127.00
0.276660	112.00
0.276680	101.00
0.276700	96.00
0.276720	97.00
0.276740	105.00
0.276760	117.00
0.276780	131.00
0.276800	143.00
0.276820	151.00
0.276840	153.00
0.276860	147.00
0.276880	135.00
0.276900	121.00
0.276920	109.00
0.276940	104.00
0.276960	106.00
0.276980	112.00
0.277000	122.00
0.277020	131.00
0.277040	138.00
0.277060	140.00
0.277080	137.00
0.277100	130.00
0.277120	122.00
0.277140	116.00
0.277160	115.00
0.277180	117.00
0.277200	122.00
0.277220	128.00
0.277240	132.00
0.277260	133.00
0.277280	130.00
0.277300	125.00
0.277320	118.00
0.277340	113.00
0.277360	110.00
0.277380	111.00
0.277400	116.00
0.277420	123.00
0.277440	132.00
0.277460	140.00
0.277480	145.00
0.277500	145.00
0.277520	139.00
0.277540	130.00
0.277560	119.00
0.277580	109.00
0.277600	102.00
0.277620	100.00
0.277640	105.00
0.277660	115.00
0.277680	128.00
0.277700	141.00
0.277720	150.00
0.277740	154.00
0.277760	150.00
0.277780	141.00
0.277800	128.00
0.277820	117.00
0.277840	109.00
0.277860	106.00
0.277880	107.00
0.277900	112.00
0.277920	118.00
0.277940	125.00
0.277960	131.00
0.277980	135.00
0.278000	137.00
0.278020	136.00
0.278040	134.00
0.278060	131.00
0.278080	127.00
0.278100	122.00
0.278120	118.00
0.278140	114.00
0.278160	113.00
0.278180	114.00
0.278200	117.00
0.278220	121.00
0.278240	125.00
0.278260	130.00
0.278280	132.00
0.278300	133.00
0.278320	132.00
0.278340	128.00
0.278360	125.00
0.278380	121.00
0.278400	118.00
0.278420	117.00
0.278440	118.00
0.278460	122.00
0.278480	125.00
0.278500	128.00
0.278520	128.00
0.278540	127.00
0.278560	125.00
0.278580	124.00
0.278600	125.00
0.278620	126.00
0.278640	128.00
0.278660	130.00
0.278680	129.00
0.278700	128.00
0.278720	126.00
0.278740	123.00
0.278760	121.00
0.278780	119.00
0.278800	120.00
0.278820	122.00
0.278840	127.00
0.278860	132.00
0.278880	135.00
0.278900	136.00
0.278920	132.00
0.278940	127.00
0.278960	120.00
0.278980	116.00
0.279000	114.00
0.279020	116.00
0.279040	121.00
0.279060	126.00
0.279080	130.00
0.279100	131.00
0.279120	130.00
0.279140	126.00
0.279160	122.00
0.279180	120.00
0.279200	119.00
0.279220	119.00
0.279240	121.00
0.279260	122.00
0.279280	124.00
0.279300	125.00
0.279320	126.00
0.279340	126.00
0.279360	126.00
0.279380	125.00
0.279400	124.00
0.279420	123.00
0.279440	122.00
0.279460	123.00
0.279480	124.00
0.279500	126.00
0.279520	128.00
0.279540	129.00
0.279560	129.00
0.279580	127.00
0.279600	124.00
0.279620	122.00
0.279640	121.00
0.279660	121.00
0.279680	123.00
0.279700	124.00
0.279720	126.00
0.279740	128.00
0.279760	131.00
0.279780	132.00
0.279800	132.00
0.279820	129.00
0.279840	126.00
0.279860	123.00
0.279880	121.00
0.279900	120.00
0.279920	120.00
0.279940	121.00
0.279960	123.00
0.279980	126.00
0.280000	128.00
0.280020	131.00
0.280040	132.00
0.280060	132.00
0.280080	130.00
0.280100	126.00
0.280120	122.00
0.280140	118.00
0.280160	117.00
0.280180	118.00
0.280200	122.00
0.280220	127.00
0.280240	132.00
0.280260	135.00
0.280280	134.00
0.280300	128.00
0.280320	120.00
0.280340	113.00
0.280360	110.00
0.280380	113.00
0.280400	120.00
0.280420	129.00
0.280440	138.00
0.280460	143.00
0.280480	142.00
0.280500	137.00
0.280520	127.00
0.280540	117.00
0.280560	110.00
0.280580	110.00
0.280600	115.00
0.280620	124.00
0.280640	132.00
0.280660	136.00
0.280680	136.00
0.280700	133.00
0.280720	128.00
0.280740	124.00
0.280760	121.00
0.280780	121.00
0.280800	122.00
0.280820	126.00
0.280840	129.00
0.280860	131.00
0.280880	130.00
0.280900	127.00
0.280920	123.00
0.280940	121.00
0.280960	122.00
0.280980	124.00
0.281000	126.00
0.281020	128.00
0.281040	129.00
0.281060	127.00
0.281080	125.00
0.281100	122.00
0.281120	121.00
0.281140	120.00
0.281160	120.00
0.281180	120.00
0.281200	121.00
0.281220	122.00
0.281240	124.00
0.281260	126.00
0.281280	129.00
0.281300	130.00
0.281320	131.00
0.281340	130.00
0.281360	129.00
0.281380	126.00
0.281400	122.00
0.281420	118.00
0.281440	116.00
0.281460	116.00
0.281480	120.00
0.281500	125.00
0.281520	132.00
0.281540	137.00
0.281560	139.00
0.281580	137.00
0.281600	131.00
0.281620	125.00
0.281640	119.00
0.281660	114.00
0.281680	113.00
0.281700	115.00
0.281720	119.00
0.281740	125.00
0.281760	131.00
0.281780	134.00
0.281800	136.00
0.281820	135.00
0.281840	132.00
0.281860	127.00
0.281880	123.00
0.281900	118.00
0.281920	116.00
0.281940	117.00
0.281960	119.00
0.281980	123.00
0.282000	127.00
0.282020	129.00
0.282040	130.00
0.282060	129.00
0.282080	128.00
0.282100	127.00
0.282120	126.00
0.282140	125.00
0.282160	123.00
0.282180	121.00
0.282200	119.00
0.282220	119.00
0.282240	121.00
0.282260	124.00
0.282280	127.00
0.282300	128.00
0.282320	128.00
0.282340	127.00
0.282360	126.00
0.282380	125.00
0.282400	124.00
0.282420	124.00
0.282440	124.00
0.282460	125.00
0.282480	125.00
0.282500	124.00
0.282520	124.00
0.282540	123.00
0.282560	122.00
0.282580	122.00
0.282600	124.00
0.282620	126.00
0.282640	129.00
0.282660	132.00
0.282680	132.00
0.282700	131.00
0.282720	128.00
0.282740	124.00
0.282760	121.00
0.282780	119.00
0.282800	119.00
0.282820	122.00
0.282840	126.00
0.282860	130.00
0.282880	131.00
0.282900	130.00
0.282920	128.00
0.282940	124.00
0.282960	121.00
0.282980	120.00
0.283000	121.00
0.283020	123.00
0.283040	127.00
0.283060	129.00
0.283080	129.00
0.283100	126.00
0.283120	123.00
0.283140	121.00
0.283160	120.00
0.283180	120.00
0.283200	120.00
0.283220	121.00
0.283240	123.00
0.283260	126.00
0.283280	129.00
0.283300	131.00
0.283320	132.00
0.283340	132.00
0.283360	131.00
0.283380	129.00
0.283400	125.00
0.283420	121.00
0.283440	117.00
0.283460	116.00
0.283480	118.00
0.283500	123.00
0.283520	128.00
0.283540	133.00
0.283560	136.00
0.283580	137.00
0.283600	134.00
0.283620	130.00
0.283640	124.00
0.283660	119.00
0.283680	117.00
0.283700	118.00
0.283720	121.00
0.283740	125.00
0.283760	127.00
0.283780	129.00
0.283800	128.00
0.283820	127.00
0.283840	125.00
0.283860	124.00
0.283880	122.00
0.283900	122.00
0.283920	122.00
0.283940	122.00
0.283960	122.00
0.283980	122.00
0.284000	121.00
0.284020	121.00
0.284040	122.00
0.284060	123.00
0.284080	123.00
0.284100	122.00
0.284120	122.00
0.284140	122.00
0.284160	124.00
0.284180	126.00
0.284200	127.00
0.284220	126.00
0.284240	126.00
0.284260	126.00
0.284280	125.00
0.284300	123.00
0.284320	120.00
0.284340	119.00
0.284360	120.00
0.284380	123.00
0.284400	128.00
0.284420	131.00
0.284440	131.00
0.284460	130.00
0.284480	127.00
0.284500	125.00
0.284520	123.00
0.284540	121.00
0.284560	121.00
0.284580	122.00
0.284600	124.00
0.284620	126.00
0.284640	126.00
0.284660	126.00
0.284680	125.00
0.284700	125.00
0.284720	125.00
0.284740	126.00
0.284760	128.00
0.284780	128.00
0.284800	127.00
0.284820	126.00
0.284840	124.00
0.284860	122.00
0.284880	120.00
0.284900	119.00
0.284920	120.00
0.284940	122.00
0.284960	126.00
0.284980	129.00
0.285000	131.00
0.285020	131.00
0.285040	131.00
0.285060	128.00
0.285080	125.00
0.285100	122.00
0.285120	119.00
0.285140	119.00
0.285160	120.00
0.285180	123.00
0.285200	126.00
0.285220	129.00
0.285240	130.00
0.285260	131.00
0.285280	130.00
0.285300	128.00
0.285320	126.00
0.285340	123.00
0.285360	120.00
0.285380	118.00
0.285400	117.00
0.285420	118.00
0.285440	121.00
0.285460	126.00
0.285480	130.00
0.285500	133.00
0.285520	134.00
0.285540	133.00
0.285560	132.00
0.285580	129.00
0.285600	125.00
0.285620	120.00
0.285640	117.00
0.285660	116.00
0.285680	117.00
0.285700	120.00
0.285720	124.00
0.285740	129.00
0.285760	132.00
0.285780	133.00
0.285800	132.00
0.285820	128.00
0.285840	123.00
0.285860	119.00
0.285880	117.00
0.285900	117.00
0.285920	118.00
0.285940	120.00
0.285960	122.00
0.285980	125.00
0.286000	128.00
0.286020	130.00
0.286040	131.00
0.286060	131.00
0.286080	129.00
0.286100	127.00
0.286120	123.00
0.286140	120.00
0.286160	118.00
0.286180	116.00
0.286200	116.00
0.286220	118.00
0.286240	122.00
0.286260	127.00
0.286280	131.00
0.286300	134.00
0.286320	135.00
0.286340	134.00
0.286360	130.00
0.286380	126.00
0.286400	121.00
0.286420	117.00
0.286440	116.00
0.286460	117.00
0.286480	120.00
0.286500	124.00
0.286520	128.00
0.286540	131.00
0.286560	134.00
0.286580	134.00
0.286600	133.00
0.286620	130.00
0.286640	127.00
0.286660	124.00
0.286680	122.00
0.286700	120.00
0.286720	120.00
0.286740	121.00
0.286760	123.00
0.286780	126.00
0.286800	128.00
0.286820	129.00
0.286840	129.00
0.286860	129.00
0.286880	128.00
0.286900	126.00
0.286920	125.00
0.286940	124.00
0.286960	124.00
0.286980	124.00
0.287000	124.00
0.287020	123.00
0.287040	121.00
0.287060	121.00
0.287080	123.00
0.287100	126.00
0.287120	130.00
0.287140	131.00
0.287160	131.00
0.287180	128.00
0.287200	126.00
0.287220	125.00
0.287240	124.00
0.287260	124.00
0.287280	124.00
0.287300	124.00
0.287320	124.00
0.287340	124.00
0.287360	124.00
0.287380	123.00
0.287400	124.00
0.287420	125.00
0.287440	126.00
0.287460	128.00
0.287480	129.00
0.287500	129.00
0.287520	129.00
0.287540	129.00
0.287560	127.00
0.287580	125.00
0.287600	123.00
0.287620	121.00
0.287640	120.00
0.287660	119.00
0.287680	120.00
0.287700	122.00
0.287720	125.00
0.287740	128.00
0.287760	130.00
0.287780	130.00
0.287800	128.00
0.287820	125.00
0.287840	122.00
0.287860	119.00
0.287880	118.00
0.287900	117.00
0.287920	119.00
0.287940	121.00
0.287960	125.00
0.287980	128.00
0.288000	130.00
0.288020	131.00
0.288040	130.00
0.288060	127.00
0.288080	123.00
0.288100	120.00
0.288120	119.00
0.288140	121.00
0.288160	125.00
0.288180	128.00
0.288200	130.00
0.288220	130.00
0.288240	129.00
0.288260	127.00
0.288280	125.00
0.288300	122.00
0.288320	120.00
0.288340	120.00
0.288360	122.00
0.288380	126.00
0.288400	129.00
0.288420	131.00
0.288440	131.00
0.288460	130.00
0.288480	128.00
0.288500	126.00
0.288520	124.00
0.288540	121.00
0.288560	120.00
0.288580	121.00
0.288600	122.00
0.288620	124.00
0.288640	125.00
0.288660	126.00
0.288680	127.00
0.288700	127.00
0.288720	128.00
0.288740	128.00
0.288760	127.00
0.288780	125.00
0.288800	124.00
0.288820	122.00
0.288840	121.00
0.288860	120.00
0.288880	122.00
0.288900	124.00
0.288920	126.00
0.288940	128.00
0.288960	129.00
0.288980	129.00
0.289000	128.00
0.289020	125.00
0.289040	123.00
0.289060	121.00
0.289080	120.00
0.289100	119.00
0.289120	120.00
0.289140	122.00
0.289160	125.00
0.289180	129.00
0.289200	131.00
0.289220	132.00
0.289240	132.00
0.289260	129.00
0.289280	126.00
0.289300	123.00
0.289320	120.00
0.289340	119.00
0.289360	119.00
0.289380	121.00
0.289400	125.00
0.289420	129.00
0.289440	132.00
0.289460	134.00
0.289480	134.00
0.289500	131.00
0.289520	126.00
0.289540	122.00
0.289560	119.00
0.289580	118.00
0.289600	119.00
0.289620	121.00
0.289640	125.00
0.289660	128.00
0.289680	131.00
0.289700	131.00
0.289720	128.00
0.289740	124.00
0.289760	120.00
0.289780	118.00
0.289800	118.00
0.289820	120.00
0.289840	123.00
0.289860	126.00
0.289880	130.00
0.289900	133.00
0.289920	134.00
0.289940	133.00
0.289960	130.00
0.289980	125.00
0.290000	121.00
0.290020	118.00
0.290040	118.00
0.290060	120.00
0.290080	123.00
0.290100	126.00
0.290120	128.00
0.290140	130.00
0.290160	130.00
0.290180	128.00
0.290200	126.00
0.290220	124.00
0.290240	122.00
0.290260	122.00
0.290280	122.00
0.290300	123.00
0.290320	124.00
0.290340	127.00
0.290360	129.00
0.290380	130.00
0.290400	130.00
0.290420	128.00
0.290440	126.00
0.290460	124.00
0.290480	124.00
0.290500	124.00
0.290520	124.00
0.290540	124.00
0.290560	124.00
0.290580	124.00
0.290600	124.00
0.290620	124.00
0.290640	124.00
0.290660	124.00
0.290680	125.00
0.290700	125.00
0.290720	125.00
0.290740	125.00
0.290760	125.00
0.290780	125.00
0.290800	125.00
0.290820	124.00
0.290840	123.00
0.290860	123.00
0.290880	124.00
0.290900	126.00
0.290920	127.00
0.290940	128.00
0.290960	127.00
0.290980	126.00
0.291000	126.00
0.291020	125.00
0.291040	125.00
0.291060	124.00
0.291080	123.00
0.291100	124.00
0.291120	125.00
0.291140	127.00
0.291160	129.00
0.291180	130.00
0.291200	128.00
0.291220	126.00
0.291240	124.00
0.291260	123.00
0.291280	123.00
0.291300	123.00
0.291320	123.00
0.291340	124.00
0.291360	126.00
0.291380	128.00
0.291400	129.00
0.291420	130.00
0.291440	129.00
0.291460	128.00
0.291480	126.00
0.291500	124.00
0.291520	123.00
0.291540	122.00
0.291560	121.00
0.291580	120.00
0.291600	121.00
0.291620	122.00
0.291640	125.00
0.291660	127.00
0.291680	128.00
0.291700	128.00
0.291720	127.00
0.291740	126.00
0.291760	124.00
0.291780	123.00
0.291800	121.00
0.291820	119.00
0.291840	119.00
0.291860	121.00
0.291880	124.00
0.291900	127.00
0.291920	130.00
0.291940	130.00
0.291960	130.00
0.291980	128.00
0.292000	126.00
0.292020	124.00
0.292040	123.00
0.292060	121.00
0.292080	121.00
0.292100	122.00
0.292120	125.00
0.292140	128.00
0.292160	131.00
0.292180	132.00
0.292200	130.00
0.292220	127.00
0.292240	125.00
0.292260	124.00
0.292280	123.00
0.292300	123.00
0.292320	122.00
0.292340	123.00
0.292360	124.00
0.292380	126.00
0.292400	127.00
0.292420	127.00
0.292440	127.00
0.292460	126.00
0.292480	125.00
0.292500	124.00
0.292520	122.00
0.292540	121.00
0.292560	121.00
0.292580	123.00
0.292600	124.00
0.292620	125.00
0.292640	125.00
0.292660	125.00
0.292680	124.00
0.292700	124.00
0.292720	123.00
0.292740	123.00
0.292760	123.00
0.292780	124.00
0.292800	125.00
0.292820	125.00
0.292840	125.00
0.292860	125.00
0.292880	125.00
0.292900	125.00
0.292920	125.00
0.292940	124.00
0.292960	124.00
0.292980	125.00
0.293000	127.00
0.293020	128.00
0.293040	129.00
0.293060	129.00
0.293080	129.00
0.293100	128.00
0.293120	127.00
0.293140	125.00
0.293160	122.00
0.293180	121.00
0.293200	121.00
0.293220	122.00
0.293240	123.00
0.293260	125.00
0.293280	126.00
0.293300	128.00
0.293320	131.00
0.293340	132.00
0.293360	132.00
0.293380	130.00
0.293400	126.00
0.293420	122.00
0.293440	119.00
0.293460	118.00
0.293480	119.00
0.293500	121.00
0.293520	124.00
0.293540	127.00
0.293560	130.00
0.293580	131.00
0.293600	130.00
0.293620	128.00
0.293640	124.00
0.293660	121.00
0.293680	119.00
0.293700	119.00
0.293720	121.00
0.293740	124.00
0.293760	127.00
0.293780	130.00
0.293800	130.00
0.293820	129.00
0.293840	126.00
0.293860	123.00
0.293880	121.00
0.293900	121.00
0.293920	122.00
0.293940	123.00
0.293960	125.00
0.293980	126.00
0.294000	128.00
0.294020	130.00
0.294040	130.00
0.294060	129.00
0.294080	128.00
0.294100	126.00
0.294120	125.00
0.294140	123.00
0.294160	122.00
0.294180	123.00
0.294200	125.00
0.294220	127.00
0.294240	129.00
0.294260	129.00
0.294280	129.00
0.294300	129.00
0.294320	129.00
0.294340	127.00
0.294360	123.00
0.294380	120.00
0.294400	117.00
0.294420	118.00
0.294440	120.00
0.294460	123.00
0.294480	125.00
0.294500	127.00
0.294520	128.00
0.294540	128.00
0.294560	128.00
0.294580	126.00
0.294600	124.00
0.294620	122.00
0.294640	120.00
0.294660	120.00
0.294680	122.00
0.294700	124.00
0.294720	126.00
0.294740	127.00
0.294760	126.00
0.294780	125.00
0.294800	123.00
0.294820	123.00
0.294840	124.00
0.294860	126.00
0.294880	128.00
0.294900	129.00
0.294920	129.00
0.294940	128.00
0.294960	126.00
0.294980	124.00
0.295000	122.00
0.295020	121.00
0.295040	120.00
0.295060	120.00
0.295080	122.00
0.295100	125.00
0.295120	129.00
0.295140	130.00
0.295160	130.00
0.295180	128.00
0.295200	125.00
0.295220	123.00
0.295240	123.00
0.295260	123.00
0.295280	123.00
0.295300	124.00
0.295320	125.00
0.295340	126.00
0.295360	127.00
0.295380	126.00
0.295400	125.00
0.295420	124.00
0.295440	123.00
0.295460	123.00
0.295480	122.00
0.295500	123.00
0.295520	124.00
0.295540	126.00
0.295560	126.00
0.295580	126.00
0.295600	124.00
0.295620	123.00
0.295640	123.00
0.295660	124.00
0.295680	125.00
0.295700	125.00
0.295720	125.00
0.295740	125.00
0.295760	125.00
0.295780	126.00
0.295800	126.00
0.295820	127.00
0.295840	126.00
0.295860	125.00
0.295880	124.00
0.295900	124.00
0.295920	125.00
0.295940	126.00
0.295960	126.00
0.295980	125.00
0.296000	124.00
0.296020	123.00
0.296040	124.00
0.296060	125.00
0.296080	126.00
0.296100	127.00
0.296120	127.00
0.296140	126.00
0.296160	126.00
0.296180	127.00
0.296200	128.00
0.296220	129.00
0.296240	130.00
0.296260	130.00
0.296280	128.00
0.296300	126.00
0.296320	124.00
0.296340	123.00
0.296360	122.00
0.296380	120.00
0.296400	119.00
0.296420	119.00
0.296440	120.00
0.296460	122.00
0.296480	125.00
0.296500	127.00
0.296520	127.00
0.296540	127.00
0.296560	125.00
0.296580	124.00
0.296600	122.00
0.296620	121.00
0.296640	121.00
0.296660	122.00
0.296680	124.00
0.296700	125.00
0.296720	126.00
0.296740	126.00
0.296760	125.00
0.296780	125.00
0.296800	126.00
0.296820	126.00
0.296840	127.00
0.296860	127.00
0.296880	128.00
0.296900	128.00
0.296920	128.00
0.296940	128.00
0.296960	127.00
0.296980	126.00
0.297000	125.00
0.297020	125.00
0.297040	125.00
0.297060	125.00
0.297080	125.00
0.297100	125.00
0.297120	126.00
0.297140	126.00
0.297160	126.00
0.297180	126.00
0.297200	125.00
0.297220	125.00
0.297240	125.00
0.297260	125.00
0.297280	125.00
0.297300	124.00
0.297320	124.00
0.297340	124.00
0.297360	125.00
0.297380	125.00
0.297400	126.00
0.297420	126.00
0.297440	125.00
0.297460	124.00
0.297480	123.00
0.297500	123.00
0.297520	122.00
0.297540	122.00
0.297560	122.00
0.297580	123.00
0.297600	124.00
0.297620	126.00
0.297640	127.00
0.297660	128.00
0.297680	127.00
0.297700	126.00
0.297720	126.00
0.297740	125.00
0.297760	125.00
0.297780	124.00
0.297800	124.00
0.297820	124.00
0.297840	124.00
0.297860	125.00
0.297880	126.00
0.297900	127.00
0.297920	128.00
0.297940	129.00
0.297960	128.00
0.297980	126.00
0.298000	124.00
0.298020	123.00
0.298040	125.00
0.298060	127.00
0.298080	128.00
0.298100	128.00
0.298120	127.00
0.298140	125.00
0.298160	124.00
0.298180	123.00
0.298200	123.00
0.298220	123.00
0.298240	125.00
0.298260	126.00
0.298280	125.00
0.298300	124.00
0.298320	123.00
0.298340	123.00
0.298360	124.00
0.298380	125.00
0.298400	125.00
0.298420	124.00
0.298440	124.00
0.298460	125.00
0.298480	125.00
0.298500	126.00
0.298520	126.00
0.298540	125.00
0.298560	124.00
0.298580	124.00
0.298600	123.00
0.298620	123.00
0.298640	123.00
0.298660	123.00
0.298680	124.00
0.298700	125.00
0.298720	126.00
0.298740	127.00
0.298760	127.00
0.298780	126.00
0.298800	126.00
0.298820	126.00
0.298840	126.00
0.298860	127.00
0.298880	126.00
0.298900	126.00
0.298920	125.00
0.298940	125.00
0.298960	125.00
0.298980	125.00
0.299000	124.00
0.299020	124.00
0.299040	124.00
0.299060	125.00
0.299080	126.00
0.299100	126.00
0.299120	126.00
0.299140	127.00
0.299160	127.00
0.299180	127.00
0.299200	126.00
0.299220	125.00
0.299240	123.00
0.299260	123.00
0.299280	124.00
0.299300	124.00
0.299320	125.00
0.299340	125.00
0.299360	125.00
0.299380	125.00
0.299400	125.00
0.299420	124.00
0.299440	124.00
0.299460	124.00
0.299480	124.00
0.299500	124.00
0.299520	124.00
0.299540	124.00
0.299560	125.00
0.299580	125.00
0.299600	125.00
0.299620	125.00
0.299640	125.00
0.299660	126.00
0.299680	126.00
0.299700	125.00
0.299720	124.00
0.299740	123.00
0.299760	123.00
0.299780	124.00
0.299800	123.00
0.299820	123.00
0.299840	122.00
0.299860	122.00
0.299880	124.00
0.299900	126.00
0.299920	128.00
0.299940	129.00
0.299960	129.00
0.299980	128.00
0.300000	128.00
0.300020	127.00
0.300040	127.00
0.300060	127.00
0.300080	127.00
0.300100	127.00
0.300120	127.00
0.300140	127.00
0.300160	127.00
0.300180	127.00
0.300200	127.00
0.300220	126.00
0.300240	125.00
0.300260	124.00
0.300280	123.00
0.300300	123.00
0.300320	123.00
0.300340	123.00
0.300360	123.00
0.300380	122.00
0.300400	122.00
0.300420	122.00
0.300440	122.00
0.300460	122.00
0.300480	123.00
0.300500	124.00
0.300520	125.00
0.300540	125.00
0.300560	126.00
0.300580	126.00
0.300600	126.00
0.300620	125.00
0.300640	125.00
0.300660	124.00
0.300680	125.00
0.300700	125.00
0.300720	125.00
0.300740	125.00
0.300760	125.00
0.300780	125.00
0.300800	125.00
0.300820	125.00
0.300840	126.00
0.300860	126.00
0.300880	125.00
0.300900	125.00
0.300920	124.00
0.300940	125.00
0.300960	125.00
0.300980	126.00
0.301000	127.00
0.301020	127.00
0.301040	127.00
0.301060	127.00
0.301080	126.00
0.301100	125.00
0.301120	124.00
0.301140	124.00
0.301160	125.00
0.301180	125.00
0.301200	124.00
0.301220	124.00
0.301240	124.00
0.301260	124.00
0.301280	125.00
0.301300	125.00
0.301320	125.00
0.301340	125.00
0.301360	124.00
0.301380	124.00
0.301400	123.00
0.301420	122.00
0.301440	122.00
0.301460	122.00
0.301480	123.00
0.301500	123.00
0.301520	124.00
0.301540	125.00
0.301560	125.00
0.301580	125.00
0.301600	125.00
0.301620	125.00
0.301640	125.00
0.301660	125.00
0.301680	125.00
0.301700	125.00
0.301720	125.00
0.301740	126.00
0.301760	126.00
0.301780	126.00
0.301800	126.00
0.301820	126.00
0.301840	126.00
0.301860	126.00
0.301880	126.00
0.301900	125.00
0.301920	125.00
0.301940	125.00
0.301960	126.00
0.301980	126.00
0.302000	126.00
0.302020	126.00
0.302040	125.00
0.302060	125.00
0.302080	125.00
0.302100	125.00
0.302120	125.00
0.302140	124.00
0.302160	124.00
0.302180	124.00
0.302200	124.00
0.302220	124.00
0.302240	125.00
0.302260	126.00
0.302280	126.00
0.302300	126.00
0.302320	125.00
0.302340	125.00
0.302360	124.00
0.302380	124.00
0.302400	123.00
0.302420	123.00
0.302440	122.00
0.302460	122.00
0.302480	122.00
0.302500	123.00
0.302520	124.00
0.302540	125.00
0.302560	127.00
0.302580	127.00
0.302600	128.00
0.302620	128.00
0.302640	127.00
0.302660	127.00
0.302680	127.00
0.302700	126.00
0.302720	125.00
0.302740	124.00
0.302760	124.00
0.302780	125.00
0.302800	126.00
0.302820	128.00
0.302840	129.00
0.302860	129.00
0.302880	129.00
0.302900	128.00
0.302920	127.00
0.302940	126.00
0.302960	126.00
0.302980	127.00
0.303000	127.00
0.303020	126.00
0.303040	125.00
0.303060	125.00
0.303080	125.00
0.303100	125.00
0.303120	125.00
0.303140	125.00
0.303160	125.00
0.303180	125.00
0.303200	125.00
0.303220	124.00
0.303240	123.00
0.303260	123.00
0.303280	123.00
0.303300	123.00
0.303320	124.00
0.303340	124.00
0.303360	123.00
0.303380	122.00
0.303400	123.00
0.303420	124.00
0.303440	126.00
0.303460	126.00
0.303480	125.00
0.303500	124.00
0.303520	122.00
0.303540	122.00
0.303560	123.00
0.303580	125.00
0.303600	126.00
0.303620	126.00
0.303640	126.00
0.303660	126.00
0.303680	126.00
0.303700	126.00
0.303720	125.00
0.303740	125.00
0.303760	125.00
0.303780	124.00
0.303800	123.00
0.303820	123.00
0.303840	124.00
0.303860	126.00
0.303880	128.00
0.303900	128.00
0.303920	128.00
0.303940	126.00
0.303960	125.00
0.303980	125.00
0.304000	126.00
0.304020	126.00
0.304040	127.00
0.304060	127.00
0.304080	127.00
0.304100	127.00
0.304120	127.00
0.304140	125.00
0.304160	124.00
0.304180	123.00
0.304200	123.00
0.304220	122.00
0.304240	122.00
0.304260	122.00
0.304280	123.00
0.304300	123.00
0.304320	124.00
0.304340	124.00
0.304360	124.00
0.304380	125.00
0.304400	125.00
0.304420	126.00
0.304440	126.00
0.304460	125.00
0.304480	125.00
0.304500	125.00
0.304520	126.00
0.304540	126.00
0.304560	126.00
0.304580	127.00
0.304600	127.00
0.304620	128.00
0.304640	127.00
0.304660	127.00
0.304680	126.00
0.304700	126.00
0.304720	125.00
0.304740	125.00
0.304760	125.00
0.304780	124.00
0.304800	125.00
0.304820	125.00
0.304840	126.00
0.304860	126.00
0.304880	126.00
0.304900	125.00
0.304920	125.00
0.304940	124.00
0.304960	124.00
0.304980	124.00
0.305000	124.00
0.305020	124.00
0.305040	124.00
0.305060	125.00
0.305080	125.00
0.305100	125.00
0.305120	125.00
0.305140	125.00
0.305160	124.00
0.305180	124.00
0.305200	124.00
0.305220	123.00
0.305240	123.00
0.305260	123.00
0.305280	123.00
0.305300	125.00
0.305320	126.00
0.305340	127.00
0.305360	127.00
0.305380	126.00
0.305400	126.00
0.305420	126.00
0.305440	126.00
0.305460	126.00
0.305480	126.00
0.305500	126.00
0.305520	125.00
0.305540	123.00
0.305560	123.00
0.305580	123.00
0.305600	124.00
0.305620	125.00
0.305640	125.00
0.305660	125.00
0.305680	125.00
0.305700	125.00
0.305720	126.00
0.305740	126.00
0.305760	125.00
0.305780	125.00
0.305800	125.00
0.305820	125.00
0.305840	126.00
0.305860	126.00
0.305880	126.00
0.305900	127.00
0.305920	127.00
0.305940	127.00
0.305960	126.00
0.305980	125.00
0.306000	124.00
0.306020	124.00
0.306040	124.00
0.306060	124.00
0.306080	124.00
0.306100	124.00
0.306120	124.00
0.306140	124.00
0.306160	123.00
0.306180	123.00
0.306200	123.00
0.306220	124.00
0.306240	125.00
0.306260	125.00
0.306280	124.00
0.306300	123.00
0.306320	124.00
0.306340	126.00
0.306360	127.00
0.306380	127.00
0.306400	125.00
0.306420	124.00
0.306440	125.00
0.306460	126.00
0.306480	127.00
0.306500	126.00
0.306520	125.00
0.306540	125.00
0.306560	126.00
0.306580	126.00
0.306600	126.00
0.306620	125.00
0.306640	125.00
0.306660	125.00
0.306680	126.00
0.306700	126.00
0.306720	125.00
0.306740	125.00
0.306760	125.00
0.306780	125.00
0.306800	126.00
0.306820	126.00
0.306840	125.00
0.306860	124.00
0.306880	123.00
0.306900	124.00
0.306920	124.00
0.306940	125.00
0.306960	124.00
0.306980	123.00
0.307000	123.00
0.307020	123.00
0.307040	124.00
0.307060	123.00
0.307080	123.00
0.307100	122.00
0.307120	123.00
0.307140	124.00
0.307160	125.00
0.307180	124.00
0.307200	124.00
0.307220	123.00
0.307240	124.00
0.307260	124.00
0.307280	124.00
0.307300	123.00
0.307320	124.00
0.307340	125.00
0.307360	126.00
0.307380	126.00
0.307400	126.00
0.307420	127.00
0.307440	128.00
0.307460	129.00
0.307480	129.00
0.307500	127.00
0.307520	126.00
0.307540	125.00
0.307560	125.00
0.307580	124.00
0.307600	124.00
0.307620	125.00
0.307640	126.00
0.307660	127.00
0.307680	128.00
0.307700	127.00
0.307720	126.00
0.307740	125.00
0.307760	125.00
0.307780	125.00
0.307800	124.00
0.307820	123.00
0.307840	122.00
0.307860	123.00
0.307880	124.00
0.307900	125.00
0.307920	126.00
0.307940	127.00
0.307960	127.00
0.307980	127.00
0.308000	126.00
0.308020	125.00
0.308040	124.00
0.308060	123.00
0.308080	123.00
0.308100	123.00
0.308120	124.00
0.308140	124.00
0.308160	125.00
0.308180	125.00
0.308200	125.00
0.308220	125.00
0.308240	125.00
0.308260	125.00
0.308280	124.00
0.308300	124.00
0.308320	125.00
0.308340	126.00
0.308360	127.00
0.308380	126.00
0.308400	126.00
0.308420	125.00
0.308440	124.00
0.308460	124.00
0.308480	124.00
0.308500	124.00
0.308520	123.00
0.308540	124.00
0.308560	125.00
0.308580	125.00
0.308600	126.00
0.308620	127.00
0.308640	127.00
0.308660	128.00
0.308680	129.00
0.308700	128.00
0.308720	127.00
0.308740	125.00
0.308760	124.00
0.308780	122.00
0.308800	121.00
0.308820	121.00
0.308840	122.00
0.308860	123.00
0.308880	124.00
0.308900	125.00
0.308920	125.00
0.308940	125.00
0.308960	125.00
0.308980	125.00
0.309000	124.00
0.309020	123.00
0.309040	122.00
0.309060	121.00
0.309080	120.00
0.309100	120.00
0.309120	121.00
0.309140	123.00
0.309160	124.00
0.309180	124.00
0.309200	123.00
0.309220	122.00
0.309240	123.00
0.309260	125.00
0.309280	128.00
0.309300	129.00
0.309320	129.00
0.309340	127.00
0.309360	125.00
0.309380	124.00
0.309400	124.00
0.309420	124.00
0.309440	125.00
0.309460	126.00
0.309480	127.00
0.309500	127.00
0.309520	127.00
0.309540	127.00
0.309560	127.00
0.309580	127.00
0.309600	126.00
0.309620	125.00
0.309640	125.00
0.309660	126.00
0.309680	126.00
0.309700	126.00
0.309720	126.00
0.309740	125.00
0.309760	124.00
0.309780	123.00
0.309800	123.00
0.309820	122.00
0.309840	123.00
0.309860	124.00
0.309880	126.00
0.309900	126.00
0.309920	125.00
0.309940	124.00
0.309960	123.00
0.309980	124.00
0.310000	124.00
0.310020	125.00
0.310040	125.00
0.310060	125.00
0.310080	125.00
0.310100	125.00
0.310120	126.00
0.310140	126.00
0.310160	125.00
0.310180	125.00
0.310200	124.00
0.310220	124.00
0.310240	124.00
0.310260	125.00
0.310280	125.00
0.310300	125.00
0.310320	124.00
0.310340	124.00
0.310360	124.00
0.310380	124.00
0.310400	125.00
0.310420	125.00
0.310440	126.00
0.310460	126.00
0.310480	127.00
0.310500	127.00
0.310520	127.00
0.310540	126.00
0.310560	125.00
0.310580	125.00
0.310600	125.00
0.310620	125.00
0.310640	126.00
0.310660	127.00
0.310680	127.00
0.310700	126.00
0.310720	126.00
0.310740	126.00
0.310760	126.00
0.310780	126.00
0.310800	124.00
0.310820	123.00
0.310840	122.00
0.310860	123.00
0.310880	125.00
0.310900	125.00
0.310920	125.00
0.310940	125.00
0.310960	125.00
0.310980	125.00
0.311000	125.00
0.311020	124.00
0.311040	124.00
0.311060	124.00
0.311080	124.00
0.311100	125.00
0.311120	125.00
0.311140	124.00
0.311160	124.00
0.311180	124.00
0.311200	124.00
0.311220	124.00
0.311240	125.00
0.311260	126.00
0.311280	127.00
0.311300	128.00
0.311320	127.00
0.311340	126.00
0.311360	125.00
0.311380	124.00
0.311400	124.00
0.311420	124.00
0.311440	124.00
0.311460	125.00
0.311480	125.00
0.311500	125.00
0.311520	125.00
0.311540	125.00
0.311560	125.00
0.311580	126.00
0.311600	126.00
0.311620	127.00
0.311640	127.00
0.311660	127.00
0.311680	127.00
