0.261700	102.00
0.261720	51.00
0.261740	103.00
0.261760	142.00
0.261780	146.00
0.261800	126.00
0.261820	113.00
0.261840	118.00
0.261860	130.00
0.261880	133.00
0.261900	124.00
0.261920	117.00
0.261940	119.00
0.261960	126.00
0.261980	129.00
0.262000	124.00
0.262020	120.00
0.262040	121.00
0.262060	126.00
0.262080	127.00
0.262100	124.00
0.262120	120.00
0.262140	121.00
0.262160	125.00
0.262180	125.00
0.262200	122.00
0.262220	120.00
0.262240	122.00
0.262260	126.00
0.262280	127.00
0.262300	125.00
0.262320	123.00
0.262340	124.00
0.262360	127.00
0.262380	128.00
0.262400	126.00
0.262420	123.00
0.262440	122.00
0.262460	124.00
0.262480	126.00
0.262500	126.00
0.262520	126.00
0.262540	127.00
0.262560	129.00
0.262580	130.00
0.262600	130.00
0.262620	128.00
0.262640	127.00
0.262660	127.00
0.262680	126.00
0.262700	124.00
0.262720	123.00
0.262740	125.00
0.262760	127.00
0.262780	128.00
0.262800	126.00
0.262820	124.00
0.262840	123.00
0.262860	123.00
0.262880	123.00
0.262900	123.00
0.262920	123.00
0.262940	124.00
0.262960	127.00
0.262980	128.00
0.263000	127.00
0.263020	125.00
0.263040	125.00
0.263060	125.00
0.263080	125.00
0.263100	123.00
0.263120	122.00
0.263140	122.00
0.263160	123.00
0.263180	124.00
0.263200	124.00
0.263220	124.00
0.263240	124.00
0.263260	125.00
0.263280	126.00
0.263300	125.00
0.263320	124.00
0.263340	125.00
0.263360	125.00
0.263380	125.00
0.263400	125.00
0.263420	124.00
0.263440	124.00
0.263460	125.00
0.263480	125.00
0.263500	125.00
0.263520	125.00
0.263540	125.00
0.263560	126.00
0.263580	126.00
0.263600	126.00
0.263620	126.00
0.263640	127.00
0.263660	128.00
0.263680	127.00
0.263700	126.00
0.263720	126.00
0.263740	127.00
0.263760	127.00
0.263780	127.00
0.263800	125.00
0.263820	124.00
0.263840	125.00
0.263860	126.00
0.263880	125.00
0.263900	124.00
0.263920	123.00
0.263940	123.00
0.263960	124.00
0.263980	124.00
0.264000	124.00
0.264020	125.00
0.264040	126.00
0.264060	128.00
0.264080	128.00
0.264100	127.00
0.264120	125.00
0.264140	125.00
0.264160	126.00
0.264180	126.00
0.264200	126.00
0.264220	126.00
0.264240	126.00
0.264260	127.00
0.264280	127.00
0.264300	126.00
0.264320	125.00
0.264340	125.00
0.264360	126.00
0.264380	127.00
0.264400	127.00
0.264420	126.00
0.264440	125.00
0.264460	125.00
0.264480	126.00
0.264500	126.00
0.264520	125.00
0.264540	125.00
0.264560	125.00
0.264580	125.00
0.264600	126.00
0.264620	126.00
0.264640	127.00
0.264660	127.00
0.264680	126.00
0.264700	125.00
0.264720	125.00
0.264740	126.00
0.264760	126.00
0.264780	126.00
0.264800	125.00
0.264820	125.00
0.264840	125.00
0.264860	125.00
0.264880	125.00
0.264900	124.00
0.264920	123.00
0.264940	124.00
0.264960	124.00
0.264980	124.00
0.265000	123.00
0.265020	123.00
0.265040	124.00
0.265060	124.00
0.265080	124.00
0.265100	122.00
0.265120	122.00
0.265140	123.00
0.265160	125.00
0.265180	126.00
0.265200	125.00
0.265220	125.00
0.265240	125.00
0.265260	125.00
0.265280	125.00
0.265300	123.00
0.265320	122.00
0.265340	123.00
0.265360	124.00
0.265380	125.00
0.265400	125.00
0.265420	124.00
0.265440	124.00
0.265460	125.00
0.265480	126.00
0.265500	125.00
0.265520	125.00
0.265540	126.00
0.265560	127.00
0.265580	127.00
0.265600	125.00
0.265620	124.00
0.265640	123.00
0.265660	124.00
0.265680	125.00
0.265700	125.00
0.265720	125.00
0.265740	125.00
0.265760	126.00
0.265780	126.00
0.265800	126.00
0.265820	125.00
0.265840	124.00
0.265860	125.00
0.265880	127.00
0.265900	127.00
0.265920	126.00
0.265940	125.00
0.265960	125.00
0.265980	125.00
0.266000	125.00
0.266020	125.00
0.266040	125.00
0.266060	124.00
0.266080	124.00
0.266100	125.00
0.266120	125.00
0.266140	125.00
0.266160	125.00
0.266180	125.00
0.266200	126.00
0.266220	127.00
0.266240	128.00
0.266260	127.00
0.266280	126.00
0.266300	124.00
0.266320	124.00
0.266340	125.00
0.266360	126.00
0.266380	125.00
0.266400	124.00
0.266420	123.00
0.266440	124.00
0.266460	126.00
0.266480	127.00
0.266500	127.00
0.266520	125.00
0.266540	124.00
0.266560	124.00
0.266580	125.00
0.266600	125.00
0.266620	125.00
0.266640	125.00
0.266660	126.00
0.266680	126.00
0.266700	125.00
0.266720	125.00
0.266740	126.00
0.266760	127.00
0.266780	127.00
0.266800	126.00
0.266820	125.00
0.266840	124.00
0.266860	124.00
0.266880	124.00
0.266900	125.00
0.266920	125.00
0.266940	125.00
0.266960	125.00
0.266980	124.00
0.267000	123.00
0.267020	123.00
0.267040	123.00
0.267060	124.00
0.267080	125.00
0.267100	125.00
0.267120	124.00
0.267140	124.00
0.267160	124.00
0.267180	125.00
0.267200	124.00
0.267220	123.00
0.267240	123.00
0.267260	123.00
0.267280	124.00
0.267300	124.00
0.267320	124.00
0.267340	124.00
0.267360	125.00
0.267380	126.00
0.267400	127.00
0.267420	126.00
0.267440	125.00
0.267460	125.00
0.267480	126.00
0.267500	126.00
0.267520	127.00
0.267540	127.00
0.267560	127.00
0.267580	127.00
0.267600	127.00
0.267620	126.00
0.267640	126.00
0.267660	126.00
0.267680	126.00
0.267700	126.00
0.267720	126.00
0.267740	126.00
0.267760	126.00
0.267780	126.00
0.267800	125.00
0.267820	123.00
0.267840	123.00
0.267860	123.00
0.267880	124.00
0.267900	124.00
0.267920	123.00
0.267940	123.00
0.267960	124.00
0.267980	125.00
0.268000	126.00
0.268020	126.00
0.268040	125.00
0.268060	125.00
0.268080	126.00
0.268100	127.00
0.268120	128.00
0.268140	128.00
0.268160	127.00
0.268180	126.00
0.268200	125.00
0.268220	125.00
0.268240	126.00
0.268260	127.00
0.268280	128.00
0.268300	127.00
0.268320	126.00
0.268340	125.00
0.268360	125.00
0.268380	125.00
0.268400	124.00
0.268420	123.00
0.268440	123.00
0.268460	125.00
0.268480	126.00
0.268500	127.00
0.268520	128.00
0.268540	127.00
0.268560	126.00
0.268580	125.00
0.268600	124.00
0.268620	124.00
0.268640	125.00
0.268660	125.00
0.268680	125.00
0.268700	125.00
0.268720	125.00
0.268740	125.00
0.268760	126.00
0.268780	125.00
0.268800	125.00
0.268820	124.00
0.268840	124.00
0.268860	125.00
0.268880	125.00
0.268900	125.00
0.268920	124.00
0.268940	124.00
0.268960	125.00
0.268980	125.00
0.269000	126.00
0.269020	126.00
0.269040	126.00
0.269060	126.00
0.269080	126.00
0.269100	125.00
0.269120	124.00
0.269140	122.00
0.269160	121.00
0.269180	121.00
0.269200	121.00
0.269220	122.00
0.269240	122.00
0.269260	123.00
0.269280	123.00
0.269300	124.00
0.269320	124.00
0.269340	125.00
0.269360	127.00
0.269380	127.00
0.269400	128.00
0.269420	127.00
0.269440	126.00
0.269460	126.00
0.269480	126.00
0.269500	126.00
0.269520	126.00
0.269540	125.00
0.269560	125.00
0.269580	124.00
0.269600	124.00
0.269620	125.00
0.269640	125.00
0.269660	125.00
0.269680	124.00
0.269700	122.00
0.269720	121.00
0.269740	120.00
0.269760	121.00
0.269780	122.00
0.269800	123.00
0.269820	124.00
0.269840	124.00
0.269860	124.00
0.269880	124.00
0.269900	124.00
0.269920	124.00
0.269940	124.00
0.269960	124.00
0.269980	125.00
0.270000	125.00
0.270020	126.00
0.270040	126.00
0.270060	125.00
0.270080	123.00
0.270100	123.00
0.270120	124.00
0.270140	125.00
0.270160	125.00
0.270180	124.00
0.270200	123.00
0.270220	123.00
0.270240	125.00
0.270260	127.00
0.270280	127.00
0.270300	126.00
0.270320	126.00
0.270340	127.00
0.270360	128.00
0.270380	129.00
0.270400	128.00
0.270420	127.00
0.270440	127.00
0.270460	127.00
0.270480	127.00
0.270500	125.00
0.270520	124.00
0.270540	124.00
0.270560	125.00
0.270580	126.00
0.270600	128.00
0.270620	128.00
0.270640	128.00
0.270660	127.00
0.270680	125.00
0.270700	124.00
0.270720	123.00
0.270740	124.00
0.270760	125.00
0.270780	125.00
0.270800	125.00
0.270820	124.00
0.270840	123.00
0.270860	123.00
0.270880	125.00
0.270900	127.00
0.270920	127.00
0.270940	128.00
0.270960	127.00
0.270980	126.00
0.271000	125.00
0.271020	124.00
0.271040	122.00
0.271060	122.00
0.271080	122.00
0.271100	124.00
0.271120	126.00
0.271140	128.00
0.271160	129.00
0.271180	130.00
0.271200	129.00
0.271220	128.00
0.271240	127.00
0.271260	126.00
0.271280	124.00
0.271300	122.00
0.271320	122.00
0.271340	123.00
0.271360	125.00
0.271380	127.00
0.271400	129.00
0.271420	130.00
0.271440	130.00
0.271460	129.00
0.271480	126.00
0.271500	124.00
0.271520	121.00
0.271540	121.00
0.271560	122.00
0.271580	124.00
0.271600	126.00
0.271620	129.00
0.271640	130.00
0.271660	129.00
0.271680	126.00
0.271700	121.00
0.271720	115.00
0.271740	112.00
0.271760	115.00
0.271780	122.00
0.271800	133.00
0.271820	143.00
0.271840	148.00
0.271860	145.00
0.271880	134.00
0.271900	115.00
0.271920	95.00
0.271940	81.00
0.271960	81.00
0.271980	97.00
0.272000	124.00
0.272020	155.00
0.272040	180.00
0.272060	189.00
0.272080	179.00
0.272100	151.00
0.272120	112.00
0.272140	74.00
0.272160	50.00
0.272180	48.00
0.272200	70.00
0.272220	110.00
0.272240	155.00
0.272260	191.00
0.272280	208.00
0.272300	201.00
0.272320	174.00
0.272340	135.00
0.272360	95.00
0.272380	64.00
0.272400	48.00
0.272420	51.00
0.272440	70.00
0.272460	99.00
0.272480	133.00
0.272500	164.00
0.272520	187.00
0.272540	199.00
0.272560	196.00
0.272580	178.00
0.272600	147.00
0.272620	111.00
0.272640	78.00
0.272660	53.00
0.272680	45.00
0.272700	53.00
0.272720	77.00
0.272740	110.00
0.272760	143.00
0.272780	170.00
0.272800	187.00
0.272820	190.00
0.272840	183.00
0.272860	165.00
0.272880	142.00
0.272900	117.00
0.272920	95.00
0.272940	80.00
0.272960	71.00
0.272980	70.00
0.273000	77.00
0.273020	92.00
0.273040	116.00
0.273060	143.00
0.273080	169.00
0.273100	185.00
0.273120	188.00
0.273140	178.00
0.273160	156.00
0.273180	128.00
0.273200	100.00
0.273220	79.00
0.273240	70.00
0.273260	73.00
0.273280	86.00
0.273300	106.00
0.273320	127.00
0.273340	145.00
0.273360	159.00
0.273380	164.00
0.273400	161.00
0.273420	152.00
0.273440	138.00
0.273460	125.00
0.273480	114.00
0.273500	106.00
0.273520	101.00
0.273540	99.00
0.273560	101.00
0.273580	107.00
0.273600	116.00
0.273620	125.00
0.273640	134.00
0.273660	140.00
0.273680	143.00
0.273700	143.00
0.273720	140.00
0.273740	135.00
0.273760	128.00
0.273780	120.00
0.273800	113.00
0.273820	108.00
0.273840	104.00
0.273860	104.00
0.273880	108.00
0.273900	115.00
0.273920	125.00
0.273940	137.00
0.273960	146.00
0.273980	149.00
0.274000	146.00
0.274020	137.00
0.274040	127.00
0.274060	117.00
0.274080	111.00
0.274100	110.00
0.274120	112.00
0.274140	116.00
0.274160	121.00
0.274180	125.00
0.274200	127.00
0.274220	128.00
0.274240	129.00
0.274260	130.00
0.274280	133.00
0.274300	135.00
0.274320	135.00
0.274340	134.00
0.274360	130.00
0.274380	125.00
0.274400	120.00
0.274420	116.00
0.274440	114.00
0.274460	116.00
0.274480	121.00
0.274500	127.00
0.274520	131.00
0.274540	132.00
0.274560	130.00
0.274580	127.00
0.274600	125.00
0.274620	124.00
0.274640	125.00
0.274660	127.00
0.274680	127.00
0.274700	125.00
0.274720	121.00
0.274740	117.00
0.274760	115.00
0.274780	117.00
0.274800	122.00
0.274820	129.00
0.274840	136.00
0.274860	139.00
0.274880	138.00
0.274900	133.00
0.274920	124.00
0.274940	115.00
0.274960	107.00
0.274980	106.00
0.275000	111.00
0.275020	121.00
0.275040	133.00
0.275060	141.00
0.275080	144.00
0.275100	141.00
0.275120	134.00
0.275140	126.00
0.275160	119.00
0.275180	114.00
0.275200	114.00
0.275220	117.00
0.275240	123.00
0.275260	129.00
0.275280	133.00
0.275300	134.00
0.275320	133.00
0.275340	131.00
0.275360	128.00
0.275380	124.00
0.275400	121.00
0.275420	120.00
0.275440	119.00
0.275460	119.00
0.275480	121.00
0.275500	122.00
0.275520	125.00
0.275540	129.00
0.275560	133.00
0.275580	135.00
0.275600	134.00
0.275620	131.00
0.275640	125.00
0.275660	119.00
0.275680	115.00
0.275700	112.00
0.275720	113.00
0.275740	117.00
0.275760	123.00
0.275780	130.00
0.275800	134.00
0.275820	135.00
0.275840	132.00
0.275860	128.00
0.275880	124.00
0.275900	123.00
0.275920	122.00
0.275940	122.00
0.275960	122.00
0.275980	122.00
0.276000	124.00
0.276020	127.00
0.276040	130.00
0.276060	130.00
0.276080	127.00
0.276100	124.00
0.276120	121.00
0.276140	122.00
0.276160	125.00
0.276180	127.00
0.276200	127.00
0.276220	125.00
0.276240	123.00
0.276260	122.00
0.276280	122.00
0.276300	125.00
0.276320	129.00
0.276340	133.00
0.276360	135.00
0.276380	133.00
0.276400	128.00
0.276420	122.00
0.276440	117.00
0.276460	114.00
0.276480	114.00
0.276500	118.00
0.276520	124.00
0.276540	131.00
0.276560	137.00
0.276580	139.00
0.276600	137.00
0.276620	131.00
0.276640	123.00
0.276660	116.00
0.276680	110.00
0.276700	108.00
0.276720	111.00
0.276740	117.00
0.276760	126.00
0.276780	134.00
0.276800	138.00
0.276820	138.00
0.276840	136.00
0.276860	132.00
0.276880	127.00
0.276900	122.00
0.276920	118.00
0.276940	115.00
0.276960	115.00
0.276980	117.00
0.277000	121.00
0.277020	126.00
0.277040	131.00
0.277060	135.00
0.277080	136.00
0.277100	134.00
0.277120	129.00
0.277140	123.00
0.277160	117.00
0.277180	114.00
0.277200	115.00
0.277220	119.00
0.277240	124.00
0.277260	130.00
0.277280	133.00
0.277300	134.00
0.277320	131.00
0.277340	128.00
0.277360	124.00
0.277380	121.00
0.277400	120.00
0.277420	120.00
0.277440	122.00
0.277460	124.00
0.277480	126.00
0.277500	127.00
0.277520	127.00
0.277540	128.00
0.277560	129.00
0.277580	131.00
0.277600	130.00
0.277620	127.00
0.277640	123.00
0.277660	118.00
0.277680	115.00
0.277700	115.00
0.277720	117.00
0.277740	122.00
0.277760	129.00
0.277780	135.00
0.277800	139.00
0.277820	139.00
0.277840	135.00
0.277860	127.00
0.277880	118.00
0.277900	110.00
0.277920	108.00
0.277940	111.00
0.277960	119.00
0.277980	129.00
0.278000	137.00
0.278020	141.00
0.278040	139.00
0.278060	133.00
0.278080	125.00
0.278100	118.00
0.278120	114.00
0.278140	114.00
0.278160	118.00
0.278180	123.00
0.278200	127.00
0.278220	130.00
0.278240	130.00
0.278260	130.00
0.278280	128.00
0.278300	125.00
0.278320	124.00
0.278340	123.00
0.278360	124.00
0.278380	125.00
0.278400	124.00
0.278420	123.00
0.278440	122.00
0.278460	121.00
0.278480	121.00
0.278500	121.00
0.278520	122.00
0.278540	123.00
0.278560	126.00
0.278580	130.00
0.278600	132.00
0.278620	131.00
0.278640	128.00
0.278660	124.00
0.278680	121.00
0.278700	120.00
0.278720	120.00
0.278740	122.00
0.278760	125.00
0.278780	129.00
0.278800	131.00
0.278820	131.00
0.278840	130.00
0.278860	127.00
0.278880	124.00
0.278900	121.00
0.278920	120.00
0.278940	119.00
0.278960	120.00
0.278980	122.00
0.279000	124.00
0.279020	127.00
0.279040	130.00
0.279060	133.00
0.279080	134.00
0.279100	133.00
0.279120	129.00
0.279140	124.00
0.279160	120.00
0.279180	117.00
0.279200	117.00
0.279220	118.00
0.279240	121.00
0.279260	125.00
0.279280	130.00
0.279300	133.00
0.279320	134.00
0.279340	131.00
0.279360	127.00
0.279380	122.00
0.279400	117.00
0.279420	112.00
0.279440	111.00
0.279460	113.00
0.279480	119.00
0.279500	125.00
0.279520	130.00
0.279540	131.00
0.279560	131.00
0.279580	130.00
0.279600	129.00
0.279620	128.00
0.279640	126.00
0.279660	123.00
0.279680	120.00
0.279700	118.00
0.279720	117.00
0.279740	118.00
0.279760	122.00
0.279780	127.00
0.279800	133.00
0.279820	137.00
0.279840	138.00
0.279860	135.00
0.279880	130.00
0.279900	123.00
0.279920	116.00
0.279940	111.00
0.279960	111.00
0.279980	115.00
0.280000	122.00
0.280020	130.00
0.280040	135.00
0.280060	137.00
0.280080	136.00
0.280100	132.00
0.280120	126.00
0.280140	120.00
0.280160	115.00
0.280180	114.00
0.280200	117.00
0.280220	122.00
0.280240	127.00
0.280260	131.00
0.280280	132.00
0.280300	131.00
0.280320	128.00
0.280340	124.00
0.280360	120.00
0.280380	118.00
0.280400	118.00
0.280420	120.00
0.280440	124.00
0.280460	128.00
0.280480	132.00
0.280500	134.00
0.280520	134.00
0.280540	131.00
0.280560	126.00
0.280580	120.00
0.280600	116.00
0.280620	115.00
0.280640	117.00
0.280660	121.00
0.280680	126.00
0.280700	130.00
0.280720	132.00
0.280740	132.00
0.280760	129.00
0.280780	125.00
0.280800	121.00
0.280820	119.00
0.280840	119.00
0.280860	120.00
0.280880	122.00
0.280900	125.00
0.280920	128.00
0.280940	130.00
0.280960	129.00
0.280980	128.00
0.281000	126.00
0.281020	125.00
0.281040	125.00
0.281060	126.00
0.281080	127.00
0.281100	128.00
0.281120	129.00
0.281140	128.00
0.281160	125.00
0.281180	121.00
0.281200	118.00
0.281220	116.00
0.281240	116.00
0.281260	119.00
0.281280	123.00
0.281300	129.00
0.281320	133.00
0.281340	136.00
0.281360	135.00
0.281380	131.00
0.281400	125.00
0.281420	118.00
0.281440	113.00
0.281460	110.00
0.281480	112.00
0.281500	116.00
0.281520	124.00
0.281540	131.00
0.281560	137.00
0.281580	139.00
0.281600	137.00
0.281620	133.00
0.281640	126.00
0.281660	120.00
0.281680	116.00
0.281700	115.00
0.281720	117.00
0.281740	121.00
0.281760	126.00
0.281780	131.00
0.281800	134.00
0.281820	135.00
0.281840	135.00
0.281860	133.00
0.281880	129.00
0.281900	126.00
0.281920	123.00
0.281940	120.00
0.281960	119.00
0.281980	119.00
0.282000	121.00
0.282020	125.00
0.282040	129.00
0.282060	132.00
0.282080	131.00
0.282100	129.00
0.282120	126.00
0.282140	124.00
0.282160	122.00
0.282180	121.00
0.282200	121.00
0.282220	123.00
0.282240	126.00
0.282260	129.00
0.282280	129.00
0.282300	128.00
0.282320	125.00
0.282340	122.00
0.282360	120.00
0.282380	120.00
0.282400	122.00
0.282420	124.00
0.282440	126.00
0.282460	127.00
0.282480	125.00
0.282500	123.00
0.282520	122.00
0.282540	122.00
0.282560	123.00
0.282580	125.00
0.282600	127.00
0.282620	129.00
0.282640	129.00
0.282660	129.00
0.282680	126.00
0.282700	123.00
0.282720	120.00
0.282740	118.00
0.282760	120.00
0.282780	123.00
0.282800	127.00
0.282820	130.00
0.282840	132.00
0.282860	133.00
0.282880	131.00
0.282900	127.00
0.282920	122.00
0.282940	117.00
0.282960	115.00
0.282980	117.00
0.283000	121.00
0.283020	125.00
0.283040	129.00
0.283060	132.00
0.283080	132.00
0.283100	131.00
0.283120	130.00
0.283140	127.00
0.283160	124.00
0.283180	120.00
0.283200	117.00
0.283220	117.00
0.283240	120.00
0.283260	124.00
0.283280	129.00
0.283300	132.00
0.283320	134.00
0.283340	134.00
0.283360	131.00
0.283380	127.00
0.283400	120.00
0.283420	113.00
0.283440	110.00
0.283460	110.00
0.283480	115.00
0.283500	122.00
0.283520	129.00
0.283540	135.00
0.283560	138.00
0.283580	139.00
0.283600	135.00
0.283620	128.00
0.283640	121.00
0.283660	116.00
0.283680	114.00
0.283700	116.00
0.283720	120.00
0.283740	125.00
0.283760	129.00
0.283780	132.00
0.283800	133.00
0.283820	132.00
0.283840	129.00
0.283860	126.00
0.283880	123.00
0.283900	121.00
0.283920	121.00
0.283940	123.00
0.283960	125.00
0.283980	127.00
0.284000	127.00
0.284020	126.00
0.284040	124.00
0.284060	124.00
0.284080	125.00
0.284100	126.00
0.284120	126.00
0.284140	125.00
0.284160	125.00
0.284180	124.00
0.284200	124.00
0.284220	124.00
0.284240	124.00
0.284260	124.00
0.284280	124.00
0.284300	124.00
0.284320	123.00
0.284340	122.00
0.284360	122.00
0.284380	123.00
0.284400	124.00
0.284420	124.00
0.284440	125.00
0.284460	125.00
0.284480	126.00
0.284500	128.00
0.284520	129.00
0.284540	128.00
0.284560	127.00
0.284580	125.00
0.284600	123.00
0.284620	123.00
0.284640	124.00
0.284660	126.00
0.284680	128.00
0.284700	128.00
0.284720	128.00
0.284740	129.00
0.284760	129.00
0.284780	130.00
0.284800	129.00
0.284820	127.00
0.284840	125.00
0.284860	124.00
0.284880	123.00
0.284900	123.00
0.284920	123.00
0.284940	125.00
0.284960	127.00
0.284980	130.00
0.285000	131.00
0.285020	129.00
0.285040	127.00
0.285060	124.00
0.285080	122.00
0.285100	122.00
0.285120	123.00
0.285140	124.00
0.285160	125.00
0.285180	126.00
0.285200	127.00
0.285220	127.00
0.285240	125.00
0.285260	122.00
0.285280	120.00
0.285300	119.00
0.285320	120.00
0.285340	122.00
0.285360	124.00
0.285380	127.00
0.285400	128.00
0.285420	128.00
0.285440	127.00
0.285460	125.00
0.285480	123.00
0.285500	122.00
0.285520	122.00
0.285540	124.00
0.285560	127.00
0.285580	129.00
0.285600	130.00
0.285620	129.00
0.285640	128.00
0.285660	126.00
0.285680	124.00
0.285700	123.00
0.285720	122.00
0.285740	121.00
0.285760	122.00
0.285780	125.00
0.285800	128.00
0.285820	131.00
0.285840	131.00
0.285860	130.00
0.285880	127.00
0.285900	123.00
0.285920	119.00
0.285940	116.00
0.285960	116.00
0.285980	119.00
0.286000	124.00
0.286020	128.00
0.286040	131.00
0.286060	133.00
0.286080	133.00
0.286100	130.00
0.286120	126.00
0.286140	121.00
0.286160	116.00
0.286180	115.00
0.286200	116.00
0.286220	119.00
0.286240	123.00
0.286260	126.00
0.286280	128.00
0.286300	128.00
0.286320	126.00
0.286340	123.00
0.286360	120.00
0.286380	119.00
0.286400	120.00
0.286420	122.00
0.286440	125.00
0.286460	128.00
0.286480	129.00
0.286500	129.00
0.286520	128.00
0.286540	127.00
0.286560	127.00
0.286580	126.00
0.286600	126.00
0.286620	126.00
0.286640	126.00
0.286660	126.00
0.286680	126.00
0.286700	126.00
0.286720	126.00
0.286740	126.00
0.286760	126.00
0.286780	125.00
0.286800	124.00
0.286820	123.00
0.286840	123.00
0.286860	124.00
0.286880	126.00
0.286900	128.00
0.286920	130.00
0.286940	130.00
0.286960	130.00
0.286980	127.00
0.287000	123.00
0.287020	119.00
0.287040	116.00
0.287060	116.00
0.287080	119.00
0.287100	124.00
0.287120	129.00
0.287140	134.00
0.287160	136.00
0.287180	135.00
0.287200	131.00
0.287220	125.00
0.287240	119.00
0.287260	116.00
0.287280	116.00
0.287300	119.00
0.287320	123.00
0.287340	128.00
0.287360	131.00
0.287380	133.00
0.287400	132.00
0.287420	129.00
0.287440	127.00
0.287460	124.00
0.287480	123.00
0.287500	123.00
0.287520	123.00
0.287540	124.00
0.287560	125.00
0.287580	127.00
0.287600	128.00
0.287620	127.00
0.287640	125.00
0.287660	123.00
0.287680	122.00
0.287700	122.00
0.287720	123.00
0.287740	125.00
0.287760	126.00
0.287780	127.00
0.287800	126.00
0.287820	125.00
0.287840	124.00
0.287860	123.00
0.287880	123.00
0.287900	123.00
0.287920	124.00
0.287940	125.00
0.287960	126.00
0.287980	127.00
0.288000	127.00
0.288020	127.00
0.288040	125.00
0.288060	123.00
0.288080	121.00
0.288100	120.00
0.288120	120.00
0.288140	120.00
0.288160	123.00
0.288180	126.00
0.288200	129.00
0.288220	130.00
0.288240	129.00
0.288260	127.00
0.288280	123.00
0.288300	121.00
0.288320	120.00
0.288340	121.00
0.288360	123.00
0.288380	125.00
0.288400	127.00
0.288420	128.00
0.288440	128.00
0.288460	127.00
0.288480	124.00
0.288500	122.00
0.288520	121.00
0.288540	121.00
0.288560	123.00
0.288580	125.00
0.288600	126.00
0.288620	127.00
0.288640	128.00
0.288660	128.00
0.288680	128.00
0.288700	127.00
0.288720	126.00
0.288740	125.00
0.288760	124.00
0.288780	124.00
0.288800	125.00
0.288820	126.00
0.288840	127.00
0.288860	126.00
0.288880	124.00
0.288900	122.00
0.288920	121.00
0.288940	122.00
0.288960	124.00
0.288980	126.00
0.289000	127.00
0.289020	127.00
0.289040	126.00
0.289060	124.00
0.289080	121.00
0.289100	118.00
0.289120	117.00
0.289140	118.00
0.289160	122.00
0.289180	126.00
0.289200	129.00
0.289220	131.00
0.289240	131.00
0.289260	129.00
0.289280	126.00
0.289300	122.00
0.289320	120.00
0.289340	119.00
0.289360	121.00
0.289380	124.00
0.289400	126.00
0.289420	127.00
0.289440	128.00
0.289460	129.00
0.289480	130.00
0.289500	129.00
0.289520	128.00
0.289540	125.00
0.289560	123.00
0.289580	122.00
0.289600	121.00
0.289620	121.00
0.289640	122.00
0.289660	124.00
0.289680	126.00
0.289700	128.00
0.289720	128.00
0.289740	127.00
0.289760	126.00
0.289780	125.00
0.289800	124.00
0.289820	124.00
0.289840	124.00
0.289860	125.00
0.289880	126.00
0.289900	128.00
0.289920	128.00
0.289940	128.00
0.289960	126.00
0.289980	125.00
0.290000	124.00
0.290020	123.00
0.290040	122.00
0.290060	122.00
0.290080	123.00
0.290100	125.00
0.290120	128.00
0.290140	130.00
0.290160	129.00
0.290180	127.00
0.290200	124.00
0.290220	121.00
0.290240	121.00
0.290260	122.00
0.290280	125.00
0.290300	128.00
0.290320	131.00
0.290340	132.00
0.290360	131.00
0.290380	130.00
0.290400	127.00
0.290420	124.00
0.290440	121.00
0.290460	119.00
0.290480	119.00
0.290500	120.00
0.290520	123.00
0.290540	126.00
0.290560	129.00
0.290580	129.00
0.290600	129.00
0.290620	128.00
0.290640	127.00
0.290660	126.00
0.290680	124.00
0.290700	123.00
0.290720	123.00
0.290740	123.00
0.290760	125.00
0.290780	127.00
0.290800	128.00
0.290820	128.00
0.290840	128.00
0.290860	127.00
0.290880	125.00
0.290900	124.00
0.290920	123.00
0.290940	122.00
0.290960	122.00
0.290980	122.00
0.291000	121.00
0.291020	122.00
0.291040	122.00
0.291060	123.00
0.291080	124.00
0.291100	124.00
0.291120	124.00
0.291140	123.00
0.291160	123.00
0.291180	123.00
0.291200	124.00
0.291220	125.00
0.291240	126.00
0.291260	127.00
0.291280	128.00
0.291300	128.00
0.291320	128.00
0.291340	126.00
0.291360	125.00
0.291380	124.00
0.291400	123.00
0.291420	123.00
0.291440	124.00
0.291460	125.00
0.291480	127.00
0.291500	128.00
0.291520	129.00
0.291540	128.00
0.291560	127.00
0.291580	126.00
0.291600	125.00
0.291620	125.00
0.291640	126.00
0.291660	127.00
0.291680	129.00
0.291700	129.00
0.291720	128.00
0.291740	126.00
0.291760	124.00
0.291780	122.00
0.291800	121.00
0.291820	121.00
0.291840	121.00
0.291860	123.00
0.291880	125.00
0.291900	127.00
0.291920	129.00
0.291940	130.00
0.291960	129.00
0.291980	127.00
0.292000	124.00
0.292020	122.00
0.292040	120.00
0.292060	119.00
0.292080	120.00
0.292100	122.00
0.292120	124.00
0.292140	126.00
0.292160	127.00
0.292180	127.00
0.292200	126.00
0.292220	124.00
0.292240	123.00
0.292260	122.00
0.292280	122.00
0.292300	122.00
0.292320	123.00
0.292340	124.00
0.292360	127.00
0.292380	128.00
0.292400	129.00
0.292420	128.00
0.292440	126.00
0.292460	124.00
0.292480	123.00
0.292500	122.00
0.292520	122.00
0.292540	122.00
0.292560	122.00
0.292580	123.00
0.292600	125.00
0.292620	127.00
0.292640	128.00
0.292660	129.00
0.292680	129.00
0.292700	128.00
0.292720	127.00
0.292740	125.00
0.292760	123.00
0.292780	121.00
0.292800	120.00
0.292820	121.00
0.292840	123.00
0.292860	125.00
0.292880	128.00
0.292900	129.00
0.292920	129.00
0.292940	127.00
0.292960	126.00
0.292980	125.00
0.293000	124.00
0.293020	123.00
0.293040	121.00
0.293060	120.00
0.293080	121.00
0.293100	122.00
0.293120	124.00
0.293140	126.00
0.293160	127.00
0.293180	128.00
0.293200	127.00
0.293220	126.00
0.293240	125.00
0.293260	124.00
0.293280	124.00
0.293300	124.00
0.293320	125.00
0.293340	126.00
0.293360	126.00
0.293380	126.00
0.293400	126.00
0.293420	126.00
0.293440	125.00
0.293460	123.00
0.293480	123.00
0.293500	124.00
0.293520	126.00
0.293540	128.00
0.293560	129.00
0.293580	128.00
0.293600	127.00
0.293620	125.00
0.293640	125.00
0.293660	126.00
0.293680	127.00
0.293700	127.00
0.293720	127.00
0.293740	127.00
0.293760	127.00
0.293780	128.00
0.293800	128.00
0.293820	127.00
0.293840	124.00
0.293860	122.00
0.293880	121.00
0.293900	121.00
0.293920	122.00
0.293940	122.00
0.293960	123.00
0.293980	124.00
0.294000	125.00
0.294020	125.00
0.294040	125.00
0.294060	123.00
0.294080	121.00
0.294100	121.00
0.294120	121.00
0.294140	123.00
0.294160	125.00
0.294180	128.00
0.294200	130.00
0.294220	131.00
0.294240	131.00
0.294260	129.00
0.294280	126.00
0.294300	123.00
0.294320	121.00
0.294340	121.00
0.294360	122.00
0.294380	124.00
0.294400	127.00
0.294420	128.00
0.294440	129.00
0.294460	128.00
0.294480	126.00
0.294500	124.00
0.294520	123.00
0.294540	123.00
0.294560	122.00
0.294580	123.00
0.294600	123.00
0.294620	124.00
0.294640	125.00
0.294660	127.00
0.294680	127.00
0.294700	127.00
0.294720	126.00
0.294740	124.00
0.294760	123.00
0.294780	122.00
0.294800	122.00
0.294820	123.00
0.294840	123.00
0.294860	124.00
0.294880	125.00
0.294900	125.00
0.294920	125.00
0.294940	126.00
0.294960	126.00
0.294980	126.00
0.295000	126.00
0.295020	126.00
0.295040	125.00
0.295060	124.00
0.295080	125.00
0.295100	125.00
0.295120	125.00
0.295140	124.00
0.295160	123.00
0.295180	123.00
0.295200	124.00
0.295220	126.00
0.295240	128.00
0.295260	127.00
0.295280	125.00
0.295300	124.00
0.295320	123.00
0.295340	124.00
0.295360	125.00
0.295380	125.00
0.295400	124.00
0.295420	123.00
0.295440	124.00
0.295460	124.00
0.295480	125.00
0.295500	126.00
0.295520	126.00
0.295540	126.00
0.295560	126.00
0.295580	125.00
0.295600	125.00
0.295620	125.00
0.295640	125.00
0.295660	125.00
0.295680	125.00
0.295700	125.00
0.295720	124.00
0.295740	122.00
0.295760	122.00
0.295780	122.00
0.295800	124.00
0.295820	124.00
0.295840	125.00
0.295860	124.00
0.295880	124.00
0.295900	124.00
0.295920	125.00
0.295940	125.00
0.295960	125.00
0.295980	125.00
0.296000	124.00
0.296020	124.00
0.296040	124.00
0.296060	125.00
0.296080	125.00
0.296100	126.00
0.296120	127.00
0.296140	127.00
0.296160	126.00
0.296180	126.00
0.296200	125.00
0.296220	126.00
0.296240	126.00
0.296260	126.00
0.296280	125.00
0.296300	125.00
0.296320	124.00
0.296340	124.00
0.296360	124.00
0.296380	124.00
0.296400	125.00
0.296420	126.00
0.296440	127.00
0.296460	128.00
0.296480	129.00
0.296500	129.00
0.296520	128.00
0.296540	126.00
0.296560	124.00
0.296580	122.00
0.296600	121.00
0.296620	122.00
0.296640	123.00
0.296660	124.00
0.296680	125.00
0.296700	126.00
0.296720	127.00
0.296740	128.00
0.296760	128.00
0.296780	127.00
0.296800	126.00
0.296820	124.00
0.296840	123.00
0.296860	122.00
0.296880	122.00
0.296900	122.00
0.296920	123.00
0.296940	124.00
0.296960	126.00
0.296980	127.00
0.297000	128.00
0.297020	128.00
0.297040	128.00
0.297060	128.00
0.297080	127.00
0.297100	125.00
0.297120	124.00
0.297140	122.00
0.297160	122.00
0.297180	123.00
0.297200	124.00
0.297220	126.00
0.297240	127.00
0.297260	127.00
0.297280	127.00
0.297300	127.00
0.297320	126.00
0.297340	125.00
0.297360	124.00
0.297380	122.00
0.297400	120.00
0.297420	120.00
0.297440	121.00
0.297460	123.00
0.297480	125.00
0.297500	127.00
0.297520	128.00
0.297540	128.00
0.297560	128.00
0.297580	126.00
0.297600	125.00
0.297620	123.00
0.297640	121.00
0.297660	122.00
0.297680	123.00
0.297700	125.00
0.297720	126.00
0.297740	126.00
0.297760	125.00
0.297780	125.00
0.297800	125.00
0.297820	125.00
0.297840	125.00
0.297860	124.00
0.297880	123.00
0.297900	123.00
0.297920	123.00
0.297940	124.00
0.297960	123.00
0.297980	123.00
0.298000	123.00
0.298020	125.00
0.298040	127.00
0.298060	128.00
0.298080	129.00
0.298100	130.00
0.298120	129.00
0.298140	128.00
0.298160	127.00
0.298180	126.00
0.298200	126.00
0.298220	126.00
0.298240	126.00
0.298260	126.00
0.298280	125.00
0.298300	125.00
0.298320	126.00
0.298340	126.00
0.298360	127.00
0.298380	126.00
0.298400	126.00
0.298420	126.00
0.298440	126.00
0.298460	125.00
0.298480	125.00
0.298500	125.00
0.298520	125.00
0.298540	126.00
0.298560	126.00
0.298580	126.00
0.298600	125.00
0.298620	124.00
0.298640	123.00
0.298660	123.00
0.298680	123.00
0.298700	123.00
0.298720	123.00
0.298740	123.00
0.298760	123.00
0.298780	123.00
0.298800	123.00
0.298820	123.00
0.298840	124.00
0.298860	125.00
0.298880	124.00
0.298900	124.00
0.298920	123.00
0.298940	124.00
0.298960	125.00
0.298980	125.00
0.299000	125.00
0.299020	124.00
0.299040	124.00
0.299060	125.00
0.299080	126.00
0.299100	126.00
0.299120	127.00
0.299140	126.00
0.299160	126.00
0.299180	126.00
0.299200	126.00
0.299220	127.00
0.299240	127.00
0.299260	126.00
0.299280	126.00
0.299300	126.00
0.299320	126.00
0.299340	126.00
0.299360	125.00
0.299380	125.00
0.299400	125.00
0.299420	125.00
0.299440	126.00
0.299460	126.00
0.299480	125.00
0.299500	125.00
0.299520	125.00
0.299540	125.00
0.299560	126.00
0.299580	127.00
0.299600	126.00
0.299620	125.00
0.299640	124.00
0.299660	124.00
0.299680	124.00
0.299700	124.00
0.299720	124.00
0.299740	124.00
0.299760	123.00
0.299780	123.00
0.299800	123.00
0.299820	123.00
0.299840	125.00
0.299860	126.00
0.299880	126.00
0.299900	126.00
0.299920	125.00
0.299940	125.00
0.299960	125.00
0.299980	125.00
0.300000	124.00
0.300020	124.00
0.300040	124.00
0.300060	125.00
0.300080	126.00
0.300100	126.00
0.300120	126.00
0.300140	125.00
0.300160	124.00
0.300180	124.00
0.300200	125.00
0.300220	126.00
0.300240	127.00
0.300260	127.00
0.300280	127.00
0.300300	127.00
0.300320	127.00
0.300340	127.00
0.300360	127.00
0.300380	126.00
0.300400	125.00
0.300420	124.00
0.300440	123.00
0.300460	123.00
0.300480	123.00
0.300500	123.00
0.300520	124.00
0.300540	124.00
0.300560	125.00
0.300580	125.00
0.300600	124.00
0.300620	124.00
0.300640	124.00
0.300660	124.00
0.300680	124.00
0.300700	123.00
0.300720	123.00
0.300740	123.00
0.300760	124.00
0.300780	125.00
0.300800	125.00
0.300820	124.00
0.300840	124.00
0.300860	124.00
0.300880	125.00
0.300900	126.00
0.300920	126.00
0.300940	127.00
0.300960	127.00
0.300980	127.00
0.301000	126.00
0.301020	126.00
0.301040	125.00
0.301060	124.00
0.301080	123.00
0.301100	122.00
0.301120	123.00
0.301140	124.00
0.301160	125.00
0.301180	126.00
0.301200	126.00
0.301220	126.00
0.301240	126.00
0.301260	126.00
0.301280	126.00
0.301300	126.00
0.301320	125.00
0.301340	125.00
0.301360	125.00
0.301380	127.00
0.301400	128.00
0.301420	128.00
0.301440	127.00
0.301460	125.00
0.301480	124.00
0.301500	122.00
0.301520	121.00
0.301540	120.00
0.301560	120.00
0.301580	122.00
0.301600	124.00
0.301620	126.00
0.301640	127.00
0.301660	127.00
0.301680	125.00
0.301700	124.00
0.301720	123.00
0.301740	123.00
0.301760	123.00
0.301780	122.00
0.301800	123.00
0.301820	123.00
0.301840	124.00
0.301860	124.00
0.301880	125.00
0.301900	126.00
0.301920	126.00
0.301940	125.00
0.301960	125.00
0.301980	124.00
0.302000	123.00
0.302020	123.00
0.302040	123.00
0.302060	123.00
0.302080	124.00
0.302100	125.00
0.302120	126.00
0.302140	126.00
0.302160	126.00
0.302180	127.00
0.302200	127.00
0.302220	127.00
0.302240	127.00
0.302260	126.00
0.302280	125.00
0.302300	124.00
0.302320	124.00
0.302340	124.00
0.302360	124.00
0.302380	125.00
0.302400	126.00
0.302420	126.00
0.302440	125.00
0.302460	124.00
0.302480	123.00
0.302500	124.00
0.302520	124.00
0.302540	125.00
0.302560	126.00
0.302580	125.00
0.302600	125.00
0.302620	125.00
0.302640	125.00
0.302660	124.00
0.302680	124.00
0.302700	124.00
0.302720	124.00
0.302740	124.00
0.302760	125.00
0.302780	126.00
0.302800	127.00
0.302820	128.00
0.302840	128.00
0.302860	127.00
0.302880	126.00
0.302900	125.00
0.302920	124.00
0.302940	123.00
0.302960	122.00
0.302980	121.00
0.303000	122.00
0.303020	124.00
0.303040	125.00
0.303060	127.00
0.303080	128.00
0.303100	128.00
0.303120	128.00
0.303140	127.00
0.303160	126.00
0.303180	124.00
0.303200	124.00
0.303220	124.00
0.303240	124.00
0.303260	124.00
0.303280	124.00
0.303300	124.00
0.303320	126.00
0.303340	127.00
0.303360	127.00
0.303380	128.00
0.303400	127.00
0.303420	127.00
0.303440	125.00
0.303460	124.00
0.303480	123.00
0.303500	123.00
0.303520	124.00
0.303540	126.00
0.303560	127.00
0.303580	127.00
0.303600	126.00
0.303620	125.00
0.303640	125.00
0.303660	126.00
0.303680	126.00
0.303700	125.00
0.303720	124.00
0.303740	123.00
0.303760	122.00
0.303780	123.00
0.303800	124.00
0.303820	125.00
0.303840	126.00
0.303860	127.00
0.303880	127.00
0.303900	126.00
0.303920	125.00
0.303940	125.00
0.303960	125.00
0.303980	125.00
0.304000	125.00
0.304020	125.00
0.304040	125.00
0.304060	126.00
0.304080	126.00
0.304100	127.00
0.304120	126.00
0.304140	126.00
0.304160	125.00
0.304180	126.00
0.304200	126.00
0.304220	127.00
0.304240	127.00
0.304260	127.00
0.304280	126.00
0.304300	125.00
0.304320	123.00
0.304340	123.00
0.304360	123.00
0.304380	124.00
0.304400	124.00
0.304420	125.00
0.304440	125.00
0.304460	125.00
0.304480	125.00
0.304500	125.00
0.304520	125.00
0.304540	124.00
0.304560	123.00
0.304580	123.00
0.304600	123.00
0.304620	124.00
0.304640	124.00
0.304660	124.00
0.304680	124.00
0.304700	123.00
0.304720	124.00
0.304740	125.00
0.304760	125.00
0.304780	125.00
0.304800	125.00
0.304820	125.00
0.304840	125.00
0.304860	125.00
0.304880	125.00
0.304900	124.00
0.304920	124.00
0.304940	124.00
0.304960	125.00
0.304980	126.00
0.305000	126.00
0.305020	126.00
0.305040	126.00
0.305060	125.00
0.305080	125.00
0.305100	124.00
0.305120	124.00
0.305140	124.00
0.305160	125.00
0.305180	125.00
0.305200	126.00
0.305220	126.00
0.305240	126.00
0.305260	127.00
0.305280	127.00
0.305300	126.00
0.305320	125.00
0.305340	125.00
0.305360	125.00
0.305380	125.00
0.305400	126.00
0.305420	126.00
0.305440	125.00
0.305460	125.00
0.305480	125.00
0.305500	125.00
0.305520	125.00
0.305540	124.00
0.305560	123.00
0.305580	123.00
0.305600	123.00
0.305620	123.00
0.305640	123.00
0.305660	123.00
0.305680	124.00
0.305700	125.00
0.305720	126.00
0.305740	126.00
0.305760	124.00
0.305780	123.00
0.305800	122.00
0.305820	123.00
0.305840	123.00
0.305860	124.00
0.305880	124.00
0.305900	125.00
0.305920	126.00
0.305940	126.00
0.305960	126.00
0.305980	126.00
0.306000	126.00
0.306020	126.00
0.306040	126.00
0.306060	125.00
0.306080	125.00
0.306100	126.00
0.306120	127.00
0.306140	126.00
0.306160	125.00
0.306180	124.00
0.306200	123.00
0.306220	124.00
0.306240	124.00
0.306260	124.00
0.306280	124.00
0.306300	123.00
0.306320	124.00
0.306340	126.00
0.306360	127.00
0.306380	126.00
0.306400	125.00
0.306420	124.00
0.306440	124.00
0.306460	124.00
0.306480	123.00
0.306500	122.00
0.306520	123.00
0.306540	124.00
0.306560	125.00
0.306580	126.00
0.306600	126.00
0.306620	125.00
0.306640	126.00
0.306660	126.00
0.306680	126.00
0.306700	125.00
0.306720	125.00
0.306740	125.00
0.306760	125.00
0.306780	127.00
0.306800	127.00
0.306820	127.00
0.306840	126.00
0.306860	125.00
0.306880	125.00
0.306900	125.00
0.306920	125.00
0.306940	124.00
0.306960	124.00
0.306980	125.00
0.307000	126.00
0.307020	127.00
0.307040	127.00
0.307060	126.00
0.307080	126.00
0.307100	126.00
0.307120	126.00
0.307140	127.00
0.307160	127.00
0.307180	127.00
0.307200	126.00
0.307220	126.00
0.307240	126.00
0.307260	125.00
0.307280	125.00
0.307300	125.00
0.307320	125.00
0.307340	124.00
0.307360	124.00
0.307380	123.00
0.307400	123.00
0.307420	124.00
0.307440	125.00
0.307460	125.00
0.307480	125.00
0.307500	125.00
0.307520	124.00
0.307540	124.00
0.307560	124.00
0.307580	124.00
0.307600	125.00
0.307620	125.00
0.307640	126.00
0.307660	126.00
0.307680	126.00
0.307700	126.00
0.307720	125.00
0.307740	125.00
0.307760	125.00
0.307780	125.00
0.307800	125.00
0.307820	125.00
0.307840	125.00
0.307860	125.00
0.307880	125.00
0.307900	125.00
0.307920	125.00
0.307940	126.00
0.307960	126.00
0.307980	126.00
0.308000	126.00
0.308020	125.00
0.308040	125.00
0.308060	125.00
0.308080	124.00
0.308100	124.00
0.308120	124.00
0.308140	125.00
0.308160	126.00
0.308180	126.00
0.308200	125.00
0.308220	124.00
0.308240	124.00
0.308260	125.00
0.308280	125.00
0.308300	125.00
0.308320	124.00
0.308340	123.00
0.308360	123.00
0.308380	122.00
0.308400	122.00
0.308420	122.00
0.308440	123.00
0.308460	124.00
0.308480	125.00
0.308500	126.00
0.308520	127.00
0.308540	126.00
0.308560	126.00
0.308580	126.00
0.308600	125.00
0.308620	126.00
0.308640	126.00
0.308660	127.00
0.308680	127.00
0.308700	127.00
0.308720	126.00
0.308740	125.00
0.308760	125.00
0.308780	124.00
0.308800	124.00
0.308820	124.00
0.308840	125.00
0.308860	125.00
0.308880	126.00
0.308900	127.00
0.308920	127.00
0.308940	127.00
0.308960	126.00
0.308980	125.00
0.309000	125.00
0.309020	124.00
0.309040	125.00
0.309060	125.00
0.309080	125.00
0.309100	125.00
0.309120	124.00
0.309140	123.00
0.309160	123.00
0.309180	124.00
0.309200	124.00
0.309220	125.00
0.309240	125.00
0.309260	126.00
0.309280	125.00
0.309300	125.00
0.309320	124.00
0.309340	123.00
0.309360	122.00
0.309380	122.00
0.309400	122.00
0.309420	123.00
0.309440	123.00
0.309460	123.00
0.309480	123.00
0.309500	123.00
0.309520	123.00
0.309540	123.00
0.309560	124.00
0.309580	125.00
0.309600	126.00
0.309620	127.00
0.309640	126.00
0.309660	126.00
0.309680	125.00
0.309700	124.00
0.309720	125.00
0.309740	125.00
0.309760	125.00
0.309780	125.00
0.309800	125.00
0.309820	126.00
0.309840	127.00
0.309860	127.00
0.309880	127.00
0.309900	127.00
0.309920	127.00
0.309940	127.00
0.309960	127.00
0.309980	126.00
0.310000	126.00
0.310020	125.00
0.310040	125.00
0.310060	124.00
0.310080	124.00
0.310100	124.00
0.310120	124.00
0.310140	124.00
0.310160	124.00
0.310180	124.00
0.310200	123.00
0.310220	123.00
0.310240	124.00
0.310260	124.00
0.310280	124.00
0.310300	123.00
0.310320	123.00
0.310340	124.00
0.310360	125.00
0.310380	124.00
0.310400	123.00
0.310420	121.00
0.310440	121.00
0.310460	121.00
0.310480	123.00
0.310500	124.00
0.310520	124.00
0.310540	125.00
0.310560	126.00
0.310580	127.00
0.310600	127.00
0.310620	127.00
0.310640	127.00
0.310660	127.00
0.310680	127.00
0.310700	127.00
0.310720	127.00
0.310740	127.00
0.310760	127.00
0.310780	127.00
0.310800	126.00
0.310820	126.00
0.310840	125.00
0.310860	125.00
0.310880	126.00
0.310900	127.00
0.310920	128.00
0.310940	127.00
0.310960	126.00
0.310980	125.00
0.311000	124.00
0.311020	123.00
0.311040	124.00
0.311060	126.00
0.311080	127.00
0.311100	127.00
0.311120	126.00
0.311140	125.00
0.311160	125.00
0.311180	125.00
0.311200	125.00
0.311220	124.00
0.311240	123.00
0.311260	123.00
0.311280	124.00
0.311300	124.00
0.311320	125.00
0.311340	124.00
0.311360	123.00
0.311380	122.00
0.311400	122.00
0.311420	123.00
0.311440	124.00
0.311460	125.00
0.311480	125.00
0.311500	125.00
0.311520	124.00
0.311540	124.00
0.311560	125.00
0.311580	126.00
0.311600	126.00
0.311620	126.00
0.311640	126.00
0.311660	125.00
0.311680	126.00
