0.261700	101.00
0.261720	48.00
0.261740	101.00
0.261760	140.00
0.261780	143.00
0.261800	124.00
0.261820	112.00
0.261840	117.00
0.261860	129.00
0.261880	133.00
0.261900	125.00
0.261920	119.00
0.261940	122.00
0.261960	129.00
0.261980	131.00
0.262000	127.00
0.262020	123.00
0.262040	125.00
0.262060	131.00
0.262080	132.00
0.262100	127.00
0.262120	123.00
0.262140	124.00
0.262160	127.00
0.262180	128.00
0.262200	125.00
0.262220	123.00
0.262240	124.00
0.262260	127.00
0.262280	127.00
0.262300	125.00
0.262320	123.00
0.262340	124.00
0.262360	128.00
0.262380	129.00
0.262400	126.00
0.262420	124.00
0.262440	124.00
0.262460	126.00
0.262480	126.00
0.262500	123.00
0.262520	121.00
0.262540	121.00
0.262560	123.00
0.262580	125.00
0.262600	124.00
0.262620	123.00
0.262640	124.00
0.262660	126.00
0.262680	126.00
0.262700	125.00
0.262720	124.00
0.262740	125.00
0.262760	127.00
0.262780	127.00
0.262800	124.00
0.262820	122.00
0.262840	122.00
0.262860	123.00
0.262880	124.00
0.262900	124.00
0.262920	124.00
0.262940	125.00
0.262960	126.00
0.262980	127.00
0.263000	126.00
0.263020	125.00
0.263040	125.00
0.263060	127.00
0.263080	128.00
0.263100	127.00
0.263120	126.00
0.263140	125.00
0.263160	126.00
0.263180	127.00
0.263200	126.00
0.263220	125.00
0.263240	125.00
0.263260	126.00
0.263280	125.00
0.263300	124.00
0.263320	124.00
0.263340	124.00
0.263360	126.00
0.263380	126.00
0.263400	125.00
0.263420	124.00
0.263440	125.00
0.263460	126.00
0.263480	127.00
0.263500	126.00
0.263520	125.00
0.263540	124.00
0.263560	125.00
0.263580	125.00
0.263600	124.00
0.263620	123.00
0.263640	123.00
0.263660	124.00
0.263680	125.00
0.263700	125.00
0.263720	125.00
0.263740	124.00
0.263760	124.00
0.263780	124.00
0.263800	124.00
0.263820	123.00
0.263840	124.00
0.263860	125.00
0.263880	125.00
0.263900	124.00
0.263920	123.00
0.263940	123.00
0.263960	125.00
0.263980	126.00
0.264000	126.00
0.264020	126.00
0.264040	126.00
0.264060	126.00
0.264080	125.00
0.264100	124.00
0.264120	124.00
0.264140	125.00
0.264160	126.00
0.264180	127.00
0.264200	126.00
0.264220	125.00
0.264240	126.00
0.264260	127.00
0.264280	128.00
0.264300	128.00
0.264320	127.00
0.264340	127.00
0.264360	127.00
0.264380	128.00
0.264400	127.00
0.264420	126.00
0.264440	126.00
0.264460	126.00
0.264480	125.00
0.264500	125.00
0.264520	125.00
0.264540	125.00
0.264560	126.00
0.264580	126.00
0.264600	124.00
0.264620	123.00
0.264640	123.00
0.264660	123.00
0.264680	124.00
0.264700	125.00
0.264720	124.00
0.264740	124.00
0.264760	124.00
0.264780	125.00
0.264800	125.00
0.264820	126.00
0.264840	126.00
0.264860	125.00
0.264880	125.00
0.264900	124.00
0.264920	124.00
0.264940	125.00
0.264960	126.00
0.264980	127.00
0.265000	127.00
0.265020	126.00
0.265040	126.00
0.265060	126.00
0.265080	125.00
0.265100	125.00
0.265120	125.00
0.265140	125.00
0.265160	126.00
0.265180	126.00
0.265200	126.00
0.265220	125.00
0.265240	125.00
0.265260	126.00
0.265280	126.00
0.265300	125.00
0.265320	125.00
0.265340	125.00
0.265360	126.00
0.265380	127.00
0.265400	126.00
0.265420	125.00
0.265440	124.00
0.265460	124.00
0.265480	123.00
0.265500	123.00
0.265520	124.00
0.265540	124.00
0.265560	124.00
0.265580	124.00
0.265600	124.00
0.265620	124.00
0.265640	125.00
0.265660	125.00
0.265680	124.00
0.265700	123.00
0.265720	124.00
0.265740	125.00
0.265760	126.00
0.265780	126.00
0.265800	125.00
0.265820	124.00
0.265840	124.00
0.265860	125.00
0.265880	125.00
0.265900	125.00
0.265920	125.00
0.265940	125.00
0.265960	126.00
0.265980	126.00
0.266000	125.00
0.266020	124.00
0.266040	124.00
0.266060	124.00
0.266080	125.00
0.266100	124.00
0.266120	123.00
0.266140	124.00
0.266160	125.00
0.266180	126.00
0.266200	126.00
0.266220	125.00
0.266240	126.00
0.266260	126.00
0.266280	127.00
0.266300	126.00
0.266320	126.00
0.266340	125.00
0.266360	125.00
0.266380	126.00
0.266400	126.00
0.266420	126.00
0.266440	126.00
0.266460	127.00
0.266480	127.00
0.266500	126.00
0.266520	125.00
0.266540	125.00
0.266560	125.00
0.266580	125.00
0.266600	125.00
0.266620	124.00
0.266640	124.00
0.266660	124.00
0.266680	124.00
0.266700	123.00
0.266720	123.00
0.266740	124.00
0.266760	124.00
0.266780	124.00
0.266800	123.00
0.266820	122.00
0.266840	122.00
0.266860	124.00
0.266880	125.00
0.266900	126.00
0.266920	126.00
0.266940	126.00
0.266960	127.00
0.266980	128.00
0.267000	127.00
0.267020	125.00
0.267040	124.00
0.267060	124.00
0.267080	125.00
0.267100	126.00
0.267120	126.00
0.267140	125.00
0.267160	124.00
0.267180	124.00
0.267200	125.00
0.267220	126.00
0.267240	127.00
0.267260	128.00
0.267280	127.00
0.267300	127.00
0.267320	126.00
0.267340	126.00
0.267360	125.00
0.267380	125.00
0.267400	125.00
0.267420	125.00
0.267440	124.00
0.267460	124.00
0.267480	124.00
0.267500	125.00
0.267520	126.00
0.267540	126.00
0.267560	126.00
0.267580	124.00
0.267600	122.00
0.267620	122.00
0.267640	123.00
0.267660	124.00
0.267680	125.00
0.267700	124.00
0.267720	123.00
0.267740	122.00
0.267760	122.00
0.267780	122.00
0.267800	123.00
0.267820	124.00
0.267840	126.00
0.267860	127.00
0.267880	127.00
0.267900	127.00
0.267920	126.00
0.267940	126.00
0.267960	126.00
0.267980	125.00
0.268000	124.00
0.268020	124.00
0.268040	125.00
0.268060	125.00
0.268080	126.00
0.268100	126.00
0.268120	127.00
0.268140	128.00
0.268160	128.00
0.268180	127.00
0.268200	126.00
0.268220	125.00
0.268240	125.00
0.268260	126.00
0.268280	126.00
0.268300	127.00
0.268320	127.00
0.268340	127.00
0.268360	127.00
0.268380	126.00
0.268400	125.00
0.268420	124.00
0.268440	124.00
0.268460	124.00
0.268480	124.00
0.268500	122.00
0.268520	122.00
0.268540	122.00
0.268560	123.00
0.268580	124.00
0.268600	124.00
0.268620	125.00
0.268640	125.00
0.268660	125.00
0.268680	125.00
0.268700	125.00
0.268720	124.00
0.268740	124.00
0.268760	125.00
0.268780	125.00
0.268800	127.00
0.268820	127.00
0.268840	128.00
0.268860	127.00
0.268880	125.00
0.268900	124.00
0.268920	124.00
0.268940	125.00
0.268960	125.00
0.268980	125.00
0.269000	124.00
0.269020	124.00
0.269040	124.00
0.269060	124.00
0.269080	125.00
0.269100	125.00
0.269120	125.00
0.269140	126.00
0.269160	127.00
0.269180	127.00
0.269200	126.00
0.269220	125.00
0.269240	124.00
0.269260	124.00
0.269280	123.00
0.269300	123.00
0.269320	123.00
0.269340	124.00
0.269360	125.00
0.269380	126.00
0.269400	125.00
0.269420	125.00
0.269440	125.00
0.269460	126.00
0.269480	126.00
0.269500	125.00
0.269520	124.00
0.269540	124.00
0.269560	124.00
0.269580	124.00
0.269600	123.00
0.269620	123.00
0.269640	123.00
0.269660	125.00
0.269680	125.00
0.269700	125.00
0.269720	125.00
0.269740	125.00
0.269760	126.00
0.269780	126.00
0.269800	125.00
0.269820	124.00
0.269840	123.00
0.269860	124.00
0.269880	125.00
0.269900	126.00
0.269920	126.00
0.269940	126.00
0.269960	126.00
0.269980	127.00
0.270000	126.00
0.270020	126.00
0.270040	126.00
0.270060	126.00
0.270080	126.00
0.270100	126.00
0.270120	126.00
0.270140	125.00
0.270160	125.00
0.270180	126.00
0.270200	128.00
0.270220	128.00
0.270240	128.00
0.270260	128.00
0.270280	128.00
0.270300	128.00
0.270320	128.00
0.270340	128.00
0.270360	127.00
0.270380	125.00
0.270400	123.00
0.270420	122.00
0.270440	123.00
0.270460	124.00
0.270480	124.00
0.270500	124.00
0.270520	124.00
0.270540	125.00
0.270560	125.00
0.270580	124.00
0.270600	123.00
0.270620	122.00
0.270640	123.00
0.270660	124.00
0.270680	126.00
0.270700	127.00
0.270720	127.00
0.270740	126.00
0.270760	126.00
0.270780	125.00
0.270800	124.00
0.270820	123.00
0.270840	123.00
0.270860	123.00
0.270880	124.00
0.270900	125.00
0.270920	127.00
0.270940	128.00
0.270960	129.00
0.270980	129.00
0.271000	127.00
0.271020	125.00
0.271040	124.00
0.271060	123.00
0.271080	122.00
0.271100	123.00
0.271120	124.00
0.271140	126.00
0.271160	128.00
0.271180	129.00
0.271200	130.00
0.271220	131.00
0.271240	131.00
0.271260	130.00
0.271280	126.00
0.271300	121.00
0.271320	117.00
0.271340	117.00
0.271360	120.00
0.271380	124.00
0.271400	127.00
0.271420	130.00
0.271440	131.00
0.271460	131.00
0.271480	128.00
0.271500	124.00
0.271520	121.00
0.271540	120.00
0.271560	120.00
0.271580	120.00
0.271600	122.00
0.271620	124.00
0.271640	127.00
0.271660	130.00
0.271680	131.00
0.271700	128.00
0.271720	123.00
0.271740	117.00
0.271760	113.00
0.271780	112.00
0.271800	116.00
0.271820	127.00
0.271840	142.00
0.271860	155.00
0.271880	158.00
0.271900	148.00
0.271920	126.00
0.271940	102.00
0.271960	83.00
0.271980	76.00
0.272000	85.00
0.272020	108.00
0.272040	140.00
0.272060	172.00
0.272080	191.00
0.272100	189.00
0.272120	165.00
0.272140	127.00
0.272160	86.00
0.272180	57.00
0.272200	47.00
0.272220	60.00
0.272240	93.00
0.272260	136.00
0.272280	177.00
0.272300	201.00
0.272320	203.00
0.272340	183.00
0.272360	147.00
0.272380	107.00
0.272400	74.00
0.272420	54.00
0.272440	52.00
0.272460	65.00
0.272480	89.00
0.272500	117.00
0.272520	145.00
0.272540	167.00
0.272560	182.00
0.272580	188.00
0.272600	181.00
0.272620	163.00
0.272640	136.00
0.272660	105.00
0.272680	78.00
0.272700	60.00
0.272720	55.00
0.272740	64.00
0.272760	86.00
0.272780	115.00
0.272800	145.00
0.272820	170.00
0.272840	184.00
0.272860	187.00
0.272880	178.00
0.272900	160.00
0.272920	136.00
0.272940	110.00
0.272960	89.00
0.272980	75.00
0.273000	71.00
0.273020	77.00
0.273040	90.00
0.273060	109.00
0.273080	130.00
0.273100	150.00
0.273120	166.00
0.273140	175.00
0.273160	175.00
0.273180	164.00
0.273200	145.00
0.273220	122.00
0.273240	100.00
0.273260	85.00
0.273280	79.00
0.273300	84.00
0.273320	97.00
0.273340	116.00
0.273360	134.00
0.273380	148.00
0.273400	155.00
0.273420	155.00
0.273440	150.00
0.273460	141.00
0.273480	131.00
0.273500	120.00
0.273520	111.00
0.273540	107.00
0.273560	106.00
0.273580	108.00
0.273600	113.00
0.273620	118.00
0.273640	124.00
0.273660	129.00
0.273680	132.00
0.273700	133.00
0.273720	133.00
0.273740	135.00
0.273760	137.00
0.273780	137.00
0.273800	135.00
0.273820	129.00
0.273840	122.00
0.273860	115.00
0.273880	110.00
0.273900	108.00
0.273920	109.00
0.273940	115.00
0.273960	124.00
0.273980	135.00
0.274000	143.00
0.274020	148.00
0.274040	147.00
0.274060	141.00
0.274080	132.00
0.274100	123.00
0.274120	115.00
0.274140	111.00
0.274160	109.00
0.274180	111.00
0.274200	114.00
0.274220	119.00
0.274240	125.00
0.274260	130.00
0.274280	134.00
0.274300	135.00
0.274320	134.00
0.274340	131.00
0.274360	126.00
0.274380	120.00
0.274400	114.00
0.274420	111.00
0.274440	112.00
0.274460	118.00
0.274480	125.00
0.274500	131.00
0.274520	134.00
0.274540	133.00
0.274560	130.00
0.274580	126.00
0.274600	123.00
0.274620	121.00
0.274640	122.00
0.274660	125.00
0.274680	128.00
0.274700	130.00
0.274720	130.00
0.274740	127.00
0.274760	123.00
0.274780	118.00
0.274800	116.00
0.274820	118.00
0.274840	124.00
0.274860	132.00
0.274880	138.00
0.274900	141.00
0.274920	138.00
0.274940	131.00
0.274960	123.00
0.274980	117.00
0.275000	114.00
0.275020	115.00
0.275040	121.00
0.275060	128.00
0.275080	134.00
0.275100	137.00
0.275120	134.00
0.275140	128.00
0.275160	120.00
0.275180	115.00
0.275200	114.00
0.275220	116.00
0.275240	121.00
0.275260	126.00
0.275280	129.00
0.275300	130.00
0.275320	129.00
0.275340	127.00
0.275360	125.00
0.275380	123.00
0.275400	122.00
0.275420	123.00
0.275440	125.00
0.275460	127.00
0.275480	128.00
0.275500	126.00
0.275520	122.00
0.275540	119.00
0.275560	118.00
0.275580	120.00
0.275600	125.00
0.275620	131.00
0.275640	135.00
0.275660	135.00
0.275680	132.00
0.275700	126.00
0.275720	119.00
0.275740	114.00
0.275760	111.00
0.275780	113.00
0.275800	120.00
0.275820	128.00
0.275840	136.00
0.275860	140.00
0.275880	139.00
0.275900	135.00
0.275920	128.00
0.275940	122.00
0.275960	116.00
0.275980	113.00
0.276000	113.00
0.276020	117.00
0.276040	124.00
0.276060	131.00
0.276080	136.00
0.276100	136.00
0.276120	132.00
0.276140	126.00
0.276160	122.00
0.276180	119.00
0.276200	119.00
0.276220	121.00
0.276240	123.00
0.276260	124.00
0.276280	125.00
0.276300	126.00
0.276320	125.00
0.276340	125.00
0.276360	124.00
0.276380	124.00
0.276400	123.00
0.276420	122.00
0.276440	122.00
0.276460	122.00
0.276480	122.00
0.276500	123.00
0.276520	124.00
0.276540	127.00
0.276560	130.00
0.276580	133.00
0.276600	134.00
0.276620	132.00
0.276640	129.00
0.276660	125.00
0.276680	122.00
0.276700	119.00
0.276720	117.00
0.276740	118.00
0.276760	122.00
0.276780	126.00
0.276800	131.00
0.276820	133.00
0.276840	133.00
0.276860	131.00
0.276880	128.00
0.276900	124.00
0.276920	121.00
0.276940	118.00
0.276960	118.00
0.276980	119.00
0.277000	122.00
0.277020	126.00
0.277040	129.00
0.277060	132.00
0.277080	133.00
0.277100	131.00
0.277120	128.00
0.277140	123.00
0.277160	119.00
0.277180	118.00
0.277200	119.00
0.277220	122.00
0.277240	126.00
0.277260	129.00
0.277280	130.00
0.277300	129.00
0.277320	126.00
0.277340	123.00
0.277360	120.00
0.277380	119.00
0.277400	120.00
0.277420	123.00
0.277440	127.00
0.277460	131.00
0.277480	131.00
0.277500	128.00
0.277520	123.00
0.277540	119.00
0.277560	118.00
0.277580	122.00
0.277600	127.00
0.277620	132.00
0.277640	135.00
0.277660	133.00
0.277680	127.00
0.277700	120.00
0.277720	113.00
0.277740	111.00
0.277760	114.00
0.277780	121.00
0.277800	130.00
0.277820	138.00
0.277840	141.00
0.277860	139.00
0.277880	133.00
0.277900	124.00
0.277920	117.00
0.277940	113.00
0.277960	114.00
0.277980	119.00
0.278000	126.00
0.278020	131.00
0.278040	132.00
0.278060	131.00
0.278080	126.00
0.278100	121.00
0.278120	118.00
0.278140	119.00
0.278160	123.00
0.278180	127.00
0.278200	131.00
0.278220	131.00
0.278240	128.00
0.278260	124.00
0.278280	120.00
0.278300	117.00
0.278320	118.00
0.278340	121.00
0.278360	125.00
0.278380	129.00
0.278400	130.00
0.278420	130.00
0.278440	128.00
0.278460	125.00
0.278480	123.00
0.278500	121.00
0.278520	121.00
0.278540	122.00
0.278560	123.00
0.278580	126.00
0.278600	128.00
0.278620	129.00
0.278640	129.00
0.278660	128.00
0.278680	127.00
0.278700	125.00
0.278720	123.00
0.278740	122.00
0.278760	122.00
0.278780	125.00
0.278800	127.00
0.278820	128.00
0.278840	128.00
0.278860	127.00
0.278880	125.00
0.278900	125.00
0.278920	125.00
0.278940	125.00
0.278960	125.00
0.278980	124.00
0.279000	124.00
0.279020	123.00
0.279040	123.00
0.279060	124.00
0.279080	126.00
0.279100	129.00
0.279120	131.00
0.279140	131.00
0.279160	128.00
0.279180	123.00
0.279200	118.00
0.279220	115.00
0.279240	115.00
0.279260	118.00
0.279280	122.00
0.279300	126.00
0.279320	128.00
0.279340	129.00
0.279360	128.00
0.279380	127.00
0.279400	125.00
0.279420	123.00
0.279440	123.00
0.279460	123.00
0.279480	124.00
0.279500	125.00
0.279520	124.00
0.279540	122.00
0.279560	121.00
0.279580	120.00
0.279600	121.00
0.279620	125.00
0.279640	130.00
0.279660	135.00
0.279680	136.00
0.279700	133.00
0.279720	127.00
0.279740	120.00
0.279760	115.00
0.279780	114.00
0.279800	118.00
0.279820	125.00
0.279840	132.00
0.279860	138.00
0.279880	141.00
0.279900	138.00
0.279920	131.00
0.279940	122.00
0.279960	113.00
0.279980	109.00
0.280000	109.00
0.280020	114.00
0.280040	122.00
0.280060	129.00
0.280080	134.00
0.280100	135.00
0.280120	132.00
0.280140	126.00
0.280160	119.00
0.280180	114.00
0.280200	113.00
0.280220	115.00
0.280240	121.00
0.280260	127.00
0.280280	133.00
0.280300	135.00
0.280320	134.00
0.280340	130.00
0.280360	125.00
0.280380	121.00
0.280400	117.00
0.280420	116.00
0.280440	118.00
0.280460	122.00
0.280480	128.00
0.280500	133.00
0.280520	135.00
0.280540	135.00
0.280560	131.00
0.280580	126.00
0.280600	121.00
0.280620	117.00
0.280640	116.00
0.280660	117.00
0.280680	121.00
0.280700	126.00
0.280720	131.00
0.280740	135.00
0.280760	137.00
0.280780	135.00
0.280800	131.00
0.280820	126.00
0.280840	122.00
0.280860	119.00
0.280880	118.00
0.280900	118.00
0.280920	121.00
0.280940	124.00
0.280960	127.00
0.280980	129.00
0.281000	130.00
0.281020	128.00
0.281040	126.00
0.281060	124.00
0.281080	123.00
0.281100	122.00
0.281120	123.00
0.281140	124.00
0.281160	125.00
0.281180	125.00
0.281200	123.00
0.281220	121.00
0.281240	118.00
0.281260	118.00
0.281280	119.00
0.281300	122.00
0.281320	126.00
0.281340	130.00
0.281360	132.00
0.281380	133.00
0.281400	132.00
0.281420	129.00
0.281440	124.00
0.281460	119.00
0.281480	115.00
0.281500	112.00
0.281520	114.00
0.281540	120.00
0.281560	127.00
0.281580	134.00
0.281600	138.00
0.281620	138.00
0.281640	137.00
0.281660	133.00
0.281680	127.00
0.281700	122.00
0.281720	117.00
0.281740	114.00
0.281760	114.00
0.281780	116.00
0.281800	120.00
0.281820	125.00
0.281840	132.00
0.281860	137.00
0.281880	139.00
0.281900	137.00
0.281920	132.00
0.281940	125.00
0.281960	118.00
0.281980	113.00
0.282000	110.00
0.282020	112.00
0.282040	117.00
0.282060	124.00
0.282080	132.00
0.282100	137.00
0.282120	137.00
0.282140	134.00
0.282160	128.00
0.282180	122.00
0.282200	118.00
0.282220	117.00
0.282240	118.00
0.282260	120.00
0.282280	123.00
0.282300	126.00
0.282320	127.00
0.282340	127.00
0.282360	127.00
0.282380	126.00
0.282400	125.00
0.282420	126.00
0.282440	128.00
0.282460	129.00
0.282480	129.00
0.282500	128.00
0.282520	126.00
0.282540	124.00
0.282560	123.00
0.282580	122.00
0.282600	123.00
0.282620	125.00
0.282640	128.00
0.282660	130.00
0.282680	131.00
0.282700	129.00
0.282720	126.00
0.282740	123.00
0.282760	121.00
0.282780	120.00
0.282800	121.00
0.282820	123.00
0.282840	125.00
0.282860	128.00
0.282880	129.00
0.282900	129.00
0.282920	128.00
0.282940	126.00
0.282960	125.00
0.282980	123.00
0.283000	121.00
0.283020	121.00
0.283040	121.00
0.283060	123.00
0.283080	125.00
0.283100	125.00
0.283120	126.00
0.283140	126.00
0.283160	127.00
0.283180	127.00
0.283200	126.00
0.283220	124.00
0.283240	122.00
0.283260	122.00
0.283280	123.00
0.283300	126.00
0.283320	128.00
0.283340	131.00
0.283360	134.00
0.283380	135.00
0.283400	133.00
0.283420	129.00
0.283440	123.00
0.283460	118.00
0.283480	116.00
0.283500	117.00
0.283520	121.00
0.283540	127.00
0.283560	132.00
0.283580	136.00
0.283600	136.00
0.283620	133.00
0.283640	128.00
0.283660	121.00
0.283680	116.00
0.283700	115.00
0.283720	117.00
0.283740	121.00
0.283760	127.00
0.283780	132.00
0.283800	134.00
0.283820	133.00
0.283840	129.00
0.283860	125.00
0.283880	121.00
0.283900	118.00
0.283920	118.00
0.283940	119.00
0.283960	122.00
0.283980	124.00
0.284000	127.00
0.284020	128.00
0.284040	129.00
0.284060	128.00
0.284080	127.00
0.284100	124.00
0.284120	121.00
0.284140	119.00
0.284160	119.00
0.284180	120.00
0.284200	122.00
0.284220	125.00
0.284240	128.00
0.284260	130.00
0.284280	131.00
0.284300	130.00
0.284320	128.00
0.284340	124.00
0.284360	120.00
0.284380	119.00
0.284400	119.00
0.284420	122.00
0.284440	125.00
0.284460	128.00
0.284480	129.00
0.284500	129.00
0.284520	128.00
0.284540	127.00
0.284560	126.00
0.284580	125.00
0.284600	124.00
0.284620	123.00
0.284640	124.00
0.284660	125.00
0.284680	126.00
0.284700	126.00
0.284720	125.00
0.284740	125.00
0.284760	125.00
0.284780	126.00
0.284800	127.00
0.284820	126.00
0.284840	125.00
0.284860	124.00
0.284880	125.00
0.284900	125.00
0.284920	123.00
0.284940	121.00
0.284960	120.00
0.284980	121.00
0.285000	123.00
0.285020	126.00
0.285040	127.00
0.285060	127.00
0.285080	125.00
0.285100	124.00
0.285120	123.00
0.285140	122.00
0.285160	122.00
0.285180	122.00
0.285200	124.00
0.285220	126.00
0.285240	126.00
0.285260	125.00
0.285280	124.00
0.285300	123.00
0.285320	123.00
0.285340	124.00
0.285360	125.00
0.285380	125.00
0.285400	126.00
0.285420	128.00
0.285440	129.00
0.285460	128.00
0.285480	127.00
0.285500	125.00
0.285520	125.00
0.285540	125.00
0.285560	127.00
0.285580	127.00
0.285600	128.00
0.285620	129.00
0.285640	130.00
0.285660	130.00
0.285680	128.00
0.285700	125.00
0.285720	123.00
0.285740	122.00
0.285760	122.00
0.285780	123.00
0.285800	124.00
0.285820	126.00
0.285840	128.00
0.285860	129.00
0.285880	129.00
0.285900	128.00
0.285920	126.00
0.285940	124.00
0.285960	122.00
0.285980	120.00
0.286000	119.00
0.286020	120.00
0.286040	124.00
0.286060	129.00
0.286080	132.00
0.286100	133.00
0.286120	131.00
0.286140	128.00
0.286160	125.00
0.286180	121.00
0.286200	117.00
0.286220	115.00
0.286240	117.00
0.286260	121.00
0.286280	127.00
0.286300	132.00
0.286320	133.00
0.286340	132.00
0.286360	128.00
0.286380	123.00
0.286400	120.00
0.286420	118.00
0.286440	119.00
0.286460	122.00
0.286480	126.00
0.286500	128.00
0.286520	130.00
0.286540	131.00
0.286560	131.00
0.286580	130.00
0.286600	127.00
0.286620	123.00
0.286640	121.00
0.286660	122.00
0.286680	124.00
0.286700	127.00
0.286720	128.00
0.286740	128.00
0.286760	127.00
0.286780	126.00
0.286800	124.00
0.286820	122.00
0.286840	120.00
0.286860	121.00
0.286880	122.00
0.286900	124.00
0.286920	126.00
0.286940	127.00
0.286960	129.00
0.286980	129.00
0.287000	128.00
0.287020	125.00
0.287040	121.00
0.287060	118.00
0.287080	116.00
0.287100	117.00
0.287120	121.00
0.287140	125.00
0.287160	130.00
0.287180	135.00
0.287200	137.00
0.287220	136.00
0.287240	131.00
0.287260	125.00
0.287280	119.00
0.287300	116.00
0.287320	115.00
0.287340	118.00
0.287360	122.00
0.287380	127.00
0.287400	131.00
0.287420	133.00
0.287440	133.00
0.287460	131.00
0.287480	127.00
0.287500	122.00
0.287520	117.00
0.287540	115.00
0.287560	116.00
0.287580	120.00
0.287600	124.00
0.287620	126.00
0.287640	128.00
0.287660	128.00
0.287680	128.00
0.287700	128.00
0.287720	126.00
0.287740	125.00
0.287760	124.00
0.287780	123.00
0.287800	123.00
0.287820	123.00
0.287840	122.00
0.287860	122.00
0.287880	122.00
0.287900	124.00
0.287920	125.00
0.287940	126.00
0.287960	126.00
0.287980	126.00
0.288000	126.00
0.288020	126.00
0.288040	125.00
0.288060	123.00
0.288080	123.00
0.288100	123.00
0.288120	124.00
0.288140	125.00
0.288160	125.00
0.288180	126.00
0.288200	128.00
0.288220	129.00
0.288240	129.00
0.288260	128.00
0.288280	126.00
0.288300	124.00
0.288320	123.00
0.288340	123.00
0.288360	124.00
0.288380	125.00
0.288400	126.00
0.288420	128.00
0.288440	129.00
0.288460	130.00
0.288480	131.00
0.288500	130.00
0.288520	128.00
0.288540	125.00
0.288560	124.00
0.288580	123.00
0.288600	123.00
0.288620	123.00
0.288640	125.00
0.288660	126.00
0.288680	127.00
0.288700	127.00
0.288720	126.00
0.288740	125.00
0.288760	124.00
0.288780	123.00
0.288800	123.00
0.288820	124.00
0.288840	124.00
0.288860	123.00
0.288880	123.00
0.288900	122.00
0.288920	122.00
0.288940	123.00
0.288960	124.00
0.288980	125.00
0.289000	127.00
0.289020	128.00
0.289040	128.00
0.289060	127.00
0.289080	125.00
0.289100	123.00
0.289120	121.00
0.289140	121.00
0.289160	121.00
0.289180	123.00
0.289200	126.00
0.289220	128.00
0.289240	130.00
0.289260	131.00
0.289280	130.00
0.289300	128.00
0.289320	125.00
0.289340	123.00
0.289360	121.00
0.289380	121.00
0.289400	121.00
0.289420	123.00
0.289440	126.00
0.289460	128.00
0.289480	128.00
0.289500	127.00
0.289520	126.00
0.289540	125.00
0.289560	125.00
0.289580	125.00
0.289600	124.00
0.289620	123.00
0.289640	123.00
0.289660	124.00
0.289680	126.00
0.289700	126.00
0.289720	126.00
0.289740	126.00
0.289760	126.00
0.289780	126.00
0.289800	126.00
0.289820	126.00
0.289840	125.00
0.289860	124.00
0.289880	123.00
0.289900	123.00
0.289920	123.00
0.289940	123.00
0.289960	124.00
0.289980	124.00
0.290000	125.00
0.290020	126.00
0.290040	127.00
0.290060	127.00
0.290080	127.00
0.290100	128.00
0.290120	129.00
0.290140	130.00
0.290160	129.00
0.290180	127.00
0.290200	125.00
0.290220	123.00
0.290240	122.00
0.290260	121.00
0.290280	121.00
0.290300	122.00
0.290320	124.00
0.290340	127.00
0.290360	131.00
0.290380	133.00
0.290400	132.00
0.290420	128.00
0.290440	124.00
0.290460	122.00
0.290480	120.00
0.290500	119.00
0.290520	120.00
0.290540	121.00
0.290560	123.00
0.290580	126.00
0.290600	129.00
0.290620	130.00
0.290640	129.00
0.290660	126.00
0.290680	122.00
0.290700	120.00
0.290720	120.00
0.290740	121.00
0.290760	122.00
0.290780	123.00
0.290800	124.00
0.290820	125.00
0.290840	126.00
0.290860	126.00
0.290880	125.00
0.290900	123.00
0.290920	122.00
0.290940	122.00
0.290960	123.00
0.290980	125.00
0.291000	126.00
0.291020	126.00
0.291040	126.00
0.291060	126.00
0.291080	125.00
0.291100	123.00
0.291120	122.00
0.291140	122.00
0.291160	123.00
0.291180	125.00
0.291200	127.00
0.291220	127.00
0.291240	127.00
0.291260	127.00
0.291280	127.00
0.291300	127.00
0.291320	127.00
0.291340	127.00
0.291360	127.00
0.291380	127.00
0.291400	126.00
0.291420	125.00
0.291440	124.00
0.291460	124.00
0.291480	124.00
0.291500	125.00
0.291520	125.00
0.291540	125.00
0.291560	125.00
0.291580	125.00
0.291600	124.00
0.291620	123.00
0.291640	122.00
0.291660	122.00
0.291680	123.00
0.291700	125.00
0.291720	126.00
0.291740	126.00
0.291760	126.00
0.291780	125.00
0.291800	124.00
0.291820	123.00
0.291840	123.00
0.291860	124.00
0.291880	125.00
0.291900	127.00
0.291920	128.00
0.291940	129.00
0.291960	128.00
0.291980	127.00
0.292000	126.00
0.292020	125.00
0.292040	125.00
0.292060	125.00
0.292080	126.00
0.292100	125.00
0.292120	125.00
0.292140	125.00
0.292160	126.00
0.292180	128.00
0.292200	129.00
0.292220	129.00
0.292240	129.00
0.292260	128.00
0.292280	127.00
0.292300	125.00
0.292320	124.00
0.292340	124.00
0.292360	125.00
0.292380	126.00
0.292400	126.00
0.292420	127.00
0.292440	128.00
0.292460	128.00
0.292480	128.00
0.292500	127.00
0.292520	125.00
0.292540	123.00
0.292560	122.00
0.292580	122.00
0.292600	122.00
0.292620	123.00
0.292640	124.00
0.292660	125.00
0.292680	127.00
0.292700	128.00
0.292720	127.00
0.292740	125.00
0.292760	123.00
0.292780	121.00
0.292800	120.00
0.292820	120.00
0.292840	121.00
0.292860	123.00
0.292880	125.00
0.292900	126.00
0.292920	127.00
0.292940	128.00
0.292960	129.00
0.292980	128.00
0.293000	126.00
0.293020	124.00
0.293040	123.00
0.293060	123.00
0.293080	122.00
0.293100	122.00
0.293120	122.00
0.293140	122.00
0.293160	124.00
0.293180	125.00
0.293200	126.00
0.293220	126.00
0.293240	125.00
0.293260	125.00
0.293280	125.00
0.293300	126.00
0.293320	125.00
0.293340	125.00
0.293360	125.00
0.293380	125.00
0.293400	126.00
0.293420	125.00
0.293440	124.00
0.293460	124.00
0.293480	125.00
0.293500	126.00
0.293520	127.00
0.293540	126.00
0.293560	125.00
0.293580	124.00
0.293600	123.00
0.293620	123.00
0.293640	122.00
0.293660	123.00
0.293680	124.00
0.293700	125.00
0.293720	125.00
0.293740	126.00
0.293760	126.00
0.293780	128.00
0.293800	129.00
0.293820	129.00
0.293840	128.00
0.293860	126.00
0.293880	125.00
0.293900	124.00
0.293920	125.00
0.293940	125.00
0.293960	126.00
0.293980	127.00
0.294000	127.00
0.294020	127.00
0.294040	127.00
0.294060	127.00
0.294080	127.00
0.294100	126.00
0.294120	125.00
0.294140	123.00
0.294160	122.00
0.294180	123.00
0.294200	124.00
0.294220	126.00
0.294240	127.00
0.294260	128.00
0.294280	129.00
0.294300	129.00
0.294320	127.00
0.294340	125.00
0.294360	122.00
0.294380	121.00
0.294400	122.00
0.294420	124.00
0.294440	126.00
0.294460	127.00
0.294480	128.00
0.294500	128.00
0.294520	126.00
0.294540	124.00
0.294560	122.00
0.294580	121.00
0.294600	121.00
0.294620	121.00
0.294640	121.00
0.294660	122.00
0.294680	123.00
0.294700	124.00
0.294720	126.00
0.294740	126.00
0.294760	125.00
0.294780	124.00
0.294800	123.00
0.294820	124.00
0.294840	125.00
0.294860	126.00
0.294880	126.00
0.294900	125.00
0.294920	125.00
0.294940	125.00
0.294960	126.00
0.294980	127.00
0.295000	127.00
0.295020	127.00
0.295040	126.00
0.295060	125.00
0.295080	125.00
0.295100	125.00
0.295120	126.00
0.295140	126.00
0.295160	126.00
0.295180	126.00
0.295200	126.00
0.295220	126.00
0.295240	126.00
0.295260	126.00
0.295280	126.00
0.295300	126.00
0.295320	126.00
0.295340	126.00
0.295360	125.00
0.295380	124.00
0.295400	123.00
0.295420	122.00
0.295440	122.00
0.295460	122.00
0.295480	123.00
0.295500	123.00
0.295520	123.00
0.295540	123.00
0.295560	124.00
0.295580	124.00
0.295600	125.00
0.295620	125.00
0.295640	125.00
0.295660	125.00
0.295680	125.00
0.295700	124.00
0.295720	124.00
0.295740	123.00
0.295760	124.00
0.295780	124.00
0.295800	125.00
0.295820	125.00
0.295840	124.00
0.295860	124.00
0.295880	124.00
0.295900	125.00
0.295920	125.00
0.295940	125.00
0.295960	125.00
0.295980	125.00
0.296000	125.00
0.296020	126.00
0.296040	125.00
0.296060	124.00
0.296080	123.00
0.296100	123.00
0.296120	124.00
0.296140	125.00
0.296160	125.00
0.296180	126.00
0.296200	127.00
0.296220	128.00
0.296240	129.00
0.296260	129.00
0.296280	129.00
0.296300	127.00
0.296320	126.00
0.296340	125.00
0.296360	125.00
0.296380	125.00
0.296400	125.00
0.296420	125.00
0.296440	125.00
0.296460	125.00
0.296480	126.00
0.296500	126.00
0.296520	126.00
0.296540	126.00
0.296560	126.00
0.296580	126.00
0.296600	125.00
0.296620	123.00
0.296640	121.00
0.296660	120.00
0.296680	120.00
0.296700	121.00
0.296720	124.00
0.296740	126.00
0.296760	128.00
0.296780	130.00
0.296800	131.00
0.296820	130.00
0.296840	128.00
0.296860	126.00
0.296880	124.00
0.296900	123.00
0.296920	123.00
0.296940	123.00
0.296960	124.00
0.296980	125.00
0.297000	127.00
0.297020	128.00
0.297040	128.00
0.297060	128.00
0.297080	127.00
0.297100	126.00
0.297120	125.00
0.297140	123.00
0.297160	122.00
0.297180	122.00
0.297200	122.00
0.297220	124.00
0.297240	126.00
0.297260	127.00
0.297280	127.00
0.297300	128.00
0.297320	128.00
0.297340	127.00
0.297360	125.00
0.297380	123.00
0.297400	122.00
0.297420	122.00
0.297440	122.00
0.297460	122.00
0.297480	122.00
0.297500	123.00
0.297520	125.00
0.297540	127.00
0.297560	129.00
0.297580	129.00
0.297600	128.00
0.297620	126.00
0.297640	126.00
0.297660	125.00
0.297680	124.00
0.297700	123.00
0.297720	123.00
0.297740	123.00
0.297760	124.00
0.297780	125.00
0.297800	125.00
0.297820	126.00
0.297840	126.00
0.297860	126.00
0.297880	127.00
0.297900	127.00
0.297920	126.00
0.297940	126.00
0.297960	125.00
0.297980	124.00
0.298000	123.00
0.298020	122.00
0.298040	123.00
0.298060	124.00
0.298080	125.00
0.298100	127.00
0.298120	128.00
0.298140	129.00
0.298160	129.00
0.298180	128.00
0.298200	126.00
0.298220	125.00
0.298240	124.00
0.298260	124.00
0.298280	123.00
0.298300	123.00
0.298320	123.00
0.298340	123.00
0.298360	123.00
0.298380	124.00
0.298400	124.00
0.298420	125.00
0.298440	125.00
0.298460	124.00
0.298480	124.00
0.298500	123.00
0.298520	123.00
0.298540	124.00
0.298560	125.00
0.298580	125.00
0.298600	124.00
0.298620	124.00
0.298640	124.00
0.298660	125.00
0.298680	126.00
0.298700	126.00
0.298720	126.00
0.298740	125.00
0.298760	123.00
0.298780	123.00
0.298800	124.00
0.298820	124.00
0.298840	125.00
0.298860	125.00
0.298880	124.00
0.298900	124.00
0.298920	125.00
0.298940	125.00
0.298960	125.00
0.298980	125.00
0.299000	125.00
0.299020	125.00
0.299040	126.00
0.299060	126.00
0.299080	125.00
0.299100	124.00
0.299120	124.00
0.299140	125.00
0.299160	127.00
0.299180	127.00
0.299200	127.00
0.299220	126.00
0.299240	126.00
0.299260	126.00
0.299280	126.00
0.299300	126.00
0.299320	125.00
0.299340	125.00
0.299360	125.00
0.299380	126.00
0.299400	126.00
0.299420	126.00
0.299440	126.00
0.299460	127.00
0.299480	127.00
0.299500	126.00
0.299520	124.00
0.299540	123.00
0.299560	123.00
0.299580	124.00
0.299600	125.00
0.299620	125.00
0.299640	124.00
0.299660	124.00
0.299680	125.00
0.299700	125.00
0.299720	124.00
0.299740	124.00
0.299760	124.00
0.299780	125.00
0.299800	126.00
0.299820	127.00
0.299840	126.00
0.299860	125.00
0.299880	125.00
0.299900	125.00
0.299920	125.00
0.299940	125.00
0.299960	124.00
0.299980	123.00
0.300000	123.00
0.300020	124.00
0.300040	124.00
0.300060	125.00
0.300080	125.00
0.300100	125.00
0.300120	125.00
0.300140	125.00
0.300160	125.00
0.300180	125.00
0.300200	124.00
0.300220	123.00
0.300240	123.00
0.300260	123.00
0.300280	124.00
0.300300	125.00
0.300320	125.00
0.300340	125.00
0.300360	124.00
0.300380	124.00
0.300400	123.00
0.300420	123.00
0.300440	123.00
0.300460	123.00
0.300480	124.00
0.300500	125.00
0.300520	126.00
0.300540	127.00
0.300560	127.00
0.300580	126.00
0.300600	125.00
0.300620	124.00
0.300640	124.00
0.300660	124.00
0.300680	125.00
0.300700	126.00
0.300720	126.00
0.300740	127.00
0.300760	126.00
0.300780	126.00
0.300800	125.00
0.300820	125.00
0.300840	124.00
0.300860	125.00
0.300880	125.00
0.300900	125.00
0.300920	125.00
0.300940	126.00
0.300960	126.00
0.300980	127.00
0.301000	127.00
0.301020	127.00
0.301040	127.00
0.301060	127.00
0.301080	126.00
0.301100	126.00
0.301120	125.00
0.301140	126.00
0.301160	126.00
0.301180	127.00
0.301200	127.00
0.301220	127.00
0.301240	126.00
0.301260	126.00
0.301280	125.00
0.301300	124.00
0.301320	123.00
0.301340	123.00
0.301360	123.00
0.301380	124.00
0.301400	125.00
0.301420	125.00
0.301440	125.00
0.301460	124.00
0.301480	123.00
0.301500	122.00
0.301520	121.00
0.301540	121.00
0.301560	122.00
0.301580	124.00
0.301600	126.00
0.301620	127.00
0.301640	127.00
0.301660	127.00
0.301680	125.00
0.301700	124.00
0.301720	124.00
0.301740	124.00
0.301760	124.00
0.301780	124.00
0.301800	124.00
0.301820	124.00
0.301840	124.00
0.301860	124.00
0.301880	126.00
0.301900	127.00
0.301920	127.00
0.301940	127.00
0.301960	126.00
0.301980	126.00
0.302000	125.00
0.302020	124.00
0.302040	123.00
0.302060	123.00
0.302080	123.00
0.302100	124.00
0.302120	125.00
0.302140	126.00
0.302160	126.00
0.302180	127.00
0.302200	127.00
0.302220	127.00
0.302240	125.00
0.302260	124.00
0.302280	123.00
0.302300	123.00
0.302320	124.00
0.302340	124.00
0.302360	125.00
0.302380	125.00
0.302400	126.00
0.302420	126.00
0.302440	125.00
0.302460	124.00
0.302480	123.00
0.302500	123.00
0.302520	124.00
0.302540	125.00
0.302560	126.00
0.302580	127.00
0.302600	127.00
0.302620	127.00
0.302640	126.00
0.302660	125.00
0.302680	124.00
0.302700	123.00
0.302720	123.00
0.302740	123.00
0.302760	124.00
0.302780	126.00
0.302800	128.00
0.302820	129.00
0.302840	129.00
0.302860	128.00
0.302880	125.00
0.302900	124.00
0.302920	123.00
0.302940	123.00
0.302960	123.00
0.302980	124.00
0.303000	125.00
0.303020	126.00
0.303040	127.00
0.303060	127.00
0.303080	128.00
0.303100	128.00
0.303120	128.00
0.303140	126.00
0.303160	125.00
0.303180	124.00
0.303200	123.00
0.303220	123.00
0.303240	123.00
0.303260	124.00
0.303280	124.00
0.303300	124.00
0.303320	124.00
0.303340	124.00
0.303360	125.00
0.303380	125.00
0.303400	125.00
0.303420	124.00
0.303440	124.00
0.303460	124.00
0.303480	124.00
0.303500	125.00
0.303520	126.00
0.303540	126.00
0.303560	126.00
0.303580	125.00
0.303600	124.00
0.303620	125.00
0.303640	125.00
0.303660	126.00
0.303680	126.00
0.303700	126.00
0.303720	126.00
0.303740	126.00
0.303760	126.00
0.303780	126.00
0.303800	125.00
0.303820	125.00
0.303840	125.00
0.303860	124.00
0.303880	124.00
0.303900	124.00
0.303920	124.00
0.303940	124.00
0.303960	126.00
0.303980	127.00
0.304000	127.00
0.304020	126.00
0.304040	124.00
0.304060	123.00
0.304080	123.00
0.304100	124.00
0.304120	125.00
0.304140	126.00
0.304160	125.00
0.304180	124.00
0.304200	124.00
0.304220	124.00
0.304240	124.00
0.304260	124.00
0.304280	124.00
0.304300	124.00
0.304320	124.00
0.304340	125.00
0.304360	125.00
0.304380	125.00
0.304400	125.00
0.304420	125.00
0.304440	125.00
0.304460	125.00
0.304480	124.00
0.304500	124.00
0.304520	125.00
0.304540	125.00
0.304560	125.00
0.304580	125.00
0.304600	125.00
0.304620	124.00
0.304640	124.00
0.304660	124.00
0.304680	124.00
0.304700	124.00
0.304720	125.00
0.304740	126.00
0.304760	127.00
0.304780	127.00
0.304800	127.00
0.304820	127.00
0.304840	127.00
0.304860	127.00
0.304880	126.00
0.304900	125.00
0.304920	124.00
0.304940	124.00
0.304960	125.00
0.304980	125.00
0.305000	124.00
0.305020	123.00
0.305040	122.00
0.305060	123.00
0.305080	124.00
0.305100	126.00
0.305120	127.00
0.305140	126.00
0.305160	125.00
0.305180	124.00
0.305200	123.00
0.305220	124.00
0.305240	124.00
0.305260	125.00
0.305280	124.00
0.305300	124.00
0.305320	124.00
0.305340	124.00
0.305360	124.00
0.305380	125.00
0.305400	124.00
0.305420	124.00
0.305440	124.00
0.305460	124.00
0.305480	124.00
0.305500	124.00
0.305520	124.00
0.305540	124.00
0.305560	125.00
0.305580	126.00
0.305600	126.00
0.305620	125.00
0.305640	125.00
0.305660	125.00
0.305680	126.00
0.305700	126.00
0.305720	127.00
0.305740	126.00
0.305760	125.00
0.305780	125.00
0.305800	124.00
0.305820	125.00
0.305840	126.00
0.305860	126.00
0.305880	126.00
0.305900	126.00
0.305920	126.00
0.305940	127.00
0.305960	128.00
0.305980	128.00
0.306000	126.00
0.306020	125.00
0.306040	123.00
0.306060	123.00
0.306080	123.00
0.306100	124.00
0.306120	125.00
0.306140	125.00
0.306160	124.00
0.306180	124.00
0.306200	125.00
0.306220	125.00
0.306240	125.00
0.306260	124.00
0.306280	124.00
0.306300	124.00
0.306320	125.00
0.306340	126.00
0.306360	126.00
0.306380	126.00
0.306400	127.00
0.306420	128.00
0.306440	129.00
0.306460	129.00
0.306480	126.00
0.306500	124.00
0.306520	123.00
0.306540	124.00
0.306560	125.00
0.306580	126.00
0.306600	126.00
0.306620	125.00
0.306640	125.00
0.306660	125.00
0.306680	126.00
0.306700	126.00
0.306720	126.00
0.306740	125.00
0.306760	124.00
0.306780	122.00
0.306800	122.00
0.306820	123.00
0.306840	125.00
0.306860	127.00
0.306880	127.00
0.306900	127.00
0.306920	127.00
0.306940	127.00
0.306960	127.00
0.306980	126.00
0.307000	125.00
0.307020	124.00
0.307040	124.00
0.307060	124.00
0.307080	124.00
0.307100	123.00
0.307120	123.00
0.307140	122.00
0.307160	123.00
0.307180	124.00
0.307200	125.00
0.307220	125.00
0.307240	125.00
0.307260	124.00
0.307280	122.00
0.307300	121.00
0.307320	121.00
0.307340	122.00
0.307360	124.00
0.307380	125.00
0.307400	125.00
0.307420	125.00
0.307440	125.00
0.307460	125.00
0.307480	125.00
0.307500	125.00
0.307520	126.00
0.307540	127.00
0.307560	127.00
0.307580	127.00
0.307600	127.00
0.307620	126.00
0.307640	126.00
0.307660	126.00
0.307680	125.00
0.307700	124.00
0.307720	124.00
0.307740	125.00
0.307760	126.00
0.307780	126.00
0.307800	126.00
0.307820	125.00
0.307840	124.00
0.307860	123.00
0.307880	123.00
0.307900	123.00
0.307920	124.00
0.307940	124.00
0.307960	123.00
0.307980	123.00
0.308000	124.00
0.308020	126.00
0.308040	127.00
0.308060	127.00
0.308080	125.00
0.308100	123.00
0.308120	122.00
0.308140	124.00
0.308160	126.00
0.308180	127.00
0.308200	128.00
0.308220	127.00
0.308240	126.00
0.308260	126.00
0.308280	126.00
0.308300	126.00
0.308320	126.00
0.308340	125.00
0.308360	125.00
0.308380	125.00
0.308400	125.00
0.308420	126.00
0.308440	126.00
0.308460	126.00
0.308480	126.00
0.308500	125.00
0.308520	125.00
0.308540	125.00
0.308560	126.00
0.308580	125.00
0.308600	124.00
0.308620	123.00
0.308640	124.00
0.308660	125.00
0.308680	126.00
0.308700	126.00
0.308720	126.00
0.308740	126.00
0.308760	126.00
0.308780	126.00
0.308800	125.00
0.308820	125.00
0.308840	124.00
0.308860	125.00
0.308880	125.00
0.308900	124.00
0.308920	123.00
0.308940	123.00
0.308960	124.00
0.308980	124.00
0.309000	124.00
0.309020	124.00
0.309040	124.00
0.309060	124.00
0.309080	125.00
0.309100	125.00
0.309120	125.00
0.309140	124.00
0.309160	124.00
0.309180	124.00
0.309200	124.00
0.309220	124.00
0.309240	123.00
0.309260	124.00
0.309280	124.00
0.309300	125.00
0.309320	124.00
0.309340	124.00
0.309360	124.00
0.309380	125.00
0.309400	126.00
0.309420	126.00
0.309440	126.00
0.309460	125.00
0.309480	125.00
0.309500	125.00
0.309520	125.00
0.309540	125.00
0.309560	125.00
0.309580	125.00
0.309600	125.00
0.309620	126.00
0.309640	127.00
0.309660	127.00
0.309680	127.00
0.309700	127.00
0.309720	128.00
0.309740	127.00
0.309760	126.00
0.309780	125.00
0.309800	124.00
0.309820	124.00
0.309840	124.00
0.309860	125.00
0.309880	125.00
0.309900	125.00
0.309920	125.00
0.309940	125.00
0.309960	125.00
0.309980	125.00
0.310000	124.00
0.310020	124.00
0.310040	125.00
0.310060	126.00
0.310080	126.00
0.310100	126.00
0.310120	125.00
0.310140	125.00
0.310160	125.00
0.310180	125.00
0.310200	125.00
0.310220	125.00
0.310240	125.00
0.310260	125.00
0.310280	125.00
0.310300	125.00
0.310320	125.00
0.310340	125.00
0.310360	125.00
0.310380	125.00
0.310400	125.00
0.310420	125.00
0.310440	125.00
0.310460	125.00
0.310480	125.00
0.310500	126.00
0.310520	126.00
0.310540	127.00
0.310560	126.00
0.310580	126.00
0.310600	125.00
0.310620	125.00
0.310640	125.00
0.310660	125.00
0.310680	125.00
0.310700	124.00
0.310720	124.00
0.310740	123.00
0.310760	124.00
0.310780	124.00
0.310800	124.00
0.310820	124.00
0.310840	124.00
0.310860	124.00
0.310880	125.00
0.310900	125.00
0.310920	125.00
0.310940	125.00
0.310960	125.00
0.310980	124.00
0.311000	123.00
0.311020	123.00
0.311040	123.00
0.311060	123.00
0.311080	124.00
0.311100	124.00
0.311120	125.00
0.311140	125.00
0.311160	125.00
0.311180	125.00
0.311200	125.00
0.311220	125.00
0.311240	125.00
0.311260	125.00
0.311280	125.00
0.311300	123.00
0.311320	122.00
0.311340	122.00
0.311360	123.00
0.311380	124.00
0.311400	125.00
0.311420	125.00
0.311440	124.00
0.311460	125.00
0.311480	125.00
0.311500	126.00
0.311520	127.00
0.311540	127.00
0.311560	127.00
0.311580	126.00
0.311600	125.00
0.311620	124.00
0.311640	124.00
0.311660	125.00
0.311680	126.00
