0.261700	101.00
0.261720	49.00
0.261740	102.00
0.261760	142.00
0.261780	145.00
0.261800	125.00
0.261820	112.00
0.261840	117.00
0.261860	130.00
0.261880	133.00
0.261900	125.00
0.261920	118.00
0.261940	121.00
0.261960	130.00
0.261980	132.00
0.262000	127.00
0.262020	122.00
0.262040	124.00
0.262060	129.00
0.262080	130.00
0.262100	126.00
0.262120	122.00
0.262140	122.00
0.262160	125.00
0.262180	126.00
0.262200	124.00
0.262220	123.00
0.262240	125.00
0.262260	129.00
0.262280	130.00
0.262300	127.00
0.262320	124.00
0.262340	124.00
0.262360	126.00
0.262380	126.00
0.262400	124.00
0.262420	123.00
0.262440	124.00
0.262460	127.00
0.262480	128.00
0.262500	125.00
0.262520	123.00
0.262540	124.00
0.262560	125.00
0.262580	125.00
0.262600	123.00
0.262620	122.00
0.262640	122.00
0.262660	124.00
0.262680	124.00
0.262700	123.00
0.262720	123.00
0.262740	124.00
0.262760	126.00
0.262780	125.00
0.262800	122.00
0.262820	121.00
0.262840	122.00
0.262860	125.00
0.262880	127.00
0.262900	125.00
0.262920	124.00
0.262940	125.00
0.262960	127.00
0.262980	127.00
0.263000	125.00
0.263020	123.00
0.263040	124.00
0.263060	125.00
0.263080	126.00
0.263100	124.00
0.263120	122.00
0.263140	122.00
0.263160	124.00
0.263180	126.00
0.263200	126.00
0.263220	125.00
0.263240	125.00
0.263260	126.00
0.263280	126.00
0.263300	125.00
0.263320	124.00
0.263340	125.00
0.263360	126.00
0.263380	127.00
0.263400	126.00
0.263420	125.00
0.263440	124.00
0.263460	125.00
0.263480	125.00
0.263500	125.00
0.263520	125.00
0.263540	124.00
0.263560	124.00
0.263580	124.00
0.263600	123.00
0.263620	123.00
0.263640	124.00
0.263660	125.00
0.263680	125.00
0.263700	125.00
0.263720	124.00
0.263740	124.00
0.263760	125.00
0.263780	126.00
0.263800	126.00
0.263820	126.00
0.263840	127.00
0.263860	127.00
0.263880	126.00
0.263900	124.00
0.263920	123.00
0.263940	123.00
0.263960	125.00
0.263980	125.00
0.264000	124.00
0.264020	123.00
0.264040	123.00
0.264060	125.00
0.264080	126.00
0.264100	125.00
0.264120	123.00
0.264140	122.00
0.264160	123.00
0.264180	125.00
0.264200	126.00
0.264220	127.00
0.264240	127.00
0.264260	128.00
0.264280	128.00
0.264300	127.00
0.264320	127.00
0.264340	128.00
0.264360	128.00
0.264380	126.00
0.264400	124.00
0.264420	123.00
0.264440	123.00
0.264460	124.00
0.264480	125.00
0.264500	124.00
0.264520	124.00
0.264540	125.00
0.264560	126.00
0.264580	128.00
0.264600	127.00
0.264620	126.00
0.264640	125.00
0.264660	125.00
0.264680	125.00
0.264700	125.00
0.264720	125.00
0.264740	125.00
0.264760	125.00
0.264780	125.00
0.264800	124.00
0.264820	124.00
0.264840	124.00
0.264860	124.00
0.264880	124.00
0.264900	124.00
0.264920	125.00
0.264940	126.00
0.264960	126.00
0.264980	126.00
0.265000	126.00
0.265020	126.00
0.265040	127.00
0.265060	128.00
0.265080	127.00
0.265100	125.00
0.265120	124.00
0.265140	125.00
0.265160	125.00
0.265180	126.00
0.265200	125.00
0.265220	124.00
0.265240	124.00
0.265260	126.00
0.265280	127.00
0.265300	128.00
0.265320	127.00
0.265340	127.00
0.265360	126.00
0.265380	126.00
0.265400	124.00
0.265420	124.00
0.265440	124.00
0.265460	125.00
0.265480	125.00
0.265500	125.00
0.265520	124.00
0.265540	124.00
0.265560	124.00
0.265580	124.00
0.265600	123.00
0.265620	122.00
0.265640	122.00
0.265660	124.00
0.265680	124.00
0.265700	124.00
0.265720	124.00
0.265740	125.00
0.265760	126.00
0.265780	127.00
0.265800	127.00
0.265820	126.00
0.265840	125.00
0.265860	125.00
0.265880	124.00
0.265900	124.00
0.265920	124.00
0.265940	125.00
0.265960	126.00
0.265980	127.00
0.266000	126.00
0.266020	124.00
0.266040	124.00
0.266060	125.00
0.266080	126.00
0.266100	125.00
0.266120	125.00
0.266140	125.00
0.266160	125.00
0.266180	126.00
0.266200	125.00
0.266220	124.00
0.266240	124.00
0.266260	125.00
0.266280	126.00
0.266300	127.00
0.266320	127.00
0.266340	128.00
0.266360	128.00
0.266380	129.00
0.266400	128.00
0.266420	127.00
0.266440	125.00
0.266460	125.00
0.266480	124.00
0.266500	124.00
0.266520	124.00
0.266540	124.00
0.266560	125.00
0.266580	125.00
0.266600	124.00
0.266620	123.00
0.266640	122.00
0.266660	122.00
0.266680	123.00
0.266700	123.00
0.266720	123.00
0.266740	124.00
0.266760	125.00
0.266780	125.00
0.266800	125.00
0.266820	125.00
0.266840	125.00
0.266860	126.00
0.266880	126.00
0.266900	126.00
0.266920	126.00
0.266940	127.00
0.266960	127.00
0.266980	127.00
0.267000	127.00
0.267020	126.00
0.267040	126.00
0.267060	126.00
0.267080	126.00
0.267100	126.00
0.267120	126.00
0.267140	127.00
0.267160	127.00
0.267180	126.00
0.267200	124.00
0.267220	123.00
0.267240	122.00
0.267260	124.00
0.267280	125.00
0.267300	126.00
0.267320	126.00
0.267340	125.00
0.267360	125.00
0.267380	125.00
0.267400	124.00
0.267420	124.00
0.267440	124.00
0.267460	125.00
0.267480	125.00
0.267500	125.00
0.267520	124.00
0.267540	124.00
0.267560	125.00
0.267580	125.00
0.267600	125.00
0.267620	125.00
0.267640	125.00
0.267660	125.00
0.267680	126.00
0.267700	125.00
0.267720	125.00
0.267740	124.00
0.267760	125.00
0.267780	125.00
0.267800	125.00
0.267820	125.00
0.267840	125.00
0.267860	125.00
0.267880	126.00
0.267900	126.00
0.267920	125.00
0.267940	125.00
0.267960	126.00
0.267980	126.00
0.268000	125.00
0.268020	123.00
0.268040	122.00
0.268060	123.00
0.268080	124.00
0.268100	125.00
0.268120	126.00
0.268140	127.00
0.268160	127.00
0.268180	127.00
0.268200	127.00
0.268220	126.00
0.268240	125.00
0.268260	126.00
0.268280	126.00
0.268300	127.00
0.268320	127.00
0.268340	127.00
0.268360	127.00
0.268380	128.00
0.268400	127.00
0.268420	126.00
0.268440	125.00
0.268460	124.00
0.268480	124.00
0.268500	123.00
0.268520	122.00
0.268540	122.00
0.268560	123.00
0.268580	124.00
0.268600	125.00
0.268620	125.00
0.268640	124.00
0.268660	123.00
0.268680	122.00
0.268700	122.00
0.268720	123.00
0.268740	124.00
0.268760	124.00
0.268780	124.00
0.268800	124.00
0.268820	125.00
0.268840	126.00
0.268860	127.00
0.268880	128.00
0.268900	127.00
0.268920	127.00
0.268940	127.00
0.268960	127.00
0.268980	127.00
0.269000	127.00
0.269020	125.00
0.269040	125.00
0.269060	124.00
0.269080	124.00
0.269100	124.00
0.269120	123.00
0.269140	123.00
0.269160	124.00
0.269180	125.00
0.269200	125.00
0.269220	125.00
0.269240	125.00
0.269260	125.00
0.269280	126.00
0.269300	126.00
0.269320	126.00
0.269340	125.00
0.269360	124.00
0.269380	123.00
0.269400	123.00
0.269420	123.00
0.269440	124.00
0.269460	124.00
0.269480	124.00
0.269500	124.00
0.269520	123.00
0.269540	123.00
0.269560	124.00
0.269580	125.00
0.269600	125.00
0.269620	124.00
0.269640	124.00
0.269660	124.00
0.269680	124.00
0.269700	125.00
0.269720	125.00
0.269740	125.00
0.269760	125.00
0.269780	125.00
0.269800	126.00
0.269820	127.00
0.269840	127.00
0.269860	127.00
0.269880	126.00
0.269900	125.00
0.269920	124.00
0.269940	125.00
0.269960	127.00
0.269980	129.00
0.270000	129.00
0.270020	128.00
0.270040	126.00
0.270060	126.00
0.270080	126.00
0.270100	126.00
0.270120	125.00
0.270140	125.00
0.270160	125.00
0.270180	126.00
0.270200	126.00
0.270220	125.00
0.270240	125.00
0.270260	125.00
0.270280	126.00
0.270300	128.00
0.270320	128.00
0.270340	127.00
0.270360	124.00
0.270380	123.00
0.270400	122.00
0.270420	121.00
0.270440	121.00
0.270460	121.00
0.270480	121.00
0.270500	122.00
0.270520	123.00
0.270540	123.00
0.270560	124.00
0.270580	125.00
0.270600	126.00
0.270620	127.00
0.270640	126.00
0.270660	125.00
0.270680	124.00
0.270700	123.00
0.270720	123.00
0.270740	124.00
0.270760	124.00
0.270780	125.00
0.270800	126.00
0.270820	128.00
0.270840	130.00
0.270860	130.00
0.270880	129.00
0.270900	126.00
0.270920	123.00
0.270940	120.00
0.270960	118.00
0.270980	118.00
0.271000	123.00
0.271020	131.00
0.271040	139.00
0.271060	144.00
0.271080	142.00
0.271100	136.00
0.271120	128.00
0.271140	123.00
0.271160	121.00
0.271180	120.00
0.271200	120.00
0.271220	117.00
0.271240	114.00
0.271260	112.00
0.271280	112.00
0.271300	117.00
0.271320	125.00
0.271340	135.00
0.271360	144.00
0.271380	146.00
0.271400	139.00
0.271420	124.00
0.271440	105.00
0.271460	91.00
0.271480	87.00
0.271500	96.00
0.271520	115.00
0.271540	138.00
0.271560	160.00
0.271580	173.00
0.271600	174.00
0.271620	161.00
0.271640	134.00
0.271660	102.00
0.271680	76.00
0.271700	67.00
0.271720	76.00
0.271740	101.00
0.271760	129.00
0.271780	152.00
0.271800	165.00
0.271820	166.00
0.271840	157.00
0.271860	142.00
0.271880	125.00
0.271900	110.00
0.271920	102.00
0.271940	100.00
0.271960	103.00
0.271980	111.00
0.272000	120.00
0.272020	130.00
0.272040	140.00
0.272060	146.00
0.272080	147.00
0.272100	141.00
0.272120	130.00
0.272140	119.00
0.272160	109.00
0.272180	104.00
0.272200	104.00
0.272220	109.00
0.272240	118.00
0.272260	128.00
0.272280	137.00
0.272300	141.00
0.272320	142.00
0.272340	140.00
0.272360	134.00
0.272380	126.00
0.272400	117.00
0.272420	109.00
0.272440	104.00
0.272460	104.00
0.272480	108.00
0.272500	116.00
0.272520	125.00
0.272540	134.00
0.272560	141.00
0.272580	145.00
0.272600	142.00
0.272620	135.00
0.272640	125.00
0.272660	116.00
0.272680	110.00
0.272700	109.00
0.272720	111.00
0.272740	117.00
0.272760	124.00
0.272780	132.00
0.272800	137.00
0.272820	137.00
0.272840	134.00
0.272860	129.00
0.272880	123.00
0.272900	120.00
0.272920	119.00
0.272940	120.00
0.272960	121.00
0.272980	124.00
0.273000	125.00
0.273020	127.00
0.273040	128.00
0.273060	128.00
0.273080	129.00
0.273100	129.00
0.273120	130.00
0.273140	130.00
0.273160	129.00
0.273180	126.00
0.273200	122.00
0.273220	120.00
0.273240	119.00
0.273260	121.00
0.273280	124.00
0.273300	126.00
0.273320	128.00
0.273340	128.00
0.273360	128.00
0.273380	128.00
0.273400	126.00
0.273420	125.00
0.273440	125.00
0.273460	125.00
0.273480	125.00
0.273500	125.00
0.273520	127.00
0.273540	128.00
0.273560	127.00
0.273580	124.00
0.273600	119.00
0.273620	115.00
0.273640	114.00
0.273660	118.00
0.273680	125.00
0.273700	133.00
0.273720	139.00
0.273740	141.00
0.273760	138.00
0.273780	132.00
0.273800	123.00
0.273820	115.00
0.273840	110.00
0.273860	111.00
0.273880	115.00
0.273900	122.00
0.273920	130.00
0.273940	136.00
0.273960	139.00
0.273980	139.00
0.274000	137.00
0.274020	132.00
0.274040	125.00
0.274060	119.00
0.274080	115.00
0.274100	114.00
0.274120	115.00
0.274140	119.00
0.274160	123.00
0.274180	128.00
0.274200	132.00
0.274220	135.00
0.274240	135.00
0.274260	132.00
0.274280	128.00
0.274300	122.00
0.274320	117.00
0.274340	114.00
0.274360	113.00
0.274380	114.00
0.274400	118.00
0.274420	123.00
0.274440	127.00
0.274460	130.00
0.274480	130.00
0.274500	129.00
0.274520	127.00
0.274540	125.00
0.274560	124.00
0.274580	122.00
0.274600	121.00
0.274620	121.00
0.274640	122.00
0.274660	124.00
0.274680	126.00
0.274700	128.00
0.274720	129.00
0.274740	129.00
0.274760	128.00
0.274780	126.00
0.274800	123.00
0.274820	122.00
0.274840	124.00
0.274860	128.00
0.274880	131.00
0.274900	132.00
0.274920	129.00
0.274940	124.00
0.274960	120.00
0.274980	118.00
0.275000	119.00
0.275020	122.00
0.275040	127.00
0.275060	132.00
0.275080	133.00
0.275100	132.00
0.275120	128.00
0.275140	123.00
0.275160	121.00
0.275180	121.00
0.275200	123.00
0.275220	125.00
0.275240	127.00
0.275260	127.00
0.275280	125.00
0.275300	123.00
0.275320	121.00
0.275340	121.00
0.275360	122.00
0.275380	124.00
0.275400	127.00
0.275420	129.00
0.275440	129.00
0.275460	127.00
0.275480	123.00
0.275500	119.00
0.275520	117.00
0.275540	117.00
0.275560	119.00
0.275580	123.00
0.275600	128.00
0.275620	131.00
0.275640	132.00
0.275660	131.00
0.275680	129.00
0.275700	126.00
0.275720	124.00
0.275740	122.00
0.275760	120.00
0.275780	120.00
0.275800	120.00
0.275820	123.00
0.275840	127.00
0.275860	131.00
0.275880	134.00
0.275900	134.00
0.275920	132.00
0.275940	128.00
0.275960	124.00
0.275980	119.00
0.276000	117.00
0.276020	118.00
0.276040	121.00
0.276060	126.00
0.276080	132.00
0.276100	136.00
0.276120	137.00
0.276140	133.00
0.276160	126.00
0.276180	118.00
0.276200	112.00
0.276220	110.00
0.276240	112.00
0.276260	117.00
0.276280	123.00
0.276300	129.00
0.276320	134.00
0.276340	136.00
0.276360	133.00
0.276380	128.00
0.276400	122.00
0.276420	118.00
0.276440	118.00
0.276460	120.00
0.276480	123.00
0.276500	126.00
0.276520	127.00
0.276540	128.00
0.276560	128.00
0.276580	128.00
0.276600	128.00
0.276620	129.00
0.276640	130.00
0.276660	131.00
0.276680	130.00
0.276700	126.00
0.276720	122.00
0.276740	117.00
0.276760	115.00
0.276780	116.00
0.276800	120.00
0.276820	127.00
0.276840	134.00
0.276860	138.00
0.276880	138.00
0.276900	133.00
0.276920	125.00
0.276940	118.00
0.276960	113.00
0.276980	113.00
0.277000	116.00
0.277020	122.00
0.277040	129.00
0.277060	135.00
0.277080	138.00
0.277100	137.00
0.277120	132.00
0.277140	125.00
0.277160	119.00
0.277180	115.00
0.277200	112.00
0.277220	112.00
0.277240	115.00
0.277260	120.00
0.277280	127.00
0.277300	133.00
0.277320	137.00
0.277340	137.00
0.277360	133.00
0.277380	127.00
0.277400	119.00
0.277420	112.00
0.277440	108.00
0.277460	110.00
0.277480	116.00
0.277500	124.00
0.277520	131.00
0.277540	136.00
0.277560	138.00
0.277580	136.00
0.277600	132.00
0.277620	126.00
0.277640	121.00
0.277660	118.00
0.277680	117.00
0.277700	119.00
0.277720	122.00
0.277740	124.00
0.277760	126.00
0.277780	127.00
0.277800	128.00
0.277820	130.00
0.277840	132.00
0.277860	134.00
0.277880	134.00
0.277900	133.00
0.277920	128.00
0.277940	121.00
0.277960	115.00
0.277980	111.00
0.278000	111.00
0.278020	116.00
0.278040	122.00
0.278060	129.00
0.278080	133.00
0.278100	135.00
0.278120	135.00
0.278140	133.00
0.278160	128.00
0.278180	122.00
0.278200	116.00
0.278220	114.00
0.278240	115.00
0.278260	119.00
0.278280	123.00
0.278300	127.00
0.278320	130.00
0.278340	131.00
0.278360	132.00
0.278380	131.00
0.278400	129.00
0.278420	127.00
0.278440	124.00
0.278460	122.00
0.278480	120.00
0.278500	119.00
0.278520	120.00
0.278540	122.00
0.278560	125.00
0.278580	129.00
0.278600	131.00
0.278620	132.00
0.278640	131.00
0.278660	129.00
0.278680	126.00
0.278700	123.00
0.278720	120.00
0.278740	120.00
0.278760	122.00
0.278780	125.00
0.278800	128.00
0.278820	130.00
0.278840	129.00
0.278860	128.00
0.278880	126.00
0.278900	125.00
0.278920	124.00
0.278940	125.00
0.278960	126.00
0.278980	128.00
0.279000	128.00
0.279020	126.00
0.279040	123.00
0.279060	121.00
0.279080	119.00
0.279100	120.00
0.279120	121.00
0.279140	122.00
0.279160	123.00
0.279180	124.00
0.279200	126.00
0.279220	129.00
0.279240	131.00
0.279260	132.00
0.279280	130.00
0.279300	127.00
0.279320	122.00
0.279340	118.00
0.279360	114.00
0.279380	113.00
0.279400	115.00
0.279420	119.00
0.279440	125.00
0.279460	131.00
0.279480	135.00
0.279500	137.00
0.279520	136.00
0.279540	132.00
0.279560	126.00
0.279580	120.00
0.279600	114.00
0.279620	111.00
0.279640	112.00
0.279660	117.00
0.279680	125.00
0.279700	134.00
0.279720	141.00
0.279740	144.00
0.279760	144.00
0.279780	139.00
0.279800	131.00
0.279820	121.00
0.279840	112.00
0.279860	106.00
0.279880	105.00
0.279900	108.00
0.279920	116.00
0.279940	127.00
0.279960	138.00
0.279980	146.00
0.280000	147.00
0.280020	141.00
0.280040	131.00
0.280060	119.00
0.280080	110.00
0.280100	104.00
0.280120	104.00
0.280140	108.00
0.280160	116.00
0.280180	124.00
0.280200	133.00
0.280220	139.00
0.280240	142.00
0.280260	140.00
0.280280	134.00
0.280300	125.00
0.280320	117.00
0.280340	111.00
0.280360	109.00
0.280380	111.00
0.280400	116.00
0.280420	123.00
0.280440	130.00
0.280460	136.00
0.280480	139.00
0.280500	139.00
0.280520	136.00
0.280540	130.00
0.280560	123.00
0.280580	117.00
0.280600	113.00
0.280620	113.00
0.280640	117.00
0.280660	121.00
0.280680	126.00
0.280700	129.00
0.280720	131.00
0.280740	133.00
0.280760	134.00
0.280780	133.00
0.280800	132.00
0.280820	128.00
0.280840	123.00
0.280860	119.00
0.280880	116.00
0.280900	115.00
0.280920	117.00
0.280940	120.00
0.280960	125.00
0.280980	130.00
0.281000	134.00
0.281020	135.00
0.281040	134.00
0.281060	130.00
0.281080	125.00
0.281100	121.00
0.281120	119.00
0.281140	120.00
0.281160	121.00
0.281180	124.00
0.281200	126.00
0.281220	127.00
0.281240	128.00
0.281260	126.00
0.281280	124.00
0.281300	122.00
0.281320	121.00
0.281340	122.00
0.281360	124.00
0.281380	126.00
0.281400	128.00
0.281420	129.00
0.281440	128.00
0.281460	127.00
0.281480	123.00
0.281500	119.00
0.281520	118.00
0.281540	119.00
0.281560	122.00
0.281580	125.00
0.281600	128.00
0.281620	131.00
0.281640	132.00
0.281660	132.00
0.281680	130.00
0.281700	126.00
0.281720	121.00
0.281740	118.00
0.281760	117.00
0.281780	119.00
0.281800	123.00
0.281820	127.00
0.281840	130.00
0.281860	133.00
0.281880	133.00
0.281900	130.00
0.281920	126.00
0.281940	122.00
0.281960	120.00
0.281980	120.00
0.282000	121.00
0.282020	121.00
0.282040	122.00
0.282060	122.00
0.282080	122.00
0.282100	123.00
0.282120	125.00
0.282140	129.00
0.282160	132.00
0.282180	134.00
0.282200	133.00
0.282220	129.00
0.282240	124.00
0.282260	119.00
0.282280	116.00
0.282300	116.00
0.282320	119.00
0.282340	123.00
0.282360	127.00
0.282380	130.00
0.282400	132.00
0.282420	132.00
0.282440	131.00
0.282460	129.00
0.282480	127.00
0.282500	126.00
0.282520	125.00
0.282540	125.00
0.282560	124.00
0.282580	123.00
0.282600	121.00
0.282620	121.00
0.282640	122.00
0.282660	124.00
0.282680	126.00
0.282700	128.00
0.282720	130.00
0.282740	132.00
0.282760	132.00
0.282780	130.00
0.282800	125.00
0.282820	118.00
0.282840	114.00
0.282860	113.00
0.282880	116.00
0.282900	121.00
0.282920	128.00
0.282940	133.00
0.282960	136.00
0.282980	135.00
0.283000	131.00
0.283020	125.00
0.283040	119.00
0.283060	115.00
0.283080	114.00
0.283100	115.00
0.283120	119.00
0.283140	124.00
0.283160	130.00
0.283180	135.00
0.283200	136.00
0.283220	134.00
0.283240	129.00
0.283260	122.00
0.283280	117.00
0.283300	115.00
0.283320	116.00
0.283340	120.00
0.283360	124.00
0.283380	128.00
0.283400	131.00
0.283420	131.00
0.283440	130.00
0.283460	127.00
0.283480	124.00
0.283500	121.00
0.283520	121.00
0.283540	121.00
0.283560	123.00
0.283580	125.00
0.283600	128.00
0.283620	130.00
0.283640	132.00
0.283660	132.00
0.283680	129.00
0.283700	124.00
0.283720	121.00
0.283740	120.00
0.283760	120.00
0.283780	122.00
0.283800	124.00
0.283820	126.00
0.283840	129.00
0.283860	130.00
0.283880	131.00
0.283900	129.00
0.283920	125.00
0.283940	122.00
0.283960	120.00
0.283980	120.00
0.284000	121.00
0.284020	123.00
0.284040	125.00
0.284060	127.00
0.284080	129.00
0.284100	129.00
0.284120	129.00
0.284140	129.00
0.284160	128.00
0.284180	126.00
0.284200	124.00
0.284220	123.00
0.284240	122.00
0.284260	122.00
0.284280	122.00
0.284300	122.00
0.284320	122.00
0.284340	123.00
0.284360	125.00
0.284380	128.00
0.284400	130.00
0.284420	131.00
0.284440	129.00
0.284460	126.00
0.284480	123.00
0.284500	121.00
0.284520	120.00
0.284540	121.00
0.284560	123.00
0.284580	126.00
0.284600	128.00
0.284620	130.00
0.284640	130.00
0.284660	128.00
0.284680	125.00
0.284700	123.00
0.284720	121.00
0.284740	121.00
0.284760	123.00
0.284780	127.00
0.284800	130.00
0.284820	133.00
0.284840	133.00
0.284860	130.00
0.284880	126.00
0.284900	121.00
0.284920	117.00
0.284940	116.00
0.284960	118.00
0.284980	121.00
0.285000	124.00
0.285020	127.00
0.285040	128.00
0.285060	128.00
0.285080	127.00
0.285100	125.00
0.285120	124.00
0.285140	122.00
0.285160	121.00
0.285180	121.00
0.285200	120.00
0.285220	120.00
0.285240	121.00
0.285260	122.00
0.285280	124.00
0.285300	127.00
0.285320	131.00
0.285340	133.00
0.285360	133.00
0.285380	131.00
0.285400	127.00
0.285420	122.00
0.285440	119.00
0.285460	116.00
0.285480	116.00
0.285500	118.00
0.285520	121.00
0.285540	126.00
0.285560	131.00
0.285580	133.00
0.285600	133.00
0.285620	131.00
0.285640	129.00
0.285660	127.00
0.285680	125.00
0.285700	123.00
0.285720	121.00
0.285740	120.00
0.285760	119.00
0.285780	120.00
0.285800	121.00
0.285820	123.00
0.285840	125.00
0.285860	128.00
0.285880	131.00
0.285900	133.00
0.285920	133.00
0.285940	130.00
0.285960	126.00
0.285980	121.00
0.286000	116.00
0.286020	113.00
0.286040	112.00
0.286060	116.00
0.286080	122.00
0.286100	130.00
0.286120	135.00
0.286140	137.00
0.286160	135.00
0.286180	131.00
0.286200	126.00
0.286220	121.00
0.286240	116.00
0.286260	113.00
0.286280	113.00
0.286300	116.00
0.286320	122.00
0.286340	129.00
0.286360	133.00
0.286380	135.00
0.286400	134.00
0.286420	133.00
0.286440	131.00
0.286460	129.00
0.286480	126.00
0.286500	124.00
0.286520	122.00
0.286540	121.00
0.286560	121.00
0.286580	123.00
0.286600	126.00
0.286620	130.00
0.286640	133.00
0.286660	134.00
0.286680	133.00
0.286700	130.00
0.286720	126.00
0.286740	122.00
0.286760	118.00
0.286780	117.00
0.286800	117.00
0.286820	120.00
0.286840	124.00
0.286860	128.00
0.286880	131.00
0.286900	131.00
0.286920	130.00
0.286940	127.00
0.286960	123.00
0.286980	120.00
0.287000	119.00
0.287020	119.00
0.287040	121.00
0.287060	124.00
0.287080	127.00
0.287100	129.00
0.287120	130.00
0.287140	129.00
0.287160	126.00
0.287180	123.00
0.287200	121.00
0.287220	120.00
0.287240	121.00
0.287260	122.00
0.287280	124.00
0.287300	126.00
0.287320	127.00
0.287340	128.00
0.287360	127.00
0.287380	126.00
0.287400	125.00
0.287420	124.00
0.287440	125.00
0.287460	125.00
0.287480	125.00
0.287500	125.00
0.287520	124.00
0.287540	125.00
0.287560	125.00
0.287580	126.00
0.287600	126.00
0.287620	127.00
0.287640	127.00
0.287660	128.00
0.287680	128.00
0.287700	128.00
0.287720	127.00
0.287740	124.00
0.287760	122.00
0.287780	120.00
0.287800	120.00
0.287820	122.00
0.287840	125.00
0.287860	128.00
0.287880	131.00
0.287900	131.00
0.287920	131.00
0.287940	128.00
0.287960	124.00
0.287980	120.00
0.288000	116.00
0.288020	115.00
0.288040	117.00
0.288060	121.00
0.288080	126.00
0.288100	131.00
0.288120	134.00
0.288140	134.00
0.288160	132.00
0.288180	128.00
0.288200	124.00
0.288220	121.00
0.288240	119.00
0.288260	119.00
0.288280	120.00
0.288300	121.00
0.288320	123.00
0.288340	125.00
0.288360	125.00
0.288380	125.00
0.288400	124.00
0.288420	126.00
0.288440	127.00
0.288460	129.00
0.288480	129.00
0.288500	128.00
0.288520	125.00
0.288540	122.00
0.288560	119.00
0.288580	119.00
0.288600	121.00
0.288620	124.00
0.288640	128.00
0.288660	129.00
0.288680	130.00
0.288700	129.00
0.288720	128.00
0.288740	128.00
0.288760	128.00
0.288780	126.00
0.288800	125.00
0.288820	124.00
0.288840	123.00
0.288860	124.00
0.288880	123.00
0.288900	122.00
0.288920	121.00
0.288940	120.00
0.288960	120.00
0.288980	121.00
0.289000	124.00
0.289020	127.00
0.289040	131.00
0.289060	133.00
0.289080	133.00
0.289100	131.00
0.289120	128.00
0.289140	124.00
0.289160	121.00
0.289180	119.00
0.289200	117.00
0.289220	118.00
0.289240	120.00
0.289260	123.00
0.289280	128.00
0.289300	132.00
0.289320	135.00
0.289340	137.00
0.289360	135.00
0.289380	132.00
0.289400	126.00
0.289420	121.00
0.289440	117.00
0.289460	115.00
0.289480	116.00
0.289500	119.00
0.289520	123.00
0.289540	129.00
0.289560	134.00
0.289580	136.00
0.289600	136.00
0.289620	132.00
0.289640	128.00
0.289660	122.00
0.289680	117.00
0.289700	113.00
0.289720	111.00
0.289740	113.00
0.289760	118.00
0.289780	126.00
0.289800	133.00
0.289820	138.00
0.289840	138.00
0.289860	135.00
0.289880	129.00
0.289900	122.00
0.289920	116.00
0.289940	113.00
0.289960	114.00
0.289980	117.00
0.290000	122.00
0.290020	127.00
0.290040	131.00
0.290060	134.00
0.290080	134.00
0.290100	132.00
0.290120	128.00
0.290140	125.00
0.290160	121.00
0.290180	119.00
0.290200	118.00
0.290220	118.00
0.290240	119.00
0.290260	122.00
0.290280	124.00
0.290300	125.00
0.290320	126.00
0.290340	127.00
0.290360	127.00
0.290380	128.00
0.290400	128.00
0.290420	128.00
0.290440	126.00
0.290460	125.00
0.290480	124.00
0.290500	123.00
0.290520	123.00
0.290540	123.00
0.290560	124.00
0.290580	126.00
0.290600	127.00
0.290620	128.00
0.290640	129.00
0.290660	129.00
0.290680	129.00
0.290700	127.00
0.290720	124.00
0.290740	121.00
0.290760	119.00
0.290780	120.00
0.290800	123.00
0.290820	126.00
0.290840	127.00
0.290860	127.00
0.290880	126.00
0.290900	125.00
0.290920	123.00
0.290940	121.00
0.290960	119.00
0.290980	119.00
0.291000	121.00
0.291020	124.00
0.291040	126.00
0.291060	127.00
0.291080	128.00
0.291100	127.00
0.291120	126.00
0.291140	125.00
0.291160	124.00
0.291180	123.00
0.291200	123.00
0.291220	124.00
0.291240	125.00
0.291260	126.00
0.291280	126.00
0.291300	126.00
0.291320	127.00
0.291340	128.00
0.291360	128.00
0.291380	128.00
0.291400	128.00
0.291420	127.00
0.291440	127.00
0.291460	127.00
0.291480	126.00
0.291500	124.00
0.291520	123.00
0.291540	123.00
0.291560	123.00
0.291580	123.00
0.291600	124.00
0.291620	125.00
0.291640	127.00
0.291660	128.00
0.291680	128.00
0.291700	127.00
0.291720	126.00
0.291740	125.00
0.291760	125.00
0.291780	123.00
0.291800	122.00
0.291820	122.00
0.291840	121.00
0.291860	122.00
0.291880	124.00
0.291900	126.00
0.291920	127.00
0.291940	128.00
0.291960	128.00
0.291980	127.00
0.292000	125.00
0.292020	123.00
0.292040	121.00
0.292060	119.00
0.292080	119.00
0.292100	121.00
0.292120	124.00
0.292140	127.00
0.292160	130.00
0.292180	131.00
0.292200	130.00
0.292220	129.00
0.292240	126.00
0.292260	124.00
0.292280	122.00
0.292300	123.00
0.292320	125.00
0.292340	128.00
0.292360	129.00
0.292380	128.00
0.292400	127.00
0.292420	126.00
0.292440	125.00
0.292460	125.00
0.292480	125.00
0.292500	125.00
0.292520	125.00
0.292540	125.00
0.292560	126.00
0.292580	126.00
0.292600	125.00
0.292620	124.00
0.292640	123.00
0.292660	123.00
0.292680	123.00
0.292700	123.00
0.292720	123.00
0.292740	124.00
0.292760	124.00
0.292780	125.00
0.292800	126.00
0.292820	127.00
0.292840	127.00
0.292860	125.00
0.292880	124.00
0.292900	122.00
0.292920	122.00
0.292940	123.00
0.292960	125.00
0.292980	127.00
0.293000	128.00
0.293020	128.00
0.293040	128.00
0.293060	126.00
0.293080	124.00
0.293100	123.00
0.293120	122.00
0.293140	123.00
0.293160	125.00
0.293180	126.00
0.293200	127.00
0.293220	128.00
0.293240	127.00
0.293260	127.00
0.293280	126.00
0.293300	125.00
0.293320	124.00
0.293340	124.00
0.293360	125.00
0.293380	126.00
0.293400	126.00
0.293420	126.00
0.293440	126.00
0.293460	126.00
0.293480	126.00
0.293500	125.00
0.293520	125.00
0.293540	125.00
0.293560	125.00
0.293580	124.00
0.293600	124.00
0.293620	123.00
0.293640	123.00
0.293660	123.00
0.293680	123.00
0.293700	123.00
0.293720	123.00
0.293740	123.00
0.293760	124.00
0.293780	125.00
0.293800	126.00
0.293820	126.00
0.293840	126.00
0.293860	126.00
0.293880	126.00
0.293900	126.00
0.293920	125.00
0.293940	125.00
0.293960	125.00
0.293980	126.00
0.294000	126.00
0.294020	126.00
0.294040	126.00
0.294060	126.00
0.294080	126.00
0.294100	126.00
0.294120	126.00
0.294140	126.00
0.294160	126.00
0.294180	125.00
0.294200	125.00
0.294220	125.00
0.294240	125.00
0.294260	125.00
0.294280	125.00
0.294300	124.00
0.294320	125.00
0.294340	125.00
0.294360	126.00
0.294380	126.00
0.294400	125.00
0.294420	124.00
0.294440	122.00
0.294460	122.00
0.294480	122.00
0.294500	122.00
0.294520	123.00
0.294540	125.00
0.294560	126.00
0.294580	126.00
0.294600	125.00
0.294620	124.00
0.294640	123.00
0.294660	123.00
0.294680	124.00
0.294700	125.00
0.294720	126.00
0.294740	126.00
0.294760	127.00
0.294780	127.00
0.294800	126.00
0.294820	125.00
0.294840	123.00
0.294860	121.00
0.294880	121.00
0.294900	122.00
0.294920	124.00
0.294940	126.00
0.294960	129.00
0.294980	132.00
0.295000	133.00
0.295020	132.00
0.295040	128.00
0.295060	123.00
0.295080	120.00
0.295100	119.00
0.295120	120.00
0.295140	122.00
0.295160	124.00
0.295180	127.00
0.295200	128.00
0.295220	130.00
0.295240	130.00
0.295260	129.00
0.295280	127.00
0.295300	126.00
0.295320	125.00
0.295340	124.00
0.295360	123.00
0.295380	124.00
0.295400	125.00
0.295420	126.00
0.295440	126.00
0.295460	125.00
0.295480	124.00
0.295500	124.00
0.295520	124.00
0.295540	124.00
0.295560	124.00
0.295580	124.00
0.295600	123.00
0.295620	122.00
0.295640	122.00
0.295660	122.00
0.295680	124.00
0.295700	126.00
0.295720	127.00
0.295740	128.00
0.295760	127.00
0.295780	125.00
0.295800	124.00
0.295820	123.00
0.295840	123.00
0.295860	123.00
0.295880	122.00
0.295900	122.00
0.295920	123.00
0.295940	124.00
0.295960	125.00
0.295980	126.00
0.296000	126.00
0.296020	127.00
0.296040	128.00
0.296060	128.00
0.296080	127.00
0.296100	127.00
0.296120	126.00
0.296140	124.00
0.296160	123.00
0.296180	123.00
0.296200	124.00
0.296220	125.00
0.296240	126.00
0.296260	126.00
0.296280	125.00
0.296300	125.00
0.296320	126.00
0.296340	127.00
0.296360	127.00
0.296380	125.00
0.296400	124.00
0.296420	122.00
0.296440	121.00
0.296460	120.00
0.296480	120.00
0.296500	121.00
0.296520	123.00
0.296540	126.00
0.296560	127.00
0.296580	128.00
0.296600	128.00
0.296620	127.00
0.296640	126.00
0.296660	125.00
0.296680	123.00
0.296700	122.00
0.296720	122.00
0.296740	123.00
0.296760	125.00
0.296780	126.00
0.296800	127.00
0.296820	127.00
0.296840	128.00
0.296860	128.00
0.296880	128.00
0.296900	127.00
0.296920	127.00
0.296940	126.00
0.296960	125.00
0.296980	125.00
0.297000	124.00
0.297020	125.00
0.297040	125.00
0.297060	126.00
0.297080	127.00
0.297100	127.00
0.297120	127.00
0.297140	126.00
0.297160	125.00
0.297180	124.00
0.297200	124.00
0.297220	125.00
0.297240	125.00
0.297260	125.00
0.297280	125.00
0.297300	124.00
0.297320	124.00
0.297340	124.00
0.297360	124.00
0.297380	124.00
0.297400	124.00
0.297420	126.00
0.297440	128.00
0.297460	129.00
0.297480	128.00
0.297500	126.00
0.297520	123.00
0.297540	122.00
0.297560	121.00
0.297580	121.00
0.297600	122.00
0.297620	122.00
0.297640	123.00
0.297660	123.00
0.297680	123.00
0.297700	123.00
0.297720	123.00
0.297740	125.00
0.297760	127.00
0.297780	128.00
0.297800	128.00
0.297820	127.00
0.297840	126.00
0.297860	126.00
0.297880	126.00
0.297900	126.00
0.297920	126.00
0.297940	124.00
0.297960	123.00
0.297980	123.00
0.298000	124.00
0.298020	126.00
0.298040	127.00
0.298060	128.00
0.298080	128.00
0.298100	128.00
0.298120	128.00
0.298140	128.00
0.298160	127.00
0.298180	125.00
0.298200	124.00
0.298220	123.00
0.298240	122.00
0.298260	122.00
0.298280	122.00
0.298300	124.00
0.298320	126.00
0.298340	129.00
0.298360	130.00
0.298380	130.00
0.298400	127.00
0.298420	125.00
0.298440	123.00
0.298460	122.00
0.298480	122.00
0.298500	122.00
0.298520	122.00
0.298540	123.00
0.298560	124.00
0.298580	125.00
0.298600	127.00
0.298620	127.00
0.298640	127.00
0.298660	126.00
0.298680	124.00
0.298700	123.00
0.298720	122.00
0.298740	122.00
0.298760	123.00
0.298780	125.00
0.298800	126.00
0.298820	128.00
0.298840	128.00
0.298860	128.00
0.298880	127.00
0.298900	125.00
0.298920	124.00
0.298940	125.00
0.298960	126.00
0.298980	127.00
0.299000	127.00
0.299020	128.00
0.299040	128.00
0.299060	129.00
0.299080	129.00
0.299100	128.00
0.299120	126.00
0.299140	124.00
0.299160	123.00
0.299180	123.00
0.299200	124.00
0.299220	124.00
0.299240	125.00
0.299260	125.00
0.299280	125.00
0.299300	126.00
0.299320	126.00
0.299340	126.00
0.299360	124.00
0.299380	123.00
0.299400	122.00
0.299420	123.00
0.299440	124.00
0.299460	125.00
0.299480	125.00
0.299500	124.00
0.299520	123.00
0.299540	124.00
0.299560	124.00
0.299580	124.00
0.299600	123.00
0.299620	122.00
0.299640	122.00
0.299660	123.00
0.299680	123.00
0.299700	122.00
0.299720	122.00
0.299740	122.00
0.299760	123.00
0.299780	124.00
0.299800	125.00
0.299820	126.00
0.299840	127.00
0.299860	128.00
0.299880	128.00
0.299900	128.00
0.299920	125.00
0.299940	123.00
0.299960	122.00
0.299980	122.00
0.300000	122.00
0.300020	124.00
0.300040	125.00
0.300060	127.00
0.300080	128.00
0.300100	128.00
0.300120	128.00
0.300140	127.00
0.300160	126.00
0.300180	125.00
0.300200	124.00
0.300220	122.00
0.300240	122.00
0.300260	122.00
0.300280	122.00
0.300300	122.00
0.300320	124.00
0.300340	125.00
0.300360	127.00
0.300380	127.00
0.300400	125.00
0.300420	124.00
0.300440	124.00
0.300460	124.00
0.300480	124.00
0.300500	124.00
0.300520	124.00
0.300540	124.00
0.300560	125.00
0.300580	125.00
0.300600	125.00
0.300620	125.00
0.300640	125.00
0.300660	125.00
0.300680	124.00
0.300700	123.00
0.300720	123.00
0.300740	123.00
0.300760	125.00
0.300780	127.00
0.300800	128.00
0.300820	128.00
0.300840	127.00
0.300860	127.00
0.300880	126.00
0.300900	126.00
0.300920	125.00
0.300940	124.00
0.300960	124.00
0.300980	125.00
0.301000	125.00
0.301020	125.00
0.301040	125.00
0.301060	125.00
0.301080	126.00
0.301100	127.00
0.301120	126.00
0.301140	125.00
0.301160	124.00
0.301180	124.00
0.301200	124.00
0.301220	123.00
0.301240	122.00
0.301260	121.00
0.301280	122.00
0.301300	124.00
0.301320	126.00
0.301340	127.00
0.301360	127.00
0.301380	127.00
0.301400	126.00
0.301420	124.00
0.301440	122.00
0.301460	121.00
0.301480	120.00
0.301500	120.00
0.301520	122.00
0.301540	124.00
0.301560	126.00
0.301580	127.00
0.301600	128.00
0.301620	128.00
0.301640	128.00
0.301660	127.00
0.301680	125.00
0.301700	123.00
0.301720	122.00
0.301740	122.00
0.301760	123.00
0.301780	124.00
0.301800	125.00
0.301820	126.00
0.301840	127.00
0.301860	128.00
0.301880	128.00
0.301900	128.00
0.301920	127.00
0.301940	126.00
0.301960	125.00
0.301980	125.00
0.302000	125.00
0.302020	126.00
0.302040	126.00
0.302060	126.00
0.302080	126.00
0.302100	125.00
0.302120	125.00
0.302140	125.00
0.302160	125.00
0.302180	125.00
0.302200	125.00
0.302220	123.00
0.302240	122.00
0.302260	122.00
0.302280	123.00
0.302300	124.00
0.302320	124.00
0.302340	124.00
0.302360	124.00
0.302380	124.00
0.302400	124.00
0.302420	123.00
0.302440	122.00
0.302460	121.00
0.302480	122.00
0.302500	124.00
0.302520	126.00
0.302540	127.00
0.302560	128.00
0.302580	128.00
0.302600	129.00
0.302620	129.00
0.302640	128.00
0.302660	127.00
0.302680	126.00
0.302700	125.00
0.302720	125.00
0.302740	125.00
0.302760	126.00
0.302780	126.00
0.302800	127.00
0.302820	126.00
0.302840	125.00
0.302860	124.00
0.302880	124.00
0.302900	125.00
0.302920	127.00
0.302940	129.00
0.302960	129.00
0.302980	128.00
0.303000	127.00
0.303020	126.00
0.303040	125.00
0.303060	125.00
0.303080	125.00
0.303100	126.00
0.303120	127.00
0.303140	128.00
0.303160	128.00
0.303180	127.00
0.303200	125.00
0.303220	124.00
0.303240	123.00
0.303260	123.00
0.303280	122.00
0.303300	121.00
0.303320	121.00
0.303340	122.00
0.303360	123.00
0.303380	124.00
0.303400	124.00
0.303420	124.00
0.303440	125.00
0.303460	125.00
0.303480	124.00
0.303500	123.00
0.303520	123.00
0.303540	124.00
0.303560	125.00
0.303580	127.00
0.303600	127.00
0.303620	127.00
0.303640	128.00
0.303660	128.00
0.303680	128.00
0.303700	127.00
0.303720	126.00
0.303740	125.00
0.303760	126.00
0.303780	126.00
0.303800	125.00
0.303820	124.00
0.303840	123.00
0.303860	124.00
0.303880	125.00
0.303900	125.00
0.303920	126.00
0.303940	125.00
0.303960	124.00
0.303980	123.00
0.304000	124.00
0.304020	124.00
0.304040	125.00
0.304060	125.00
0.304080	125.00
0.304100	125.00
0.304120	125.00
0.304140	125.00
0.304160	125.00
0.304180	124.00
0.304200	123.00
0.304220	122.00
0.304240	122.00
0.304260	123.00
0.304280	124.00
0.304300	125.00
0.304320	125.00
0.304340	125.00
0.304360	125.00
0.304380	125.00
0.304400	124.00
0.304420	123.00
0.304440	121.00
0.304460	121.00
0.304480	122.00
0.304500	124.00
0.304520	125.00
0.304540	125.00
0.304560	125.00
0.304580	125.00
0.304600	126.00
0.304620	126.00
0.304640	126.00
0.304660	125.00
0.304680	124.00
0.304700	124.00
0.304720	125.00
0.304740	127.00
0.304760	128.00
0.304780	128.00
0.304800	127.00
0.304820	127.00
0.304840	125.00
0.304860	124.00
0.304880	124.00
0.304900	124.00
0.304920	124.00
0.304940	125.00
0.304960	125.00
0.304980	125.00
0.305000	125.00
0.305020	127.00
0.305040	127.00
0.305060	127.00
0.305080	126.00
0.305100	126.00
0.305120	125.00
0.305140	125.00
0.305160	125.00
0.305180	125.00
0.305200	124.00
0.305220	124.00
0.305240	124.00
0.305260	124.00
0.305280	124.00
0.305300	123.00
0.305320	123.00
0.305340	122.00
0.305360	122.00
0.305380	122.00
0.305400	123.00
0.305420	124.00
0.305440	125.00
0.305460	126.00
0.305480	127.00
0.305500	127.00
0.305520	127.00
0.305540	126.00
0.305560	126.00
0.305580	126.00
0.305600	125.00
0.305620	125.00
0.305640	125.00
0.305660	125.00
0.305680	125.00
0.305700	125.00
0.305720	125.00
0.305740	125.00
0.305760	126.00
0.305780	126.00
0.305800	126.00
0.305820	126.00
0.305840	126.00
0.305860	126.00
0.305880	126.00
0.305900	125.00
0.305920	124.00
0.305940	124.00
0.305960	124.00
0.305980	125.00
0.306000	126.00
0.306020	126.00
0.306040	126.00
0.306060	125.00
0.306080	124.00
0.306100	123.00
0.306120	124.00
0.306140	124.00
0.306160	124.00
0.306180	124.00
0.306200	123.00
0.306220	123.00
0.306240	123.00
0.306260	124.00
0.306280	124.00
0.306300	124.00
0.306320	124.00
0.306340	124.00
0.306360	125.00
0.306380	125.00
0.306400	126.00
0.306420	126.00
0.306440	127.00
0.306460	127.00
0.306480	127.00
0.306500	126.00
0.306520	125.00
0.306540	125.00
0.306560	124.00
0.306580	125.00
0.306600	125.00
0.306620	126.00
0.306640	126.00
0.306660	125.00
0.306680	124.00
0.306700	124.00
0.306720	125.00
0.306740	125.00
0.306760	126.00
0.306780	126.00
0.306800	126.00
0.306820	127.00
0.306840	128.00
0.306860	128.00
0.306880	127.00
0.306900	126.00
0.306920	125.00
0.306940	125.00
0.306960	125.00
0.306980	125.00
0.307000	124.00
0.307020	124.00
0.307040	124.00
0.307060	125.00
0.307080	126.00
0.307100	125.00
0.307120	125.00
0.307140	125.00
0.307160	125.00
0.307180	125.00
0.307200	125.00
0.307220	124.00
0.307240	123.00
0.307260	123.00
0.307280	123.00
0.307300	124.00
0.307320	125.00
0.307340	126.00
0.307360	125.00
0.307380	125.00
0.307400	124.00
0.307420	125.00
0.307440	125.00
0.307460	126.00
0.307480	126.00
0.307500	125.00
0.307520	125.00
0.307540	125.00
0.307560	126.00
0.307580	126.00
0.307600	125.00
0.307620	125.00
0.307640	124.00
0.307660	124.00
0.307680	125.00
0.307700	125.00
0.307720	125.00
0.307740	126.00
0.307760	127.00
0.307780	127.00
0.307800	127.00
0.307820	127.00
0.307840	126.00
0.307860	125.00
0.307880	125.00
0.307900	124.00
0.307920	124.00
0.307940	124.00
0.307960	124.00
0.307980	124.00
0.308000	124.00
0.308020	123.00
0.308040	123.00
0.308060	123.00
0.308080	123.00
0.308100	123.00
0.308120	123.00
0.308140	123.00
0.308160	123.00
0.308180	124.00
0.308200	124.00
0.308220	123.00
0.308240	123.00
0.308260	122.00
0.308280	123.00
0.308300	124.00
0.308320	125.00
0.308340	125.00
0.308360	126.00
0.308380	126.00
0.308400	127.00
0.308420	127.00
0.308440	126.00
0.308460	124.00
0.308480	123.00
0.308500	123.00
0.308520	123.00
0.308540	124.00
0.308560	124.00
0.308580	124.00
0.308600	124.00
0.308620	124.00
0.308640	125.00
0.308660	126.00
0.308680	126.00
0.308700	125.00
0.308720	125.00
0.308740	125.00
0.308760	126.00
0.308780	126.00
0.308800	125.00
0.308820	124.00
0.308840	124.00
0.308860	124.00
0.308880	125.00
0.308900	125.00
0.308920	126.00
0.308940	127.00
0.308960	127.00
0.308980	126.00
0.309000	126.00
0.309020	125.00
0.309040	125.00
0.309060	124.00
0.309080	124.00
0.309100	123.00
0.309120	123.00
0.309140	124.00
0.309160	125.00
0.309180	125.00
0.309200	125.00
0.309220	124.00
0.309240	124.00
0.309260	124.00
0.309280	124.00
0.309300	125.00
0.309320	126.00
0.309340	127.00
0.309360	128.00
0.309380	128.00
0.309400	127.00
0.309420	126.00
0.309440	125.00
0.309460	125.00
0.309480	126.00
0.309500	126.00
0.309520	126.00
0.309540	126.00
0.309560	125.00
0.309580	126.00
0.309600	127.00
0.309620	128.00
0.309640	129.00
0.309660	129.00
0.309680	128.00
0.309700	127.00
0.309720	126.00
0.309740	125.00
0.309760	125.00
0.309780	125.00
0.309800	125.00
0.309820	125.00
0.309840	124.00
0.309860	125.00
0.309880	125.00
0.309900	125.00
0.309920	124.00
0.309940	124.00
0.309960	123.00
0.309980	123.00
0.310000	123.00
0.310020	124.00
0.310040	124.00
0.310060	124.00
0.310080	124.00
0.310100	123.00
0.310120	123.00
0.310140	122.00
0.310160	123.00
0.310180	124.00
0.310200	125.00
0.310220	125.00
0.310240	126.00
0.310260	125.00
0.310280	125.00
0.310300	124.00
0.310320	124.00
0.310340	125.00
0.310360	126.00
0.310380	125.00
0.310400	125.00
0.310420	125.00
0.310440	125.00
0.310460	127.00
0.310480	127.00
0.310500	127.00
0.310520	127.00
0.310540	125.00
0.310560	124.00
0.310580	123.00
0.310600	124.00
0.310620	125.00
0.310640	126.00
0.310660	127.00
0.310680	126.00
0.310700	126.00
0.310720	125.00
0.310740	125.00
0.310760	125.00
0.310780	125.00
0.310800	124.00
0.310820	124.00
0.310840	124.00
0.310860	125.00
0.310880	126.00
0.310900	125.00
0.310920	124.00
0.310940	123.00
0.310960	124.00
0.310980	125.00
0.311000	126.00
0.311020	126.00
0.311040	125.00
0.311060	125.00
0.311080	125.00
0.311100	125.00
0.311120	124.00
0.311140	122.00
0.311160	121.00
0.311180	120.00
0.311200	121.00
0.311220	123.00
0.311240	124.00
0.311260	125.00
0.311280	126.00
0.311300	126.00
0.311320	126.00
0.311340	125.00
0.311360	125.00
0.311380	124.00
0.311400	125.00
0.311420	126.00
0.311440	127.00
0.311460	127.00
0.311480	126.00
0.311500	125.00
0.311520	125.00
0.311540	126.00
0.311560	126.00
0.311580	127.00
0.311600	127.00
0.311620	126.00
0.311640	126.00
0.311660	126.00
0.311680	126.00
