0.261700	101.00
0.261720	50.00
0.261740	104.00
0.261760	144.00
0.261780	148.00
0.261800	129.00
0.261820	115.00
0.261840	121.00
0.261860	133.00
0.261880	135.00
0.261900	127.00
0.261920	120.00
0.261940	123.00
0.261960	131.00
0.261980	133.00
0.262000	128.00
0.262020	122.00
0.262040	123.00
0.262060	127.00
0.262080	127.00
0.262100	122.00
0.262120	119.00
0.262140	121.00
0.262160	126.00
0.262180	127.00
0.262200	123.00
0.262220	121.00
0.262240	123.00
0.262260	127.00
0.262280	129.00
0.262300	126.00
0.262320	123.00
0.262340	123.00
0.262360	126.00
0.262380	127.00
0.262400	125.00
0.262420	124.00
0.262440	125.00
0.262460	127.00
0.262480	128.00
0.262500	125.00
0.262520	123.00
0.262540	124.00
0.262560	127.00
0.262580	127.00
0.262600	125.00
0.262620	123.00
0.262640	124.00
0.262660	128.00
0.262680	130.00
0.262700	129.00
0.262720	126.00
0.262740	126.00
0.262760	127.00
0.262780	127.00
0.262800	125.00
0.262820	123.00
0.262840	124.00
0.262860	125.00
0.262880	126.00
0.262900	126.00
0.262920	125.00
0.262940	126.00
0.262960	126.00
0.262980	126.00
0.263000	125.00
0.263020	124.00
0.263040	124.00
0.263060	125.00
0.263080	125.00
0.263100	123.00
0.263120	122.00
0.263140	122.00
0.263160	124.00
0.263180	124.00
0.263200	123.00
0.263220	121.00
0.263240	121.00
0.263260	123.00
0.263280	125.00
0.263300	125.00
0.263320	124.00
0.263340	124.00
0.263360	125.00
0.263380	126.00
0.263400	126.00
0.263420	125.00
0.263440	125.00
0.263460	126.00
0.263480	126.00
0.263500	126.00
0.263520	126.00
0.263540	127.00
0.263560	128.00
0.263580	127.00
0.263600	125.00
0.263620	124.00
0.263640	125.00
0.263660	127.00
0.263680	128.00
0.263700	127.00
0.263720	125.00
0.263740	124.00
0.263760	125.00
0.263780	125.00
0.263800	124.00
0.263820	124.00
0.263840	124.00
0.263860	125.00
0.263880	125.00
0.263900	125.00
0.263920	123.00
0.263940	123.00
0.263960	124.00
0.263980	126.00
0.264000	126.00
0.264020	125.00
0.264040	124.00
0.264060	124.00
0.264080	125.00
0.264100	125.00
0.264120	125.00
0.264140	125.00
0.264160	125.00
0.264180	125.00
0.264200	124.00
0.264220	124.00
0.264240	124.00
0.264260	124.00
0.264280	124.00
0.264300	124.00
0.264320	124.00
0.264340	124.00
0.264360	125.00
0.264380	125.00
0.264400	125.00
0.264420	126.00
0.264440	126.00
0.264460	126.00
0.264480	126.00
0.264500	125.00
0.264520	124.00
0.264540	125.00
0.264560	125.00
0.264580	125.00
0.264600	125.00
0.264620	125.00
0.264640	125.00
0.264660	126.00
0.264680	125.00
0.264700	124.00
0.264720	124.00
0.264740	125.00
0.264760	126.00
0.264780	127.00
0.264800	126.00
0.264820	126.00
0.264840	126.00
0.264860	127.00
0.264880	127.00
0.264900	126.00
0.264920	125.00
0.264940	125.00
0.264960	125.00
0.264980	125.00
0.265000	124.00
0.265020	122.00
0.265040	122.00
0.265060	123.00
0.265080	123.00
0.265100	124.00
0.265120	125.00
0.265140	125.00
0.265160	126.00
0.265180	126.00
0.265200	126.00
0.265220	126.00
0.265240	126.00
0.265260	126.00
0.265280	126.00
0.265300	125.00
0.265320	125.00
0.265340	125.00
0.265360	126.00
0.265380	126.00
0.265400	126.00
0.265420	126.00
0.265440	125.00
0.265460	125.00
0.265480	125.00
0.265500	125.00
0.265520	126.00
0.265540	126.00
0.265560	126.00
0.265580	125.00
0.265600	124.00
0.265620	125.00
0.265640	126.00
0.265660	127.00
0.265680	126.00
0.265700	125.00
0.265720	126.00
0.265740	127.00
0.265760	127.00
0.265780	126.00
0.265800	124.00
0.265820	123.00
0.265840	124.00
0.265860	124.00
0.265880	124.00
0.265900	123.00
0.265920	122.00
0.265940	122.00
0.265960	124.00
0.265980	125.00
0.266000	125.00
0.266020	124.00
0.266040	125.00
0.266060	126.00
0.266080	126.00
0.266100	125.00
0.266120	124.00
0.266140	124.00
0.266160	125.00
0.266180	125.00
0.266200	124.00
0.266220	123.00
0.266240	124.00
0.266260	126.00
0.266280	127.00
0.266300	126.00
0.266320	125.00
0.266340	124.00
0.266360	124.00
0.266380	125.00
0.266400	125.00
0.266420	126.00
0.266440	126.00
0.266460	126.00
0.266480	125.00
0.266500	123.00
0.266520	123.00
0.266540	124.00
0.266560	125.00
0.266580	126.00
0.266600	126.00
0.266620	125.00
0.266640	125.00
0.266660	124.00
0.266680	123.00
0.266700	123.00
0.266720	123.00
0.266740	125.00
0.266760	127.00
0.266780	128.00
0.266800	127.00
0.266820	126.00
0.266840	126.00
0.266860	127.00
0.266880	126.00
0.266900	125.00
0.266920	123.00
0.266940	123.00
0.266960	124.00
0.266980	126.00
0.267000	126.00
0.267020	126.00
0.267040	125.00
0.267060	124.00
0.267080	124.00
0.267100	123.00
0.267120	123.00
0.267140	123.00
0.267160	124.00
0.267180	125.00
0.267200	125.00
0.267220	125.00
0.267240	125.00
0.267260	126.00
0.267280	126.00
0.267300	126.00
0.267320	124.00
0.267340	124.00
0.267360	124.00
0.267380	125.00
0.267400	124.00
0.267420	124.00
0.267440	124.00
0.267460	125.00
0.267480	126.00
0.267500	126.00
0.267520	126.00
0.267540	126.00
0.267560	126.00
0.267580	127.00
0.267600	128.00
0.267620	127.00
0.267640	125.00
0.267660	124.00
0.267680	124.00
0.267700	124.00
0.267720	125.00
0.267740	125.00
0.267760	125.00
0.267780	125.00
0.267800	125.00
0.267820	125.00
0.267840	124.00
0.267860	124.00
0.267880	124.00
0.267900	123.00
0.267920	123.00
0.267940	123.00
0.267960	123.00
0.267980	123.00
0.268000	123.00
0.268020	123.00
0.268040	124.00
0.268060	124.00
0.268080	124.00
0.268100	124.00
0.268120	125.00
0.268140	125.00
0.268160	125.00
0.268180	125.00
0.268200	124.00
0.268220	123.00
0.268240	123.00
0.268260	123.00
0.268280	124.00
0.268300	125.00
0.268320	125.00
0.268340	125.00
0.268360	126.00
0.268380	126.00
0.268400	126.00
0.268420	125.00
0.268440	125.00
0.268460	125.00
0.268480	125.00
0.268500	126.00
0.268520	126.00
0.268540	127.00
0.268560	127.00
0.268580	126.00
0.268600	125.00
0.268620	124.00
0.268640	124.00
0.268660	124.00
0.268680	125.00
0.268700	125.00
0.268720	126.00
0.268740	126.00
0.268760	126.00
0.268780	126.00
0.268800	126.00
0.268820	126.00
0.268840	125.00
0.268860	125.00
0.268880	125.00
0.268900	124.00
0.268920	125.00
0.268940	125.00
0.268960	125.00
0.268980	124.00
0.269000	124.00
0.269020	124.00
0.269040	125.00
0.269060	126.00
0.269080	126.00
0.269100	126.00
0.269120	126.00
0.269140	126.00
0.269160	125.00
0.269180	125.00
0.269200	125.00
0.269220	126.00
0.269240	126.00
0.269260	126.00
0.269280	126.00
0.269300	126.00
0.269320	126.00
0.269340	127.00
0.269360	127.00
0.269380	127.00
0.269400	126.00
0.269420	126.00
0.269440	126.00
0.269460	127.00
0.269480	127.00
0.269500	127.00
0.269520	126.00
0.269540	126.00
0.269560	125.00
0.269580	125.00
0.269600	124.00
0.269620	123.00
0.269640	124.00
0.269660	124.00
0.269680	125.00
0.269700	125.00
0.269720	126.00
0.269740	126.00
0.269760	126.00
0.269780	125.00
0.269800	124.00
0.269820	124.00
0.269840	124.00
0.269860	125.00
0.269880	124.00
0.269900	123.00
0.269920	122.00
0.269940	122.00
0.269960	123.00
0.269980	124.00
0.270000	123.00
0.270020	123.00
0.270040	123.00
0.270060	124.00
0.270080	125.00
0.270100	125.00
0.270120	125.00
0.270140	126.00
0.270160	127.00
0.270180	128.00
0.270200	128.00
0.270220	126.00
0.270240	124.00
0.270260	123.00
0.270280	123.00
0.270300	125.00
0.270320	126.00
0.270340	127.00
0.270360	127.00
0.270380	126.00
0.270400	125.00
0.270420	125.00
0.270440	126.00
0.270460	126.00
0.270480	126.00
0.270500	125.00
0.270520	124.00
0.270540	124.00
0.270560	125.00
0.270580	126.00
0.270600	125.00
0.270620	124.00
0.270640	124.00
0.270660	124.00
0.270680	125.00
0.270700	126.00
0.270720	126.00
0.270740	124.00
0.270760	121.00
0.270780	117.00
0.270800	115.00
0.270820	117.00
0.270840	123.00
0.270860	133.00
0.270880	142.00
0.270900	145.00
0.270920	140.00
0.270940	128.00
0.270960	112.00
0.270980	99.00
0.271000	93.00
0.271020	98.00
0.271040	114.00
0.271060	136.00
0.271080	156.00
0.271100	170.00
0.271120	171.00
0.271140	159.00
0.271160	137.00
0.271180	112.00
0.271200	89.00
0.271220	75.00
0.271240	73.00
0.271260	82.00
0.271280	100.00
0.271300	120.00
0.271320	141.00
0.271340	157.00
0.271360	166.00
0.271380	165.00
0.271400	156.00
0.271420	139.00
0.271440	119.00
0.271460	98.00
0.271480	81.00
0.271500	74.00
0.271520	79.00
0.271540	99.00
0.271560	130.00
0.271580	166.00
0.271600	195.00
0.271620	209.00
0.271640	202.00
0.271660	174.00
0.271680	132.00
0.271700	86.00
0.271720	46.00
0.271740	25.00
0.271760	25.00
0.271780	48.00
0.271800	88.00
0.271820	134.00
0.271840	176.00
0.271860	206.00
0.271880	219.00
0.271900	213.00
0.271920	191.00
0.271940	158.00
0.271960	119.00
0.271980	80.00
0.272000	49.00
0.272020	33.00
0.272040	35.00
0.272060	56.00
0.272080	88.00
0.272100	126.00
0.272120	160.00
0.272140	186.00
0.272160	198.00
0.272180	197.00
0.272200	183.00
0.272220	160.00
0.272240	133.00
0.272260	106.00
0.272280	84.00
0.272300	69.00
0.272320	66.00
0.272340	74.00
0.272360	90.00
0.272380	111.00
0.272400	133.00
0.272420	152.00
0.272440	167.00
0.272460	176.00
0.272480	176.00
0.272500	167.00
0.272520	150.00
0.272540	128.00
0.272560	106.00
0.272580	87.00
0.272600	75.00
0.272620	73.00
0.272640	83.00
0.272660	102.00
0.272680	125.00
0.272700	145.00
0.272720	159.00
0.272740	164.00
0.272760	161.00
0.272780	150.00
0.272800	134.00
0.272820	118.00
0.272840	105.00
0.272860	98.00
0.272880	97.00
0.272900	101.00
0.272920	108.00
0.272940	116.00
0.272960	126.00
0.272980	135.00
0.273000	141.00
0.273020	144.00
0.273040	145.00
0.273060	143.00
0.273080	138.00
0.273100	130.00
0.273120	121.00
0.273140	112.00
0.273160	107.00
0.273180	106.00
0.273200	110.00
0.273220	117.00
0.273240	126.00
0.273260	135.00
0.273280	141.00
0.273300	142.00
0.273320	137.00
0.273340	129.00
0.273360	121.00
0.273380	116.00
0.273400	115.00
0.273420	117.00
0.273440	120.00
0.273460	124.00
0.273480	127.00
0.273500	130.00
0.273520	131.00
0.273540	129.00
0.273560	125.00
0.273580	121.00
0.273600	118.00
0.273620	118.00
0.273640	120.00
0.273660	124.00
0.273680	128.00
0.273700	131.00
0.273720	132.00
0.273740	131.00
0.273760	129.00
0.273780	126.00
0.273800	123.00
0.273820	121.00
0.273840	120.00
0.273860	120.00
0.273880	122.00
0.273900	124.00
0.273920	125.00
0.273940	124.00
0.273960	124.00
0.273980	123.00
0.274000	124.00
0.274020	125.00
0.274040	128.00
0.274060	131.00
0.274080	134.00
0.274100	134.00
0.274120	131.00
0.274140	124.00
0.274160	116.00
0.274180	111.00
0.274200	110.00
0.274220	114.00
0.274240	123.00
0.274260	133.00
0.274280	140.00
0.274300	144.00
0.274320	143.00
0.274340	138.00
0.274360	128.00
0.274380	117.00
0.274400	108.00
0.274420	105.00
0.274440	109.00
0.274460	118.00
0.274480	129.00
0.274500	138.00
0.274520	142.00
0.274540	141.00
0.274560	135.00
0.274580	127.00
0.274600	118.00
0.274620	111.00
0.274640	110.00
0.274660	114.00
0.274680	121.00
0.274700	129.00
0.274720	133.00
0.274740	134.00
0.274760	132.00
0.274780	126.00
0.274800	120.00
0.274820	116.00
0.274840	114.00
0.274860	116.00
0.274880	122.00
0.274900	130.00
0.274920	135.00
0.274940	136.00
0.274960	133.00
0.274980	127.00
0.275000	122.00
0.275020	118.00
0.275040	117.00
0.275060	119.00
0.275080	124.00
0.275100	127.00
0.275120	129.00
0.275140	128.00
0.275160	125.00
0.275180	124.00
0.275200	124.00
0.275220	127.00
0.275240	130.00
0.275260	131.00
0.275280	129.00
0.275300	125.00
0.275320	120.00
0.275340	117.00
0.275360	117.00
0.275380	121.00
0.275400	128.00
0.275420	134.00
0.275440	137.00
0.275460	136.00
0.275480	131.00
0.275500	123.00
0.275520	115.00
0.275540	110.00
0.275560	110.00
0.275580	115.00
0.275600	124.00
0.275620	134.00
0.275640	140.00
0.275660	140.00
0.275680	135.00
0.275700	127.00
0.275720	120.00
0.275740	115.00
0.275760	112.00
0.275780	113.00
0.275800	116.00
0.275820	121.00
0.275840	126.00
0.275860	129.00
0.275880	129.00
0.275900	129.00
0.275920	129.00
0.275940	129.00
0.275960	128.00
0.275980	126.00
0.276000	122.00
0.276020	119.00
0.276040	117.00
0.276060	119.00
0.276080	123.00
0.276100	128.00
0.276120	133.00
0.276140	136.00
0.276160	137.00
0.276180	134.00
0.276200	129.00
0.276220	124.00
0.276240	119.00
0.276260	117.00
0.276280	116.00
0.276300	118.00
0.276320	122.00
0.276340	127.00
0.276360	132.00
0.276380	135.00
0.276400	136.00
0.276420	135.00
0.276440	132.00
0.276460	128.00
0.276480	124.00
0.276500	121.00
0.276520	119.00
0.276540	117.00
0.276560	115.00
0.276580	115.00
0.276600	117.00
0.276620	121.00
0.276640	129.00
0.276660	135.00
0.276680	139.00
0.276700	138.00
0.276720	131.00
0.276740	122.00
0.276760	113.00
0.276780	107.00
0.276800	107.00
0.276820	111.00
0.276840	118.00
0.276860	127.00
0.276880	134.00
0.276900	139.00
0.276920	140.00
0.276940	136.00
0.276960	131.00
0.276980	124.00
0.277000	119.00
0.277020	115.00
0.277040	114.00
0.277060	117.00
0.277080	121.00
0.277100	128.00
0.277120	134.00
0.277140	138.00
0.277160	137.00
0.277180	133.00
0.277200	126.00
0.277220	121.00
0.277240	117.00
0.277260	116.00
0.277280	117.00
0.277300	120.00
0.277320	125.00
0.277340	130.00
0.277360	134.00
0.277380	134.00
0.277400	131.00
0.277420	127.00
0.277440	122.00
0.277460	119.00
0.277480	117.00
0.277500	118.00
0.277520	121.00
0.277540	124.00
0.277560	125.00
0.277580	126.00
0.277600	125.00
0.277620	126.00
0.277640	127.00
0.277660	129.00
0.277680	129.00
0.277700	129.00
0.277720	128.00
0.277740	125.00
0.277760	120.00
0.277780	114.00
0.277800	109.00
0.277820	108.00
0.277840	114.00
0.277860	125.00
0.277880	137.00
0.277900	146.00
0.277920	148.00
0.277940	142.00
0.277960	132.00
0.277980	119.00
0.278000	109.00
0.278020	104.00
0.278040	106.00
0.278060	113.00
0.278080	123.00
0.278100	133.00
0.278120	140.00
0.278140	143.00
0.278160	140.00
0.278180	134.00
0.278200	126.00
0.278220	119.00
0.278240	115.00
0.278260	115.00
0.278280	117.00
0.278300	120.00
0.278320	124.00
0.278340	128.00
0.278360	132.00
0.278380	134.00
0.278400	135.00
0.278420	135.00
0.278440	133.00
0.278460	130.00
0.278480	125.00
0.278500	119.00
0.278520	114.00
0.278540	112.00
0.278560	113.00
0.278580	117.00
0.278600	123.00
0.278620	129.00
0.278640	134.00
0.278660	137.00
0.278680	136.00
0.278700	131.00
0.278720	124.00
0.278740	117.00
0.278760	113.00
0.278780	113.00
0.278800	116.00
0.278820	121.00
0.278840	126.00
0.278860	131.00
0.278880	134.00
0.278900	135.00
0.278920	133.00
0.278940	129.00
0.278960	126.00
0.278980	123.00
0.279000	122.00
0.279020	122.00
0.279040	122.00
0.279060	123.00
0.279080	123.00
0.279100	122.00
0.279120	122.00
0.279140	124.00
0.279160	127.00
0.279180	130.00
0.279200	132.00
0.279220	133.00
0.279240	132.00
0.279260	131.00
0.279280	129.00
0.279300	126.00
0.279320	122.00
0.279340	119.00
0.279360	118.00
0.279380	118.00
0.279400	120.00
0.279420	122.00
0.279440	125.00
0.279460	129.00
0.279480	133.00
0.279500	134.00
0.279520	133.00
0.279540	130.00
0.279560	125.00
0.279580	120.00
0.279600	116.00
0.279620	114.00
0.279640	113.00
0.279660	114.00
0.279680	117.00
0.279700	122.00
0.279720	128.00
0.279740	133.00
0.279760	135.00
0.279780	135.00
0.279800	133.00
0.279820	130.00
0.279840	126.00
0.279860	120.00
0.279880	115.00
0.279900	110.00
0.279920	109.00
0.279940	113.00
0.279960	119.00
0.279980	128.00
0.280000	136.00
0.280020	142.00
0.280040	145.00
0.280060	143.00
0.280080	136.00
0.280100	126.00
0.280120	116.00
0.280140	107.00
0.280160	103.00
0.280180	105.00
0.280200	111.00
0.280220	122.00
0.280240	133.00
0.280260	142.00
0.280280	147.00
0.280300	145.00
0.280320	139.00
0.280340	129.00
0.280360	120.00
0.280380	112.00
0.280400	108.00
0.280420	108.00
0.280440	114.00
0.280460	122.00
0.280480	131.00
0.280500	137.00
0.280520	138.00
0.280540	135.00
0.280560	130.00
0.280580	124.00
0.280600	121.00
0.280620	119.00
0.280640	120.00
0.280660	122.00
0.280680	124.00
0.280700	125.00
0.280720	126.00
0.280740	126.00
0.280760	126.00
0.280780	126.00
0.280800	126.00
0.280820	127.00
0.280840	129.00
0.280860	130.00
0.280880	129.00
0.280900	126.00
0.280920	123.00
0.280940	121.00
0.280960	120.00
0.280980	120.00
0.281000	121.00
0.281020	122.00
0.281040	124.00
0.281060	126.00
0.281080	128.00
0.281100	130.00
0.281120	131.00
0.281140	131.00
0.281160	131.00
0.281180	130.00
0.281200	127.00
0.281220	122.00
0.281240	118.00
0.281260	116.00
0.281280	117.00
0.281300	120.00
0.281320	124.00
0.281340	129.00
0.281360	133.00
0.281380	135.00
0.281400	135.00
0.281420	131.00
0.281440	126.00
0.281460	120.00
0.281480	115.00
0.281500	112.00
0.281520	112.00
0.281540	114.00
0.281560	120.00
0.281580	126.00
0.281600	133.00
0.281620	137.00
0.281640	138.00
0.281660	136.00
0.281680	131.00
0.281700	125.00
0.281720	118.00
0.281740	114.00
0.281760	113.00
0.281780	114.00
0.281800	119.00
0.281820	124.00
0.281840	130.00
0.281860	135.00
0.281880	137.00
0.281900	136.00
0.281920	133.00
0.281940	129.00
0.281960	124.00
0.281980	120.00
0.282000	118.00
0.282020	118.00
0.282040	120.00
0.282060	122.00
0.282080	124.00
0.282100	125.00
0.282120	126.00
0.282140	128.00
0.282160	130.00
0.282180	131.00
0.282200	130.00
0.282220	127.00
0.282240	124.00
0.282260	121.00
0.282280	119.00
0.282300	118.00
0.282320	118.00
0.282340	120.00
0.282360	124.00
0.282380	128.00
0.282400	131.00
0.282420	131.00
0.282440	128.00
0.282460	126.00
0.282480	124.00
0.282500	124.00
0.282520	124.00
0.282540	125.00
0.282560	126.00
0.282580	126.00
0.282600	125.00
0.282620	123.00
0.282640	121.00
0.282660	120.00
0.282680	121.00
0.282700	124.00
0.282720	128.00
0.282740	131.00
0.282760	133.00
0.282780	132.00
0.282800	129.00
0.282820	124.00
0.282840	119.00
0.282860	115.00
0.282880	113.00
0.282900	114.00
0.282920	119.00
0.282940	125.00
0.282960	132.00
0.282980	136.00
0.283000	138.00
0.283020	137.00
0.283040	133.00
0.283060	126.00
0.283080	119.00
0.283100	113.00
0.283120	111.00
0.283140	114.00
0.283160	120.00
0.283180	127.00
0.283200	134.00
0.283220	138.00
0.283240	140.00
0.283260	137.00
0.283280	131.00
0.283300	124.00
0.283320	117.00
0.283340	114.00
0.283360	115.00
0.283380	118.00
0.283400	123.00
0.283420	127.00
0.283440	130.00
0.283460	132.00
0.283480	132.00
0.283500	130.00
0.283520	125.00
0.283540	120.00
0.283560	117.00
0.283580	115.00
0.283600	115.00
0.283620	118.00
0.283640	122.00
0.283660	128.00
0.283680	133.00
0.283700	135.00
0.283720	134.00
0.283740	131.00
0.283760	126.00
0.283780	122.00
0.283800	119.00
0.283820	118.00
0.283840	119.00
0.283860	123.00
0.283880	127.00
0.283900	130.00
0.283920	133.00
0.283940	134.00
0.283960	133.00
0.283980	130.00
0.284000	127.00
0.284020	122.00
0.284040	119.00
0.284060	117.00
0.284080	119.00
0.284100	122.00
0.284120	126.00
0.284140	129.00
0.284160	130.00
0.284180	130.00
0.284200	129.00
0.284220	128.00
0.284240	127.00
0.284260	125.00
0.284280	121.00
0.284300	118.00
0.284320	116.00
0.284340	117.00
0.284360	120.00
0.284380	124.00
0.284400	126.00
0.284420	129.00
0.284440	130.00
0.284460	131.00
0.284480	129.00
0.284500	126.00
0.284520	121.00
0.284540	117.00
0.284560	115.00
0.284580	115.00
0.284600	118.00
0.284620	122.00
0.284640	127.00
0.284660	131.00
0.284680	133.00
0.284700	133.00
0.284720	131.00
0.284740	128.00
0.284760	125.00
0.284780	122.00
0.284800	120.00
0.284820	120.00
0.284840	122.00
0.284860	125.00
0.284880	128.00
0.284900	129.00
0.284920	128.00
0.284940	128.00
0.284960	127.00
0.284980	126.00
0.285000	124.00
0.285020	122.00
0.285040	121.00
0.285060	120.00
0.285080	121.00
0.285100	121.00
0.285120	123.00
0.285140	126.00
0.285160	129.00
0.285180	131.00
0.285200	130.00
0.285220	127.00
0.285240	124.00
0.285260	122.00
0.285280	120.00
0.285300	120.00
0.285320	121.00
0.285340	123.00
0.285360	125.00
0.285380	127.00
0.285400	130.00
0.285420	130.00
0.285440	129.00
0.285460	126.00
0.285480	123.00
0.285500	121.00
0.285520	121.00
0.285540	121.00
0.285560	123.00
0.285580	124.00
0.285600	125.00
0.285620	126.00
0.285640	128.00
0.285660	131.00
0.285680	132.00
0.285700	132.00
0.285720	130.00
0.285740	127.00
0.285760	124.00
0.285780	120.00
0.285800	116.00
0.285820	115.00
0.285840	118.00
0.285860	123.00
0.285880	129.00
0.285900	134.00
0.285920	137.00
0.285940	138.00
0.285960	136.00
0.285980	132.00
0.286000	126.00
0.286020	118.00
0.286040	112.00
0.286060	110.00
0.286080	113.00
0.286100	118.00
0.286120	125.00
0.286140	130.00
0.286160	134.00
0.286180	136.00
0.286200	135.00
0.286220	130.00
0.286240	124.00
0.286260	118.00
0.286280	114.00
0.286300	112.00
0.286320	112.00
0.286340	115.00
0.286360	119.00
0.286380	125.00
0.286400	130.00
0.286420	133.00
0.286440	134.00
0.286460	132.00
0.286480	129.00
0.286500	127.00
0.286520	124.00
0.286540	122.00
0.286560	120.00
0.286580	120.00
0.286600	121.00
0.286620	123.00
0.286640	125.00
0.286660	127.00
0.286680	129.00
0.286700	130.00
0.286720	129.00
0.286740	127.00
0.286760	125.00
0.286780	124.00
0.286800	123.00
0.286820	123.00
0.286840	124.00
0.286860	124.00
0.286880	125.00
0.286900	126.00
0.286920	127.00
0.286940	127.00
0.286960	126.00
0.286980	126.00
0.287000	126.00
0.287020	125.00
0.287040	125.00
0.287060	125.00
0.287080	126.00
0.287100	126.00
0.287120	125.00
0.287140	124.00
0.287160	123.00
0.287180	123.00
0.287200	124.00
0.287220	126.00
0.287240	126.00
0.287260	126.00
0.287280	126.00
0.287300	125.00
0.287320	124.00
0.287340	123.00
0.287360	123.00
0.287380	123.00
0.287400	124.00
0.287420	126.00
0.287440	128.00
0.287460	129.00
0.287480	129.00
0.287500	127.00
0.287520	126.00
0.287540	124.00
0.287560	123.00
0.287580	123.00
0.287600	123.00
0.287620	124.00
0.287640	125.00
0.287660	126.00
0.287680	128.00
0.287700	129.00
0.287720	130.00
0.287740	130.00
0.287760	127.00
0.287780	125.00
0.287800	122.00
0.287820	120.00
0.287840	119.00
0.287860	120.00
0.287880	122.00
0.287900	125.00
0.287920	128.00
0.287940	131.00
0.287960	132.00
0.287980	131.00
0.288000	129.00
0.288020	126.00
0.288040	122.00
0.288060	120.00
0.288080	119.00
0.288100	121.00
0.288120	124.00
0.288140	127.00
0.288160	129.00
0.288180	130.00
0.288200	129.00
0.288220	126.00
0.288240	124.00
0.288260	123.00
0.288280	122.00
0.288300	122.00
0.288320	121.00
0.288340	120.00
0.288360	119.00
0.288380	119.00
0.288400	121.00
0.288420	124.00
0.288440	127.00
0.288460	131.00
0.288480	134.00
0.288500	134.00
0.288520	132.00
0.288540	128.00
0.288560	123.00
0.288580	118.00
0.288600	116.00
0.288620	117.00
0.288640	120.00
0.288660	123.00
0.288680	127.00
0.288700	131.00
0.288720	132.00
0.288740	132.00
0.288760	131.00
0.288780	129.00
0.288800	127.00
0.288820	125.00
0.288840	123.00
0.288860	121.00
0.288880	120.00
0.288900	121.00
0.288920	122.00
0.288940	122.00
0.288960	122.00
0.288980	121.00
0.289000	121.00
0.289020	124.00
0.289040	128.00
0.289060	130.00
0.289080	131.00
0.289100	131.00
0.289120	128.00
0.289140	125.00
0.289160	121.00
0.289180	118.00
0.289200	115.00
0.289220	115.00
0.289240	117.00
0.289260	120.00
0.289280	123.00
0.289300	126.00
0.289320	129.00
0.289340	131.00
0.289360	133.00
0.289380	133.00
0.289400	130.00
0.289420	127.00
0.289440	124.00
0.289460	120.00
0.289480	118.00
0.289500	116.00
0.289520	117.00
0.289540	121.00
0.289560	127.00
0.289580	133.00
0.289600	137.00
0.289620	138.00
0.289640	136.00
0.289660	132.00
0.289680	127.00
0.289700	121.00
0.289720	116.00
0.289740	114.00
0.289760	116.00
0.289780	120.00
0.289800	126.00
0.289820	132.00
0.289840	135.00
0.289860	135.00
0.289880	133.00
0.289900	128.00
0.289920	124.00
0.289940	121.00
0.289960	119.00
0.289980	120.00
0.290000	122.00
0.290020	123.00
0.290040	124.00
0.290060	125.00
0.290080	125.00
0.290100	124.00
0.290120	124.00
0.290140	124.00
0.290160	124.00
0.290180	124.00
0.290200	125.00
0.290220	125.00
0.290240	124.00
0.290260	123.00
0.290280	123.00
0.290300	123.00
0.290320	124.00
0.290340	124.00
0.290360	124.00
0.290380	125.00
0.290400	127.00
0.290420	129.00
0.290440	129.00
0.290460	128.00
0.290480	127.00
0.290500	126.00
0.290520	125.00
0.290540	125.00
0.290560	125.00
0.290580	126.00
0.290600	127.00
0.290620	128.00
0.290640	128.00
0.290660	128.00
0.290680	127.00
0.290700	126.00
0.290720	126.00
0.290740	126.00
0.290760	126.00
0.290780	125.00
0.290800	125.00
0.290820	126.00
0.290840	126.00
0.290860	126.00
0.290880	126.00
0.290900	125.00
0.290920	125.00
0.290940	125.00
0.290960	125.00
0.290980	126.00
0.291000	126.00
0.291020	125.00
0.291040	125.00
0.291060	124.00
0.291080	124.00
0.291100	123.00
0.291120	123.00
0.291140	123.00
0.291160	123.00
0.291180	123.00
0.291200	123.00
0.291220	122.00
0.291240	121.00
0.291260	121.00
0.291280	122.00
0.291300	125.00
0.291320	128.00
0.291340	129.00
0.291360	127.00
0.291380	124.00
0.291400	122.00
0.291420	122.00
0.291440	122.00
0.291460	122.00
0.291480	124.00
0.291500	126.00
0.291520	129.00
0.291540	131.00
0.291560	130.00
0.291580	128.00
0.291600	125.00
0.291620	123.00
0.291640	122.00
0.291660	121.00
0.291680	120.00
0.291700	121.00
0.291720	124.00
0.291740	128.00
0.291760	131.00
0.291780	131.00
0.291800	130.00
0.291820	127.00
0.291840	124.00
0.291860	122.00
0.291880	120.00
0.291900	120.00
0.291920	121.00
0.291940	122.00
0.291960	124.00
0.291980	125.00
0.292000	126.00
0.292020	126.00
0.292040	126.00
0.292060	126.00
0.292080	125.00
0.292100	124.00
0.292120	123.00
0.292140	122.00
0.292160	121.00
0.292180	120.00
0.292200	121.00
0.292220	122.00
0.292240	125.00
0.292260	127.00
0.292280	128.00
0.292300	129.00
0.292320	128.00
0.292340	128.00
0.292360	127.00
0.292380	126.00
0.292400	125.00
0.292420	124.00
0.292440	123.00
0.292460	123.00
0.292480	122.00
0.292500	122.00
0.292520	123.00
0.292540	125.00
0.292560	128.00
0.292580	131.00
0.292600	132.00
0.292620	132.00
0.292640	131.00
0.292660	129.00
0.292680	127.00
0.292700	124.00
0.292720	122.00
0.292740	121.00
0.292760	120.00
0.292780	121.00
0.292800	123.00
0.292820	126.00
0.292840	130.00
0.292860	131.00
0.292880	131.00
0.292900	129.00
0.292920	127.00
0.292940	125.00
0.292960	123.00
0.292980	122.00
0.293000	120.00
0.293020	118.00
0.293040	118.00
0.293060	119.00
0.293080	122.00
0.293100	124.00
0.293120	125.00
0.293140	126.00
0.293160	126.00
0.293180	126.00
0.293200	127.00
0.293220	126.00
0.293240	125.00
0.293260	123.00
0.293280	121.00
0.293300	120.00
0.293320	121.00
0.293340	123.00
0.293360	126.00
0.293380	129.00
0.293400	131.00
0.293420	132.00
0.293440	131.00
0.293460	129.00
0.293480	126.00
0.293500	124.00
0.293520	123.00
0.293540	123.00
0.293560	123.00
0.293580	124.00
0.293600	126.00
0.293620	128.00
0.293640	130.00
0.293660	130.00
0.293680	129.00
0.293700	126.00
0.293720	124.00
0.293740	122.00
0.293760	122.00
0.293780	123.00
0.293800	124.00
0.293820	126.00
0.293840	127.00
0.293860	127.00
0.293880	127.00
0.293900	126.00
0.293920	126.00
0.293940	125.00
0.293960	124.00
0.293980	123.00
0.294000	123.00
0.294020	123.00
0.294040	124.00
0.294060	125.00
0.294080	124.00
0.294100	123.00
0.294120	123.00
0.294140	124.00
0.294160	125.00
0.294180	125.00
0.294200	124.00
0.294220	124.00
0.294240	124.00
0.294260	124.00
0.294280	124.00
0.294300	124.00
0.294320	124.00
0.294340	125.00
0.294360	125.00
0.294380	126.00
0.294400	125.00
0.294420	125.00
0.294440	125.00
0.294460	125.00
0.294480	125.00
0.294500	126.00
0.294520	126.00
0.294540	126.00
0.294560	126.00
0.294580	125.00
0.294600	124.00
0.294620	124.00
0.294640	125.00
0.294660	126.00
0.294680	126.00
0.294700	125.00
0.294720	124.00
0.294740	124.00
0.294760	124.00
0.294780	124.00
0.294800	124.00
0.294820	123.00
0.294840	123.00
0.294860	124.00
0.294880	124.00
0.294900	124.00
0.294920	124.00
0.294940	124.00
0.294960	124.00
0.294980	125.00
0.295000	125.00
0.295020	125.00
0.295040	125.00
0.295060	124.00
0.295080	123.00
0.295100	122.00
0.295120	122.00
0.295140	123.00
0.295160	125.00
0.295180	125.00
0.295200	125.00
0.295220	125.00
0.295240	126.00
0.295260	126.00
0.295280	126.00
0.295300	125.00
0.295320	125.00
0.295340	125.00
0.295360	126.00
0.295380	126.00
0.295400	124.00
0.295420	123.00
0.295440	122.00
0.295460	124.00
0.295480	126.00
0.295500	129.00
0.295520	130.00
0.295540	130.00
0.295560	130.00
0.295580	128.00
0.295600	126.00
0.295620	124.00
0.295640	122.00
0.295660	121.00
0.295680	121.00
0.295700	122.00
0.295720	124.00
0.295740	126.00
0.295760	128.00
0.295780	130.00
0.295800	130.00
0.295820	128.00
0.295840	126.00
0.295860	124.00
0.295880	124.00
0.295900	123.00
0.295920	122.00
0.295940	122.00
0.295960	122.00
0.295980	124.00
0.296000	125.00
0.296020	126.00
0.296040	126.00
0.296060	127.00
0.296080	127.00
0.296100	127.00
0.296120	126.00
0.296140	123.00
0.296160	121.00
0.296180	120.00
0.296200	121.00
0.296220	122.00
0.296240	124.00
0.296260	126.00
0.296280	128.00
0.296300	129.00
0.296320	130.00
0.296340	130.00
0.296360	129.00
0.296380	127.00
0.296400	125.00
0.296420	124.00
0.296440	123.00
0.296460	123.00
0.296480	124.00
0.296500	124.00
0.296520	124.00
0.296540	125.00
0.296560	125.00
0.296580	126.00
0.296600	127.00
0.296620	127.00
0.296640	126.00
0.296660	125.00
0.296680	125.00
0.296700	125.00
0.296720	125.00
0.296740	124.00
0.296760	122.00
0.296780	121.00
0.296800	122.00
0.296820	123.00
0.296840	124.00
0.296860	125.00
0.296880	125.00
0.296900	126.00
0.296920	126.00
0.296940	126.00
0.296960	125.00
0.296980	124.00
0.297000	122.00
0.297020	120.00
0.297040	120.00
0.297060	120.00
0.297080	120.00
0.297100	121.00
0.297120	123.00
0.297140	125.00
0.297160	126.00
0.297180	127.00
0.297200	127.00
0.297220	126.00
0.297240	125.00
0.297260	124.00
0.297280	124.00
0.297300	124.00
0.297320	125.00
0.297340	125.00
0.297360	124.00
0.297380	124.00
0.297400	125.00
0.297420	126.00
0.297440	127.00
0.297460	128.00
0.297480	129.00
0.297500	128.00
0.297520	126.00
0.297540	124.00
0.297560	123.00
0.297580	122.00
0.297600	123.00
0.297620	123.00
0.297640	123.00
0.297660	124.00
0.297680	125.00
0.297700	127.00
0.297720	129.00
0.297740	129.00
0.297760	128.00
0.297780	126.00
0.297800	125.00
0.297820	124.00
0.297840	125.00
0.297860	125.00
0.297880	125.00
0.297900	125.00
0.297920	125.00
0.297940	124.00
0.297960	124.00
0.297980	123.00
0.298000	123.00
0.298020	123.00
0.298040	123.00
0.298060	124.00
0.298080	125.00
0.298100	126.00
0.298120	126.00
0.298140	126.00
0.298160	125.00
0.298180	125.00
0.298200	125.00
0.298220	125.00
0.298240	125.00
0.298260	125.00
0.298280	125.00
0.298300	125.00
0.298320	127.00
0.298340	129.00
0.298360	129.00
0.298380	128.00
0.298400	126.00
0.298420	124.00
0.298440	124.00
0.298460	125.00
0.298480	126.00
0.298500	126.00
0.298520	125.00
0.298540	125.00
0.298560	126.00
0.298580	126.00
0.298600	127.00
0.298620	127.00
0.298640	127.00
0.298660	127.00
0.298680	127.00
0.298700	125.00
0.298720	124.00
0.298740	124.00
0.298760	124.00
0.298780	125.00
0.298800	125.00
0.298820	125.00
0.298840	124.00
0.298860	124.00
0.298880	125.00
0.298900	125.00
0.298920	125.00
0.298940	124.00
0.298960	123.00
0.298980	123.00
0.299000	123.00
0.299020	124.00
0.299040	124.00
0.299060	125.00
0.299080	126.00
0.299100	127.00
0.299120	127.00
0.299140	126.00
0.299160	123.00
0.299180	122.00
0.299200	122.00
0.299220	125.00
0.299240	128.00
0.299260	129.00
0.299280	128.00
0.299300	126.00
0.299320	125.00
0.299340	125.00
0.299360	126.00
0.299380	126.00
0.299400	126.00
0.299420	125.00
0.299440	125.00
0.299460	126.00
0.299480	127.00
0.299500	128.00
0.299520	129.00
0.299540	128.00
0.299560	127.00
0.299580	126.00
0.299600	125.00
0.299620	124.00
0.299640	124.00
0.299660	125.00
0.299680	124.00
0.299700	123.00
0.299720	121.00
0.299740	121.00
0.299760	121.00
0.299780	122.00
0.299800	122.00
0.299820	122.00
0.299840	122.00
0.299860	123.00
0.299880	124.00
0.299900	125.00
0.299920	125.00
0.299940	123.00
0.299960	122.00
0.299980	122.00
0.300000	123.00
0.300020	124.00
0.300040	124.00
0.300060	124.00
0.300080	125.00
0.300100	126.00
0.300120	127.00
0.300140	128.00
0.300160	128.00
0.300180	128.00
0.300200	127.00
0.300220	126.00
0.300240	125.00
0.300260	125.00
0.300280	125.00
0.300300	126.00
0.300320	126.00
0.300340	127.00
0.300360	127.00
0.300380	126.00
0.300400	126.00
0.300420	126.00
0.300440	126.00
0.300460	126.00
0.300480	126.00
0.300500	125.00
0.300520	124.00
0.300540	124.00
0.300560	125.00
0.300580	125.00
0.300600	124.00
0.300620	124.00
0.300640	125.00
0.300660	126.00
0.300680	126.00
0.300700	126.00
0.300720	126.00
0.300740	127.00
0.300760	128.00
0.300780	128.00
0.300800	128.00
0.300820	125.00
0.300840	123.00
0.300860	123.00
0.300880	123.00
0.300900	124.00
0.300920	125.00
0.300940	124.00
0.300960	124.00
0.300980	123.00
0.301000	123.00
0.301020	124.00
0.301040	125.00
0.301060	126.00
0.301080	127.00
0.301100	126.00
0.301120	125.00
0.301140	124.00
0.301160	124.00
0.301180	124.00
0.301200	124.00
0.301220	124.00
0.301240	124.00
0.301260	125.00
0.301280	125.00
0.301300	126.00
0.301320	126.00
0.301340	126.00
0.301360	127.00
0.301380	128.00
0.301400	128.00
0.301420	128.00
0.301440	127.00
0.301460	125.00
0.301480	125.00
0.301500	125.00
0.301520	125.00
0.301540	125.00
0.301560	125.00
0.301580	124.00
0.301600	124.00
0.301620	125.00
0.301640	126.00
0.301660	126.00
0.301680	126.00
0.301700	126.00
0.301720	124.00
0.301740	123.00
0.301760	123.00
0.301780	123.00
0.301800	123.00
0.301820	124.00
0.301840	125.00
0.301860	125.00
0.301880	126.00
0.301900	126.00
0.301920	127.00
0.301940	127.00
0.301960	127.00
0.301980	127.00
0.302000	126.00
0.302020	124.00
0.302040	122.00
0.302060	122.00
0.302080	122.00
0.302100	123.00
0.302120	124.00
0.302140	124.00
0.302160	125.00
0.302180	125.00
0.302200	124.00
0.302220	124.00
0.302240	123.00
0.302260	123.00
0.302280	124.00
0.302300	124.00
0.302320	125.00
0.302340	126.00
0.302360	126.00
0.302380	126.00
0.302400	126.00
0.302420	126.00
0.302440	125.00
0.302460	124.00
0.302480	124.00
0.302500	125.00
0.302520	125.00
0.302540	124.00
0.302560	124.00
0.302580	123.00
0.302600	123.00
0.302620	124.00
0.302640	124.00
0.302660	125.00
0.302680	125.00
0.302700	126.00
0.302720	126.00
0.302740	126.00
0.302760	125.00
0.302780	124.00
0.302800	123.00
0.302820	123.00
0.302840	125.00
0.302860	126.00
0.302880	126.00
0.302900	125.00
0.302920	125.00
0.302940	125.00
0.302960	126.00
0.302980	127.00
0.303000	126.00
0.303020	125.00
0.303040	124.00
0.303060	124.00
0.303080	124.00
0.303100	125.00
0.303120	125.00
0.303140	126.00
0.303160	128.00
0.303180	128.00
0.303200	128.00
0.303220	127.00
0.303240	126.00
0.303260	125.00
0.303280	124.00
0.303300	124.00
0.303320	124.00
0.303340	125.00
0.303360	126.00
0.303380	127.00
0.303400	127.00
0.303420	126.00
0.303440	126.00
0.303460	127.00
0.303480	127.00
0.303500	126.00
0.303520	125.00
0.303540	123.00
0.303560	122.00
0.303580	122.00
0.303600	122.00
0.303620	123.00
0.303640	124.00
0.303660	126.00
0.303680	127.00
0.303700	127.00
0.303720	126.00
0.303740	125.00
0.303760	124.00
0.303780	124.00
0.303800	124.00
0.303820	124.00
0.303840	124.00
0.303860	123.00
0.303880	124.00
0.303900	125.00
0.303920	127.00
0.303940	128.00
0.303960	128.00
0.303980	127.00
0.304000	125.00
0.304020	124.00
0.304040	124.00
0.304060	124.00
0.304080	124.00
0.304100	124.00
0.304120	123.00
0.304140	123.00
0.304160	123.00
0.304180	124.00
0.304200	125.00
0.304220	126.00
0.304240	127.00
0.304260	128.00
0.304280	128.00
0.304300	126.00
0.304320	125.00
0.304340	124.00
0.304360	124.00
0.304380	124.00
0.304400	124.00
0.304420	124.00
0.304440	125.00
0.304460	126.00
0.304480	128.00
0.304500	128.00
0.304520	128.00
0.304540	127.00
0.304560	127.00
0.304580	126.00
0.304600	125.00
0.304620	124.00
0.304640	123.00
0.304660	123.00
0.304680	124.00
0.304700	125.00
0.304720	125.00
0.304740	124.00
0.304760	124.00
0.304780	125.00
0.304800	125.00
0.304820	125.00
0.304840	125.00
0.304860	124.00
0.304880	124.00
0.304900	124.00
0.304920	124.00
0.304940	124.00
0.304960	124.00
0.304980	125.00
0.305000	126.00
0.305020	126.00
0.305040	126.00
0.305060	125.00
0.305080	125.00
0.305100	125.00
0.305120	126.00
0.305140	126.00
0.305160	126.00
0.305180	126.00
0.305200	126.00
0.305220	126.00
0.305240	126.00
0.305260	125.00
0.305280	125.00
0.305300	125.00
0.305320	126.00
0.305340	127.00
0.305360	127.00
0.305380	128.00
0.305400	128.00
0.305420	127.00
0.305440	127.00
0.305460	126.00
0.305480	124.00
0.305500	123.00
0.305520	122.00
0.305540	123.00
0.305560	124.00
0.305580	125.00
0.305600	125.00
0.305620	125.00
0.305640	125.00
0.305660	126.00
0.305680	127.00
0.305700	127.00
0.305720	126.00
0.305740	125.00
0.305760	124.00
0.305780	124.00
0.305800	125.00
0.305820	125.00
0.305840	125.00
0.305860	124.00
0.305880	123.00
0.305900	123.00
0.305920	124.00
0.305940	125.00
0.305960	126.00
0.305980	127.00
0.306000	126.00
0.306020	125.00
0.306040	125.00
0.306060	125.00
0.306080	125.00
0.306100	126.00
0.306120	126.00
0.306140	126.00
0.306160	126.00
0.306180	126.00
0.306200	126.00
0.306220	126.00
0.306240	124.00
0.306260	124.00
0.306280	124.00
0.306300	125.00
0.306320	126.00
0.306340	126.00
0.306360	126.00
0.306380	126.00
0.306400	126.00
0.306420	125.00
0.306440	124.00
0.306460	122.00
0.306480	122.00
0.306500	123.00
0.306520	124.00
0.306540	125.00
0.306560	124.00
0.306580	124.00
0.306600	124.00
0.306620	124.00
0.306640	124.00
0.306660	124.00
0.306680	124.00
0.306700	124.00
0.306720	125.00
0.306740	125.00
0.306760	125.00
0.306780	124.00
0.306800	124.00
0.306820	124.00
0.306840	125.00
0.306860	125.00
0.306880	125.00
0.306900	125.00
0.306920	125.00
0.306940	125.00
0.306960	125.00
0.306980	124.00
0.307000	124.00
0.307020	125.00
0.307040	126.00
0.307060	126.00
0.307080	126.00
0.307100	126.00
0.307120	126.00
0.307140	127.00
0.307160	127.00
0.307180	126.00
0.307200	124.00
0.307220	124.00
0.307240	124.00
0.307260	125.00
0.307280	125.00
0.307300	125.00
0.307320	124.00
0.307340	124.00
0.307360	125.00
0.307380	125.00
0.307400	124.00
0.307420	123.00
0.307440	122.00
0.307460	123.00
0.307480	123.00
0.307500	124.00
0.307520	124.00
0.307540	124.00
0.307560	124.00
0.307580	124.00
0.307600	124.00
0.307620	125.00
0.307640	125.00
0.307660	125.00
0.307680	125.00
0.307700	125.00
0.307720	126.00
0.307740	127.00
0.307760	128.00
0.307780	127.00
0.307800	126.00
0.307820	125.00
0.307840	126.00
0.307860	126.00
0.307880	126.00
0.307900	124.00
0.307920	122.00
0.307940	122.00
0.307960	124.00
0.307980	126.00
0.308000	126.00
0.308020	125.00
0.308040	124.00
0.308060	124.00
0.308080	125.00
0.308100	127.00
0.308120	128.00
0.308140	128.00
0.308160	127.00
0.308180	127.00
0.308200	126.00
0.308220	125.00
0.308240	124.00
0.308260	123.00
0.308280	122.00
0.308300	122.00
0.308320	123.00
0.308340	124.00
0.308360	125.00
0.308380	126.00
0.308400	126.00
0.308420	125.00
0.308440	124.00
0.308460	123.00
0.308480	124.00
0.308500	125.00
0.308520	125.00
0.308540	125.00
0.308560	125.00
0.308580	125.00
0.308600	125.00
0.308620	124.00
0.308640	124.00
0.308660	124.00
0.308680	125.00
0.308700	126.00
0.308720	127.00
0.308740	127.00
0.308760	127.00
0.308780	127.00
0.308800	127.00
0.308820	126.00
0.308840	124.00
0.308860	123.00
0.308880	123.00
0.308900	125.00
0.308920	127.00
0.308940	128.00
0.308960	127.00
0.308980	126.00
0.309000	125.00
0.309020	125.00
0.309040	126.00
0.309060	127.00
0.309080	126.00
0.309100	126.00
0.309120	125.00
0.309140	125.00
0.309160	125.00
0.309180	125.00
0.309200	125.00
0.309220	125.00
0.309240	125.00
0.309260	125.00
0.309280	125.00
0.309300	125.00
0.309320	125.00
0.309340	124.00
0.309360	124.00
0.309380	125.00
0.309400	125.00
0.309420	126.00
0.309440	126.00
0.309460	126.00
0.309480	125.00
0.309500	124.00
0.309520	124.00
0.309540	124.00
0.309560	125.00
0.309580	124.00
0.309600	124.00
0.309620	124.00
0.309640	124.00
0.309660	125.00
0.309680	125.00
0.309700	125.00
0.309720	125.00
0.309740	125.00
0.309760	126.00
0.309780	127.00
0.309800	128.00
0.309820	127.00
0.309840	126.00
0.309860	125.00
0.309880	125.00
0.309900	125.00
0.309920	126.00
0.309940	126.00
0.309960	126.00
0.309980	125.00
0.310000	125.00
0.310020	125.00
0.310040	125.00
0.310060	125.00
0.310080	125.00
0.310100	124.00
0.310120	124.00
0.310140	125.00
0.310160	126.00
0.310180	127.00
0.310200	126.00
0.310220	125.00
0.310240	124.00
0.310260	124.00
0.310280	124.00
0.310300	125.00
0.310320	124.00
0.310340	124.00
0.310360	123.00
0.310380	123.00
0.310400	123.00
0.310420	124.00
0.310440	125.00
0.310460	126.00
0.310480	126.00
0.310500	126.00
0.310520	126.00
0.310540	125.00
0.310560	124.00
0.310580	124.00
0.310600	125.00
0.310620	125.00
0.310640	126.00
0.310660	126.00
0.310680	126.00
0.310700	126.00
0.310720	125.00
0.310740	125.00
0.310760	125.00
0.310780	125.00
0.310800	126.00
0.310820	126.00
0.310840	126.00
0.310860	126.00
0.310880	125.00
0.310900	124.00
0.310920	123.00
0.310940	123.00
0.310960	123.00
0.310980	124.00
0.311000	124.00
0.311020	124.00
0.311040	124.00
0.311060	124.00
0.311080	124.00
0.311100	124.00
0.311120	124.00
0.311140	124.00
0.311160	124.00
0.311180	125.00
0.311200	125.00
0.311220	125.00
0.311240	125.00
0.311260	125.00
0.311280	126.00
0.311300	128.00
0.311320	129.00
0.311340	128.00
0.311360	126.00
0.311380	125.00
0.311400	124.00
0.311420	125.00
0.311440	124.00
0.311460	123.00
0.311480	122.00
0.311500	122.00
0.311520	123.00
0.311540	125.00
0.311560	126.00
0.311580	126.00
0.311600	125.00
0.311620	125.00
0.311640	125.00
0.311660	127.00
0.311680	127.00
