0.261700	101.00
0.261720	48.00
0.261740	102.00
0.261760	141.00
0.261780	145.00
0.261800	125.00
0.261820	112.00
0.261840	117.00
0.261860	129.00
0.261880	132.00
0.261900	125.00
0.261920	118.00
0.261940	121.00
0.261960	128.00
0.261980	130.00
0.262000	124.00
0.262020	120.00
0.262040	123.00
0.262060	128.00
0.262080	129.00
0.262100	125.00
0.262120	121.00
0.262140	122.00
0.262160	126.00
0.262180	127.00
0.262200	123.00
0.262220	120.00
0.262240	122.00
0.262260	126.00
0.262280	127.00
0.262300	124.00
0.262320	121.00
0.262340	122.00
0.262360	125.00
0.262380	126.00
0.262400	125.00
0.262420	124.00
0.262440	126.00
0.262460	128.00
0.262480	128.00
0.262500	125.00
0.262520	123.00
0.262540	124.00
0.262560	127.00
0.262580	128.00
0.262600	126.00
0.262620	124.00
0.262640	124.00
0.262660	126.00
0.262680	126.00
0.262700	123.00
0.262720	121.00
0.262740	122.00
0.262760	125.00
0.262780	126.00
0.262800	125.00
0.262820	123.00
0.262840	122.00
0.262860	124.00
0.262880	124.00
0.262900	123.00
0.262920	122.00
0.262940	122.00
0.262960	124.00
0.262980	125.00
0.263000	125.00
0.263020	124.00
0.263040	125.00
0.263060	127.00
0.263080	128.00
0.263100	127.00
0.263120	125.00
0.263140	124.00
0.263160	125.00
0.263180	125.00
0.263200	124.00
0.263220	123.00
0.263240	124.00
0.263260	126.00
0.263280	127.00
0.263300	126.00
0.263320	125.00
0.263340	124.00
0.263360	125.00
0.263380	125.00
0.263400	124.00
0.263420	123.00
0.263440	124.00
0.263460	126.00
0.263480	126.00
0.263500	126.00
0.263520	125.00
0.263540	125.00
0.263560	127.00
0.263580	127.00
0.263600	126.00
0.263620	125.00
0.263640	125.00
0.263660	126.00
0.263680	126.00
0.263700	126.00
0.263720	125.00
0.263740	124.00
0.263760	124.00
0.263780	123.00
0.263800	122.00
0.263820	122.00
0.263840	123.00
0.263860	126.00
0.263880	127.00
0.263900	126.00
0.263920	124.00
0.263940	123.00
0.263960	124.00
0.263980	124.00
0.264000	124.00
0.264020	123.00
0.264040	124.00
0.264060	125.00
0.264080	125.00
0.264100	124.00
0.264120	123.00
0.264140	123.00
0.264160	125.00
0.264180	126.00
0.264200	125.00
0.264220	124.00
0.264240	124.00
0.264260	126.00
0.264280	127.00
0.264300	127.00
0.264320	126.00
0.264340	125.00
0.264360	126.00
0.264380	127.00
0.264400	127.00
0.264420	126.00
0.264440	125.00
0.264460	126.00
0.264480	127.00
0.264500	127.00
0.264520	125.00
0.264540	124.00
0.264560	124.00
0.264580	125.00
0.264600	125.00
0.264620	124.00
0.264640	124.00
0.264660	124.00
0.264680	125.00
0.264700	126.00
0.264720	125.00
0.264740	125.00
0.264760	124.00
0.264780	124.00
0.264800	124.00
0.264820	125.00
0.264840	125.00
0.264860	126.00
0.264880	126.00
0.264900	126.00
0.264920	126.00
0.264940	125.00
0.264960	125.00
0.264980	125.00
0.265000	126.00
0.265020	127.00
0.265040	128.00
0.265060	127.00
0.265080	126.00
0.265100	124.00
0.265120	124.00
0.265140	125.00
0.265160	126.00
0.265180	126.00
0.265200	125.00
0.265220	125.00
0.265240	125.00
0.265260	127.00
0.265280	128.00
0.265300	127.00
0.265320	126.00
0.265340	125.00
0.265360	125.00
0.265380	125.00
0.265400	125.00
0.265420	125.00
0.265440	126.00
0.265460	126.00
0.265480	125.00
0.265500	124.00
0.265520	124.00
0.265540	124.00
0.265560	125.00
0.265580	126.00
0.265600	125.00
0.265620	125.00
0.265640	124.00
0.265660	123.00
0.265680	123.00
0.265700	122.00
0.265720	122.00
0.265740	122.00
0.265760	123.00
0.265780	123.00
0.265800	123.00
0.265820	123.00
0.265840	124.00
0.265860	125.00
0.265880	125.00
0.265900	125.00
0.265920	126.00
0.265940	126.00
0.265960	127.00
0.265980	127.00
0.266000	126.00
0.266020	124.00
0.266040	123.00
0.266060	124.00
0.266080	125.00
0.266100	126.00
0.266120	126.00
0.266140	127.00
0.266160	126.00
0.266180	126.00
0.266200	126.00
0.266220	126.00
0.266240	127.00
0.266260	127.00
0.266280	126.00
0.266300	125.00
0.266320	125.00
0.266340	125.00
0.266360	125.00
0.266380	125.00
0.266400	125.00
0.266420	125.00
0.266440	125.00
0.266460	126.00
0.266480	125.00
0.266500	124.00
0.266520	123.00
0.266540	123.00
0.266560	124.00
0.266580	125.00
0.266600	125.00
0.266620	124.00
0.266640	124.00
0.266660	125.00
0.266680	125.00
0.266700	124.00
0.266720	123.00
0.266740	123.00
0.266760	124.00
0.266780	125.00
0.266800	125.00
0.266820	126.00
0.266840	126.00
0.266860	125.00
0.266880	125.00
0.266900	125.00
0.266920	125.00
0.266940	125.00
0.266960	125.00
0.266980	124.00
0.267000	123.00
0.267020	123.00
0.267040	126.00
0.267060	129.00
0.267080	130.00
0.267100	129.00
0.267120	128.00
0.267140	126.00
0.267160	126.00
0.267180	127.00
0.267200	127.00
0.267220	126.00
0.267240	125.00
0.267260	125.00
0.267280	125.00
0.267300	126.00
0.267320	126.00
0.267340	127.00
0.267360	128.00
0.267380	127.00
0.267400	126.00
0.267420	126.00
0.267440	125.00
0.267460	125.00
0.267480	125.00
0.267500	123.00
0.267520	123.00
0.267540	123.00
0.267560	125.00
0.267580	126.00
0.267600	126.00
0.267620	125.00
0.267640	123.00
0.267660	123.00
0.267680	124.00
0.267700	124.00
0.267720	123.00
0.267740	122.00
0.267760	123.00
0.267780	124.00
0.267800	125.00
0.267820	125.00
0.267840	126.00
0.267860	126.00
0.267880	127.00
0.267900	126.00
0.267920	125.00
0.267940	124.00
0.267960	125.00
0.267980	125.00
0.268000	126.00
0.268020	126.00
0.268040	126.00
0.268060	125.00
0.268080	126.00
0.268100	126.00
0.268120	127.00
0.268140	127.00
0.268160	127.00
0.268180	127.00
0.268200	127.00
0.268220	126.00
0.268240	126.00
0.268260	125.00
0.268280	125.00
0.268300	125.00
0.268320	125.00
0.268340	125.00
0.268360	125.00
0.268380	123.00
0.268400	122.00
0.268420	122.00
0.268440	123.00
0.268460	125.00
0.268480	126.00
0.268500	126.00
0.268520	126.00
0.268540	125.00
0.268560	125.00
0.268580	126.00
0.268600	126.00
0.268620	125.00
0.268640	125.00
0.268660	124.00
0.268680	124.00
0.268700	124.00
0.268720	124.00
0.268740	123.00
0.268760	123.00
0.268780	123.00
0.268800	124.00
0.268820	125.00
0.268840	125.00
0.268860	125.00
0.268880	125.00
0.268900	125.00
0.268920	125.00
0.268940	126.00
0.268960	126.00
0.268980	126.00
0.269000	126.00
0.269020	125.00
0.269040	125.00
0.269060	126.00
0.269080	126.00
0.269100	127.00
0.269120	126.00
0.269140	126.00
0.269160	125.00
0.269180	125.00
0.269200	125.00
0.269220	126.00
0.269240	126.00
0.269260	126.00
0.269280	126.00
0.269300	126.00
0.269320	126.00
0.269340	126.00
0.269360	126.00
0.269380	126.00
0.269400	125.00
0.269420	125.00
0.269440	124.00
0.269460	124.00
0.269480	125.00
0.269500	125.00
0.269520	125.00
0.269540	124.00
0.269560	123.00
0.269580	121.00
0.269600	121.00
0.269620	121.00
0.269640	121.00
0.269660	122.00
0.269680	123.00
0.269700	123.00
0.269720	124.00
0.269740	124.00
0.269760	123.00
0.269780	123.00
0.269800	124.00
0.269820	125.00
0.269840	125.00
0.269860	126.00
0.269880	126.00
0.269900	126.00
0.269920	127.00
0.269940	128.00
0.269960	128.00
0.269980	127.00
0.270000	126.00
0.270020	125.00
0.270040	125.00
0.270060	126.00
0.270080	126.00
0.270100	126.00
0.270120	126.00
0.270140	127.00
0.270160	126.00
0.270180	125.00
0.270200	124.00
0.270220	125.00
0.270240	125.00
0.270260	126.00
0.270280	125.00
0.270300	124.00
0.270320	124.00
0.270340	125.00
0.270360	126.00
0.270380	126.00
0.270400	125.00
0.270420	124.00
0.270440	123.00
0.270460	124.00
0.270480	124.00
0.270500	124.00
0.270520	124.00
0.270540	125.00
0.270560	126.00
0.270580	127.00
0.270600	127.00
0.270620	126.00
0.270640	126.00
0.270660	126.00
0.270680	125.00
0.270700	123.00
0.270720	119.00
0.270740	116.00
0.270760	115.00
0.270780	118.00
0.270800	124.00
0.270820	133.00
0.270840	141.00
0.270860	145.00
0.270880	143.00
0.270900	134.00
0.270920	121.00
0.270940	109.00
0.270960	101.00
0.270980	102.00
0.271000	111.00
0.271020	127.00
0.271040	145.00
0.271060	158.00
0.271080	163.00
0.271100	159.00
0.271120	146.00
0.271140	129.00
0.271160	111.00
0.271180	95.00
0.271200	85.00
0.271220	82.00
0.271240	87.00
0.271260	98.00
0.271280	113.00
0.271300	130.00
0.271320	148.00
0.271340	163.00
0.271360	169.00
0.271380	164.00
0.271400	147.00
0.271420	122.00
0.271440	96.00
0.271460	74.00
0.271480	62.00
0.271500	65.00
0.271520	87.00
0.271540	125.00
0.271560	169.00
0.271580	205.00
0.271600	222.00
0.271620	214.00
0.271640	181.00
0.271660	132.00
0.271680	77.00
0.271700	30.00
0.271720	1.00
0.271740	0.00
0.271760	28.00
0.271780	77.00
0.271800	136.00
0.271820	189.00
0.271840	227.00
0.271860	243.00
0.271880	236.00
0.271900	206.00
0.271920	160.00
0.271940	105.00
0.271960	53.00
0.271980	15.00
0.272000	0.00
0.272020	9.00
0.272040	40.00
0.272060	84.00
0.272080	131.00
0.272100	173.00
0.272120	204.00
0.272140	220.00
0.272160	218.00
0.272180	200.00
0.272200	168.00
0.272220	129.00
0.272240	91.00
0.272260	60.00
0.272280	42.00
0.272300	38.00
0.272320	51.00
0.272340	78.00
0.272360	113.00
0.272380	148.00
0.272400	177.00
0.272420	194.00
0.272440	199.00
0.272460	191.00
0.272480	170.00
0.272500	141.00
0.272520	109.00
0.272540	81.00
0.272560	63.00
0.272580	59.00
0.272600	68.00
0.272620	87.00
0.272640	112.00
0.272660	139.00
0.272680	162.00
0.272700	177.00
0.272720	180.00
0.272740	171.00
0.272760	152.00
0.272780	129.00
0.272800	108.00
0.272820	93.00
0.272840	87.00
0.272860	88.00
0.272880	97.00
0.272900	111.00
0.272920	125.00
0.272940	138.00
0.272960	146.00
0.272980	149.00
0.273000	148.00
0.273020	143.00
0.273040	135.00
0.273060	127.00
0.273080	119.00
0.273100	113.00
0.273120	109.00
0.273140	109.00
0.273160	112.00
0.273180	117.00
0.273200	123.00
0.273220	128.00
0.273240	133.00
0.273260	136.00
0.273280	136.00
0.273300	134.00
0.273320	129.00
0.273340	123.00
0.273360	118.00
0.273380	116.00
0.273400	117.00
0.273420	121.00
0.273440	126.00
0.273460	129.00
0.273480	131.00
0.273500	129.00
0.273520	126.00
0.273540	122.00
0.273560	118.00
0.273580	117.00
0.273600	119.00
0.273620	124.00
0.273640	130.00
0.273660	135.00
0.273680	137.00
0.273700	135.00
0.273720	130.00
0.273740	123.00
0.273760	118.00
0.273780	114.00
0.273800	115.00
0.273820	119.00
0.273840	126.00
0.273860	132.00
0.273880	135.00
0.273900	133.00
0.273920	127.00
0.273940	120.00
0.273960	115.00
0.273980	114.00
0.274000	118.00
0.274020	125.00
0.274040	133.00
0.274060	140.00
0.274080	141.00
0.274100	137.00
0.274120	128.00
0.274140	118.00
0.274160	110.00
0.274180	107.00
0.274200	111.00
0.274220	119.00
0.274240	129.00
0.274260	137.00
0.274280	142.00
0.274300	142.00
0.274320	138.00
0.274340	131.00
0.274360	121.00
0.274380	113.00
0.274400	109.00
0.274420	110.00
0.274440	116.00
0.274460	124.00
0.274480	130.00
0.274500	133.00
0.274520	131.00
0.274540	126.00
0.274560	121.00
0.274580	117.00
0.274600	118.00
0.274620	123.00
0.274640	129.00
0.274660	134.00
0.274680	135.00
0.274700	132.00
0.274720	126.00
0.274740	121.00
0.274760	116.00
0.274780	114.00
0.274800	114.00
0.274820	119.00
0.274840	127.00
0.274860	134.00
0.274880	139.00
0.274900	138.00
0.274920	132.00
0.274940	125.00
0.274960	119.00
0.274980	116.00
0.275000	116.00
0.275020	119.00
0.275040	125.00
0.275060	131.00
0.275080	134.00
0.275100	133.00
0.275120	130.00
0.275140	126.00
0.275160	123.00
0.275180	123.00
0.275200	124.00
0.275220	126.00
0.275240	127.00
0.275260	127.00
0.275280	126.00
0.275300	123.00
0.275320	122.00
0.275340	122.00
0.275360	124.00
0.275380	127.00
0.275400	128.00
0.275420	127.00
0.275440	125.00
0.275460	122.00
0.275480	118.00
0.275500	115.00
0.275520	114.00
0.275540	117.00
0.275560	123.00
0.275580	130.00
0.275600	134.00
0.275620	135.00
0.275640	132.00
0.275660	127.00
0.275680	123.00
0.275700	119.00
0.275720	117.00
0.275740	117.00
0.275760	121.00
0.275780	127.00
0.275800	131.00
0.275820	133.00
0.275840	131.00
0.275860	127.00
0.275880	124.00
0.275900	123.00
0.275920	124.00
0.275940	126.00
0.275960	127.00
0.275980	126.00
0.276000	124.00
0.276020	122.00
0.276040	122.00
0.276060	124.00
0.276080	126.00
0.276100	129.00
0.276120	131.00
0.276140	132.00
0.276160	131.00
0.276180	129.00
0.276200	126.00
0.276220	122.00
0.276240	118.00
0.276260	115.00
0.276280	115.00
0.276300	118.00
0.276320	124.00
0.276340	129.00
0.276360	133.00
0.276380	134.00
0.276400	133.00
0.276420	130.00
0.276440	125.00
0.276460	121.00
0.276480	118.00
0.276500	116.00
0.276520	116.00
0.276540	118.00
0.276560	121.00
0.276580	125.00
0.276600	130.00
0.276620	135.00
0.276640	139.00
0.276660	140.00
0.276680	136.00
0.276700	129.00
0.276720	121.00
0.276740	115.00
0.276760	112.00
0.276780	112.00
0.276800	116.00
0.276820	123.00
0.276840	130.00
0.276860	136.00
0.276880	138.00
0.276900	137.00
0.276920	133.00
0.276940	129.00
0.276960	125.00
0.276980	121.00
0.277000	117.00
0.277020	115.00
0.277040	116.00
0.277060	119.00
0.277080	123.00
0.277100	127.00
0.277120	131.00
0.277140	133.00
0.277160	133.00
0.277180	130.00
0.277200	124.00
0.277220	119.00
0.277240	115.00
0.277260	115.00
0.277280	119.00
0.277300	123.00
0.277320	128.00
0.277340	131.00
0.277360	131.00
0.277380	130.00
0.277400	127.00
0.277420	123.00
0.277440	120.00
0.277460	119.00
0.277480	120.00
0.277500	122.00
0.277520	124.00
0.277540	126.00
0.277560	127.00
0.277580	128.00
0.277600	129.00
0.277620	130.00
0.277640	132.00
0.277660	132.00
0.277680	130.00
0.277700	126.00
0.277720	122.00
0.277740	117.00
0.277760	114.00
0.277780	114.00
0.277800	118.00
0.277820	124.00
0.277840	132.00
0.277860	138.00
0.277880	140.00
0.277900	137.00
0.277920	131.00
0.277940	123.00
0.277960	115.00
0.277980	110.00
0.278000	109.00
0.278020	113.00
0.278040	122.00
0.278060	131.00
0.278080	137.00
0.278100	139.00
0.278120	137.00
0.278140	132.00
0.278160	126.00
0.278180	119.00
0.278200	114.00
0.278220	111.00
0.278240	114.00
0.278260	119.00
0.278280	125.00
0.278300	129.00
0.278320	131.00
0.278340	132.00
0.278360	132.00
0.278380	129.00
0.278400	125.00
0.278420	121.00
0.278440	118.00
0.278460	116.00
0.278480	117.00
0.278500	118.00
0.278520	120.00
0.278540	123.00
0.278560	127.00
0.278580	132.00
0.278600	135.00
0.278620	136.00
0.278640	135.00
0.278660	132.00
0.278680	127.00
0.278700	121.00
0.278720	117.00
0.278740	115.00
0.278760	117.00
0.278780	122.00
0.278800	128.00
0.278820	133.00
0.278840	136.00
0.278860	137.00
0.278880	134.00
0.278900	129.00
0.278920	124.00
0.278940	119.00
0.278960	117.00
0.278980	117.00
0.279000	119.00
0.279020	122.00
0.279040	126.00
0.279060	128.00
0.279080	129.00
0.279100	128.00
0.279120	126.00
0.279140	125.00
0.279160	124.00
0.279180	124.00
0.279200	124.00
0.279220	123.00
0.279240	123.00
0.279260	124.00
0.279280	126.00
0.279300	126.00
0.279320	125.00
0.279340	121.00
0.279360	117.00
0.279380	116.00
0.279400	118.00
0.279420	123.00
0.279440	129.00
0.279460	135.00
0.279480	138.00
0.279500	137.00
0.279520	133.00
0.279540	127.00
0.279560	121.00
0.279580	115.00
0.279600	112.00
0.279620	113.00
0.279640	117.00
0.279660	122.00
0.279680	129.00
0.279700	134.00
0.279720	137.00
0.279740	138.00
0.279760	136.00
0.279780	132.00
0.279800	127.00
0.279820	123.00
0.279840	120.00
0.279860	118.00
0.279880	117.00
0.279900	118.00
0.279920	121.00
0.279940	125.00
0.279960	130.00
0.279980	134.00
0.280000	137.00
0.280020	137.00
0.280040	134.00
0.280060	130.00
0.280080	124.00
0.280100	117.00
0.280120	110.00
0.280140	106.00
0.280160	107.00
0.280180	113.00
0.280200	122.00
0.280220	131.00
0.280240	139.00
0.280260	142.00
0.280280	140.00
0.280300	135.00
0.280320	126.00
0.280340	118.00
0.280360	112.00
0.280380	110.00
0.280400	113.00
0.280420	119.00
0.280440	126.00
0.280460	132.00
0.280480	135.00
0.280500	136.00
0.280520	133.00
0.280540	129.00
0.280560	125.00
0.280580	123.00
0.280600	123.00
0.280620	124.00
0.280640	127.00
0.280660	129.00
0.280680	129.00
0.280700	127.00
0.280720	124.00
0.280740	121.00
0.280760	121.00
0.280780	122.00
0.280800	126.00
0.280820	129.00
0.280840	132.00
0.280860	132.00
0.280880	130.00
0.280900	126.00
0.280920	123.00
0.280940	120.00
0.280960	119.00
0.280980	119.00
0.281000	120.00
0.281020	121.00
0.281040	123.00
0.281060	126.00
0.281080	128.00
0.281100	131.00
0.281120	132.00
0.281140	132.00
0.281160	130.00
0.281180	125.00
0.281200	120.00
0.281220	115.00
0.281240	113.00
0.281260	114.00
0.281280	116.00
0.281300	121.00
0.281320	127.00
0.281340	133.00
0.281360	138.00
0.281380	138.00
0.281400	134.00
0.281420	128.00
0.281440	120.00
0.281460	114.00
0.281480	111.00
0.281500	112.00
0.281520	117.00
0.281540	125.00
0.281560	133.00
0.281580	137.00
0.281600	136.00
0.281620	132.00
0.281640	127.00
0.281660	123.00
0.281680	121.00
0.281700	120.00
0.281720	120.00
0.281740	120.00
0.281760	121.00
0.281780	123.00
0.281800	125.00
0.281820	127.00
0.281840	130.00
0.281860	132.00
0.281880	132.00
0.281900	131.00
0.281920	128.00
0.281940	125.00
0.281960	123.00
0.281980	121.00
0.282000	120.00
0.282020	120.00
0.282040	121.00
0.282060	124.00
0.282080	127.00
0.282100	130.00
0.282120	131.00
0.282140	131.00
0.282160	129.00
0.282180	126.00
0.282200	122.00
0.282220	119.00
0.282240	117.00
0.282260	118.00
0.282280	120.00
0.282300	124.00
0.282320	128.00
0.282340	130.00
0.282360	130.00
0.282380	129.00
0.282400	128.00
0.282420	126.00
0.282440	124.00
0.282460	123.00
0.282480	123.00
0.282500	123.00
0.282520	124.00
0.282540	126.00
0.282560	128.00
0.282580	129.00
0.282600	128.00
0.282620	126.00
0.282640	123.00
0.282660	122.00
0.282680	122.00
0.282700	124.00
0.282720	127.00
0.282740	129.00
0.282760	131.00
0.282780	132.00
0.282800	131.00
0.282820	128.00
0.282840	124.00
0.282860	120.00
0.282880	118.00
0.282900	119.00
0.282920	121.00
0.282940	126.00
0.282960	130.00
0.282980	133.00
0.283000	133.00
0.283020	130.00
0.283040	125.00
0.283060	120.00
0.283080	117.00
0.283100	116.00
0.283120	117.00
0.283140	120.00
0.283160	125.00
0.283180	130.00
0.283200	133.00
0.283220	133.00
0.283240	130.00
0.283260	126.00
0.283280	122.00
0.283300	119.00
0.283320	119.00
0.283340	120.00
0.283360	123.00
0.283380	125.00
0.283400	128.00
0.283420	129.00
0.283440	129.00
0.283460	128.00
0.283480	127.00
0.283500	126.00
0.283520	125.00
0.283540	123.00
0.283560	122.00
0.283580	121.00
0.283600	121.00
0.283620	123.00
0.283640	126.00
0.283660	129.00
0.283680	130.00
0.283700	131.00
0.283720	129.00
0.283740	125.00
0.283760	120.00
0.283780	117.00
0.283800	116.00
0.283820	118.00
0.283840	121.00
0.283860	125.00
0.283880	129.00
0.283900	132.00
0.283920	134.00
0.283940	134.00
0.283960	131.00
0.283980	127.00
0.284000	122.00
0.284020	118.00
0.284040	116.00
0.284060	116.00
0.284080	117.00
0.284100	120.00
0.284120	125.00
0.284140	129.00
0.284160	133.00
0.284180	135.00
0.284200	135.00
0.284220	133.00
0.284240	128.00
0.284260	121.00
0.284280	115.00
0.284300	111.00
0.284320	112.00
0.284340	117.00
0.284360	124.00
0.284380	131.00
0.284400	136.00
0.284420	138.00
0.284440	136.00
0.284460	132.00
0.284480	127.00
0.284500	122.00
0.284520	118.00
0.284540	116.00
0.284560	115.00
0.284580	117.00
0.284600	120.00
0.284620	124.00
0.284640	128.00
0.284660	130.00
0.284680	130.00
0.284700	130.00
0.284720	129.00
0.284740	127.00
0.284760	125.00
0.284780	123.00
0.284800	121.00
0.284820	121.00
0.284840	123.00
0.284860	125.00
0.284880	128.00
0.284900	129.00
0.284920	130.00
0.284940	129.00
0.284960	127.00
0.284980	124.00
0.285000	122.00
0.285020	121.00
0.285040	121.00
0.285060	121.00
0.285080	122.00
0.285100	123.00
0.285120	124.00
0.285140	125.00
0.285160	125.00
0.285180	125.00
0.285200	125.00
0.285220	125.00
0.285240	125.00
0.285260	125.00
0.285280	125.00
0.285300	125.00
0.285320	124.00
0.285340	125.00
0.285360	125.00
0.285380	127.00
0.285400	128.00
0.285420	129.00
0.285440	129.00
0.285460	128.00
0.285480	126.00
0.285500	124.00
0.285520	122.00
0.285540	122.00
0.285560	123.00
0.285580	125.00
0.285600	126.00
0.285620	127.00
0.285640	129.00
0.285660	131.00
0.285680	131.00
0.285700	130.00
0.285720	126.00
0.285740	122.00
0.285760	118.00
0.285780	116.00
0.285800	116.00
0.285820	116.00
0.285840	119.00
0.285860	124.00
0.285880	130.00
0.285900	135.00
0.285920	137.00
0.285940	136.00
0.285960	131.00
0.285980	125.00
0.286000	119.00
0.286020	115.00
0.286040	113.00
0.286060	114.00
0.286080	118.00
0.286100	124.00
0.286120	129.00
0.286140	135.00
0.286160	137.00
0.286180	137.00
0.286200	133.00
0.286220	127.00
0.286240	121.00
0.286260	117.00
0.286280	115.00
0.286300	116.00
0.286320	119.00
0.286340	123.00
0.286360	127.00
0.286380	132.00
0.286400	135.00
0.286420	136.00
0.286440	133.00
0.286460	129.00
0.286480	125.00
0.286500	122.00
0.286520	120.00
0.286540	121.00
0.286560	122.00
0.286580	125.00
0.286600	127.00
0.286620	129.00
0.286640	130.00
0.286660	130.00
0.286680	129.00
0.286700	127.00
0.286720	126.00
0.286740	124.00
0.286760	123.00
0.286780	123.00
0.286800	123.00
0.286820	123.00
0.286840	124.00
0.286860	124.00
0.286880	124.00
0.286900	124.00
0.286920	124.00
0.286940	124.00
0.286960	124.00
0.286980	125.00
0.287000	125.00
0.287020	126.00
0.287040	126.00
0.287060	125.00
0.287080	125.00
0.287100	124.00
0.287120	122.00
0.287140	121.00
0.287160	120.00
0.287180	120.00
0.287200	121.00
0.287220	124.00
0.287240	127.00
0.287260	130.00
0.287280	130.00
0.287300	129.00
0.287320	126.00
0.287340	124.00
0.287360	123.00
0.287380	123.00
0.287400	123.00
0.287420	125.00
0.287440	127.00
0.287460	128.00
0.287480	129.00
0.287500	128.00
0.287520	128.00
0.287540	127.00
0.287560	125.00
0.287580	123.00
0.287600	122.00
0.287620	123.00
0.287640	124.00
0.287660	126.00
0.287680	127.00
0.287700	128.00
0.287720	128.00
0.287740	127.00
0.287760	127.00
0.287780	126.00
0.287800	124.00
0.287820	121.00
0.287840	120.00
0.287860	120.00
0.287880	121.00
0.287900	123.00
0.287920	125.00
0.287940	127.00
0.287960	127.00
0.287980	126.00
0.288000	124.00
0.288020	122.00
0.288040	120.00
0.288060	119.00
0.288080	121.00
0.288100	123.00
0.288120	126.00
0.288140	129.00
0.288160	131.00
0.288180	131.00
0.288200	130.00
0.288220	128.00
0.288240	126.00
0.288260	125.00
0.288280	124.00
0.288300	124.00
0.288320	123.00
0.288340	123.00
0.288360	123.00
0.288380	123.00
0.288400	125.00
0.288420	126.00
0.288440	128.00
0.288460	130.00
0.288480	130.00
0.288500	128.00
0.288520	126.00
0.288540	124.00
0.288560	121.00
0.288580	120.00
0.288600	119.00
0.288620	121.00
0.288640	124.00
0.288660	128.00
0.288680	130.00
0.288700	130.00
0.288720	129.00
0.288740	127.00
0.288760	125.00
0.288780	124.00
0.288800	124.00
0.288820	124.00
0.288840	124.00
0.288860	124.00
0.288880	124.00
0.288900	123.00
0.288920	122.00
0.288940	121.00
0.288960	121.00
0.288980	124.00
0.289000	127.00
0.289020	129.00
0.289040	131.00
0.289060	132.00
0.289080	131.00
0.289100	130.00
0.289120	127.00
0.289140	123.00
0.289160	121.00
0.289180	120.00
0.289200	121.00
0.289220	123.00
0.289240	124.00
0.289260	126.00
0.289280	127.00
0.289300	128.00
0.289320	130.00
0.289340	131.00
0.289360	131.00
0.289380	131.00
0.289400	129.00
0.289420	127.00
0.289440	125.00
0.289460	122.00
0.289480	120.00
0.289500	119.00
0.289520	121.00
0.289540	124.00
0.289560	129.00
0.289580	131.00
0.289600	132.00
0.289620	130.00
0.289640	126.00
0.289660	122.00
0.289680	119.00
0.289700	117.00
0.289720	118.00
0.289740	120.00
0.289760	122.00
0.289780	125.00
0.289800	127.00
0.289820	128.00
0.289840	127.00
0.289860	125.00
0.289880	122.00
0.289900	120.00
0.289920	120.00
0.289940	122.00
0.289960	125.00
0.289980	127.00
0.290000	127.00
0.290020	126.00
0.290040	125.00
0.290060	124.00
0.290080	123.00
0.290100	123.00
0.290120	123.00
0.290140	123.00
0.290160	125.00
0.290180	127.00
0.290200	127.00
0.290220	127.00
0.290240	125.00
0.290260	124.00
0.290280	124.00
0.290300	124.00
0.290320	124.00
0.290340	124.00
0.290360	125.00
0.290380	126.00
0.290400	127.00
0.290420	127.00
0.290440	127.00
0.290460	127.00
0.290480	127.00
0.290500	128.00
0.290520	127.00
0.290540	126.00
0.290560	124.00
0.290580	123.00
0.290600	122.00
0.290620	123.00
0.290640	123.00
0.290660	125.00
0.290680	127.00
0.290700	128.00
0.290720	128.00
0.290740	127.00
0.290760	124.00
0.290780	123.00
0.290800	122.00
0.290820	122.00
0.290840	122.00
0.290860	122.00
0.290880	123.00
0.290900	124.00
0.290920	126.00
0.290940	127.00
0.290960	127.00
0.290980	126.00
0.291000	124.00
0.291020	123.00
0.291040	123.00
0.291060	123.00
0.291080	123.00
0.291100	124.00
0.291120	125.00
0.291140	127.00
0.291160	128.00
0.291180	128.00
0.291200	127.00
0.291220	126.00
0.291240	127.00
0.291260	127.00
0.291280	128.00
0.291300	128.00
0.291320	127.00
0.291340	126.00
0.291360	125.00
0.291380	124.00
0.291400	123.00
0.291420	122.00
0.291440	122.00
0.291460	123.00
0.291480	126.00
0.291500	129.00
0.291520	131.00
0.291540	132.00
0.291560	130.00
0.291580	127.00
0.291600	123.00
0.291620	120.00
0.291640	117.00
0.291660	117.00
0.291680	118.00
0.291700	121.00
0.291720	126.00
0.291740	129.00
0.291760	131.00
0.291780	131.00
0.291800	129.00
0.291820	127.00
0.291840	124.00
0.291860	121.00
0.291880	120.00
0.291900	120.00
0.291920	121.00
0.291940	123.00
0.291960	125.00
0.291980	126.00
0.292000	128.00
0.292020	129.00
0.292040	129.00
0.292060	128.00
0.292080	127.00
0.292100	124.00
0.292120	123.00
0.292140	122.00
0.292160	121.00
0.292180	122.00
0.292200	124.00
0.292220	127.00
0.292240	129.00
0.292260	131.00
0.292280	131.00
0.292300	131.00
0.292320	131.00
0.292340	129.00
0.292360	127.00
0.292380	124.00
0.292400	122.00
0.292420	121.00
0.292440	121.00
0.292460	122.00
0.292480	123.00
0.292500	124.00
0.292520	126.00
0.292540	128.00
0.292560	129.00
0.292580	128.00
0.292600	126.00
0.292620	124.00
0.292640	122.00
0.292660	120.00
0.292680	118.00
0.292700	116.00
0.292720	117.00
0.292740	120.00
0.292760	123.00
0.292780	125.00
0.292800	126.00
0.292820	126.00
0.292840	127.00
0.292860	127.00
0.292880	127.00
0.292900	126.00
0.292920	124.00
0.292940	123.00
0.292960	123.00
0.292980	124.00
0.293000	124.00
0.293020	124.00
0.293040	125.00
0.293060	126.00
0.293080	127.00
0.293100	128.00
0.293120	128.00
0.293140	128.00
0.293160	127.00
0.293180	127.00
0.293200	126.00
0.293220	125.00
0.293240	124.00
0.293260	123.00
0.293280	123.00
0.293300	123.00
0.293320	125.00
0.293340	127.00
0.293360	130.00
0.293380	130.00
0.293400	130.00
0.293420	127.00
0.293440	125.00
0.293460	123.00
0.293480	121.00
0.293500	121.00
0.293520	121.00
0.293540	122.00
0.293560	125.00
0.293580	126.00
0.293600	127.00
0.293620	126.00
0.293640	125.00
0.293660	123.00
0.293680	122.00
0.293700	121.00
0.293720	121.00
0.293740	122.00
0.293760	123.00
0.293780	125.00
0.293800	126.00
0.293820	126.00
0.293840	127.00
0.293860	128.00
0.293880	128.00
0.293900	128.00
0.293920	127.00
0.293940	126.00
0.293960	125.00
0.293980	124.00
0.294000	124.00
0.294020	124.00
0.294040	125.00
0.294060	126.00
0.294080	127.00
0.294100	127.00
0.294120	127.00
0.294140	128.00
0.294160	129.00
0.294180	129.00
0.294200	128.00
0.294220	125.00
0.294240	124.00
0.294260	124.00
0.294280	126.00
0.294300	127.00
0.294320	127.00
0.294340	126.00
0.294360	125.00
0.294380	126.00
0.294400	127.00
0.294420	127.00
0.294440	127.00
0.294460	126.00
0.294480	125.00
0.294500	123.00
0.294520	122.00
0.294540	121.00
0.294560	121.00
0.294580	122.00
0.294600	124.00
0.294620	125.00
0.294640	126.00
0.294660	126.00
0.294680	125.00
0.294700	124.00
0.294720	123.00
0.294740	122.00
0.294760	122.00
0.294780	121.00
0.294800	121.00
0.294820	122.00
0.294840	123.00
0.294860	125.00
0.294880	125.00
0.294900	125.00
0.294920	124.00
0.294940	124.00
0.294960	124.00
0.294980	125.00
0.295000	125.00
0.295020	124.00
0.295040	123.00
0.295060	124.00
0.295080	126.00
0.295100	128.00
0.295120	128.00
0.295140	127.00
0.295160	126.00
0.295180	126.00
0.295200	127.00
0.295220	129.00
0.295240	130.00
0.295260	130.00
0.295280	129.00
0.295300	128.00
0.295320	126.00
0.295340	125.00
0.295360	124.00
0.295380	123.00
0.295400	122.00
0.295420	121.00
0.295440	123.00
0.295460	125.00
0.295480	128.00
0.295500	129.00
0.295520	129.00
0.295540	128.00
0.295560	125.00
0.295580	123.00
0.295600	122.00
0.295620	121.00
0.295640	121.00
0.295660	122.00
0.295680	123.00
0.295700	124.00
0.295720	125.00
0.295740	126.00
0.295760	128.00
0.295780	130.00
0.295800	130.00
0.295820	129.00
0.295840	128.00
0.295860	126.00
0.295880	124.00
0.295900	123.00
0.295920	122.00
0.295940	122.00
0.295960	122.00
0.295980	124.00
0.296000	126.00
0.296020	128.00
0.296040	130.00
0.296060	129.00
0.296080	128.00
0.296100	126.00
0.296120	125.00
0.296140	124.00
0.296160	123.00
0.296180	123.00
0.296200	124.00
0.296220	125.00
0.296240	126.00
0.296260	127.00
0.296280	127.00
0.296300	127.00
0.296320	127.00
0.296340	126.00
0.296360	126.00
0.296380	125.00
0.296400	124.00
0.296420	124.00
0.296440	124.00
0.296460	123.00
0.296480	123.00
0.296500	124.00
0.296520	124.00
0.296540	125.00
0.296560	125.00
0.296580	125.00
0.296600	126.00
0.296620	126.00
0.296640	127.00
0.296660	126.00
0.296680	124.00
0.296700	123.00
0.296720	122.00
0.296740	121.00
0.296760	122.00
0.296780	122.00
0.296800	123.00
0.296820	125.00
0.296840	127.00
0.296860	128.00
0.296880	129.00
0.296900	129.00
0.296920	128.00
0.296940	127.00
0.296960	125.00
0.296980	124.00
0.297000	124.00
0.297020	124.00
0.297040	124.00
0.297060	125.00
0.297080	125.00
0.297100	125.00
0.297120	126.00
0.297140	128.00
0.297160	129.00
0.297180	129.00
0.297200	128.00
0.297220	127.00
0.297240	126.00
0.297260	125.00
0.297280	125.00
0.297300	124.00
0.297320	124.00
0.297340	124.00
0.297360	125.00
0.297380	125.00
0.297400	126.00
0.297420	126.00
0.297440	127.00
0.297460	129.00
0.297480	129.00
0.297500	127.00
0.297520	124.00
0.297540	121.00
0.297560	120.00
0.297580	120.00
0.297600	121.00
0.297620	122.00
0.297640	123.00
0.297660	124.00
0.297680	124.00
0.297700	125.00
0.297720	126.00
0.297740	126.00
0.297760	126.00
0.297780	125.00
0.297800	125.00
0.297820	124.00
0.297840	124.00
0.297860	124.00
0.297880	124.00
0.297900	124.00
0.297920	125.00
0.297940	125.00
0.297960	126.00
0.297980	126.00
0.298000	126.00
0.298020	126.00
0.298040	126.00
0.298060	126.00
0.298080	127.00
0.298100	128.00
0.298120	128.00
0.298140	127.00
0.298160	126.00
0.298180	125.00
0.298200	123.00
0.298220	122.00
0.298240	122.00
0.298260	123.00
0.298280	123.00
0.298300	123.00
0.298320	123.00
0.298340	124.00
0.298360	126.00
0.298380	126.00
0.298400	126.00
0.298420	125.00
0.298440	123.00
0.298460	123.00
0.298480	122.00
0.298500	122.00
0.298520	122.00
0.298540	122.00
0.298560	122.00
0.298580	123.00
0.298600	124.00
0.298620	124.00
0.298640	125.00
0.298660	125.00
0.298680	126.00
0.298700	127.00
0.298720	128.00
0.298740	127.00
0.298760	126.00
0.298780	125.00
0.298800	124.00
0.298820	123.00
0.298840	124.00
0.298860	124.00
0.298880	125.00
0.298900	125.00
0.298920	124.00
0.298940	124.00
0.298960	125.00
0.298980	125.00
0.299000	126.00
0.299020	126.00
0.299040	126.00
0.299060	127.00
0.299080	127.00
0.299100	126.00
0.299120	126.00
0.299140	125.00
0.299160	125.00
0.299180	125.00
0.299200	124.00
0.299220	124.00
0.299240	125.00
0.299260	126.00
0.299280	127.00
0.299300	127.00
0.299320	126.00
0.299340	125.00
0.299360	125.00
0.299380	125.00
0.299400	125.00
0.299420	125.00
0.299440	125.00
0.299460	125.00
0.299480	126.00
0.299500	126.00
0.299520	125.00
0.299540	124.00
0.299560	123.00
0.299580	123.00
0.299600	123.00
0.299620	123.00
0.299640	124.00
0.299660	126.00
0.299680	127.00
0.299700	128.00
0.299720	128.00
0.299740	128.00
0.299760	127.00
0.299780	127.00
0.299800	125.00
0.299820	124.00
0.299840	123.00
0.299860	123.00
0.299880	124.00
0.299900	125.00
0.299920	126.00
0.299940	125.00
0.299960	125.00
0.299980	125.00
0.300000	125.00
0.300020	126.00
0.300040	126.00
0.300060	126.00
0.300080	126.00
0.300100	126.00
0.300120	126.00
0.300140	126.00
0.300160	124.00
0.300180	123.00
0.300200	122.00
0.300220	122.00
0.300240	122.00
0.300260	124.00
0.300280	125.00
0.300300	126.00
0.300320	126.00
0.300340	125.00
0.300360	125.00
0.300380	126.00
0.300400	125.00
0.300420	125.00
0.300440	124.00
0.300460	123.00
0.300480	123.00
0.300500	123.00
0.300520	122.00
0.300540	122.00
0.300560	123.00
0.300580	124.00
0.300600	125.00
0.300620	126.00
0.300640	126.00
0.300660	126.00
0.300680	126.00
0.300700	126.00
0.300720	126.00
0.300740	125.00
0.300760	123.00
0.300780	123.00
0.300800	123.00
0.300820	123.00
0.300840	124.00
0.300860	124.00
0.300880	125.00
0.300900	125.00
0.300920	126.00
0.300940	126.00
0.300960	125.00
0.300980	124.00
0.301000	124.00
0.301020	124.00
0.301040	125.00
0.301060	125.00
0.301080	126.00
0.301100	126.00
0.301120	126.00
0.301140	125.00
0.301160	125.00
0.301180	124.00
0.301200	125.00
0.301220	125.00
0.301240	124.00
0.301260	124.00
0.301280	123.00
0.301300	123.00
0.301320	124.00
0.301340	124.00
0.301360	125.00
0.301380	125.00
0.301400	126.00
0.301420	127.00
0.301440	126.00
0.301460	125.00
0.301480	123.00
0.301500	122.00
0.301520	121.00
0.301540	122.00
0.301560	123.00
0.301580	124.00
0.301600	126.00
0.301620	127.00
0.301640	128.00
0.301660	128.00
0.301680	128.00
0.301700	126.00
0.301720	125.00
0.301740	125.00
0.301760	124.00
0.301780	124.00
0.301800	124.00
0.301820	124.00
0.301840	126.00
0.301860	128.00
0.301880	129.00
0.301900	130.00
0.301920	129.00
0.301940	128.00
0.301960	126.00
0.301980	125.00
0.302000	124.00
0.302020	123.00
0.302040	123.00
0.302060	124.00
0.302080	124.00
0.302100	125.00
0.302120	125.00
0.302140	125.00
0.302160	125.00
0.302180	125.00
0.302200	125.00
0.302220	125.00
0.302240	125.00
0.302260	125.00
0.302280	124.00
0.302300	124.00
0.302320	124.00
0.302340	124.00
0.302360	124.00
0.302380	124.00
0.302400	124.00
0.302420	124.00
0.302440	125.00
0.302460	125.00
0.302480	126.00
0.302500	127.00
0.302520	127.00
0.302540	126.00
0.302560	125.00
0.302580	125.00
0.302600	124.00
0.302620	125.00
0.302640	125.00
0.302660	125.00
0.302680	125.00
0.302700	125.00
0.302720	125.00
0.302740	125.00
0.302760	125.00
0.302780	125.00
0.302800	125.00
0.302820	126.00
0.302840	128.00
0.302860	129.00
0.302880	129.00
0.302900	128.00
0.302920	128.00
0.302940	127.00
0.302960	127.00
0.302980	127.00
0.303000	125.00
0.303020	123.00
0.303040	122.00
0.303060	122.00
0.303080	122.00
0.303100	123.00
0.303120	124.00
0.303140	126.00
0.303160	127.00
0.303180	127.00
0.303200	126.00
0.303220	124.00
0.303240	123.00
0.303260	122.00
0.303280	122.00
0.303300	122.00
0.303320	122.00
0.303340	122.00
0.303360	123.00
0.303380	124.00
0.303400	125.00
0.303420	126.00
0.303440	126.00
0.303460	126.00
0.303480	125.00
0.303500	124.00
0.303520	123.00
0.303540	123.00
0.303560	123.00
0.303580	125.00
0.303600	127.00
0.303620	129.00
0.303640	129.00
0.303660	128.00
0.303680	126.00
0.303700	125.00
0.303720	125.00
0.303740	125.00
0.303760	125.00
0.303780	125.00
0.303800	124.00
0.303820	123.00
0.303840	123.00
0.303860	125.00
0.303880	127.00
0.303900	129.00
0.303920	129.00
0.303940	128.00
0.303960	127.00
0.303980	126.00
0.304000	125.00
0.304020	125.00
0.304040	126.00
0.304060	126.00
0.304080	125.00
0.304100	125.00
0.304120	124.00
0.304140	124.00
0.304160	125.00
0.304180	126.00
0.304200	125.00
0.304220	124.00
0.304240	124.00
0.304260	124.00
0.304280	124.00
0.304300	124.00
0.304320	123.00
0.304340	122.00
0.304360	122.00
0.304380	122.00
0.304400	123.00
0.304420	123.00
0.304440	124.00
0.304460	125.00
0.304480	126.00
0.304500	128.00
0.304520	128.00
0.304540	127.00
0.304560	126.00
0.304580	125.00
0.304600	125.00
0.304620	124.00
0.304640	124.00
0.304660	124.00
0.304680	124.00
0.304700	125.00
0.304720	126.00
0.304740	126.00
0.304760	126.00
0.304780	125.00
0.304800	126.00
0.304820	126.00
0.304840	126.00
0.304860	126.00
0.304880	126.00
0.304900	126.00
0.304920	126.00
0.304940	126.00
0.304960	126.00
0.304980	126.00
0.305000	126.00
0.305020	126.00
0.305040	126.00
0.305060	125.00
0.305080	125.00
0.305100	125.00
0.305120	125.00
0.305140	124.00
0.305160	123.00
0.305180	124.00
0.305200	124.00
0.305220	125.00
0.305240	126.00
0.305260	126.00
0.305280	125.00
0.305300	125.00
0.305320	124.00
0.305340	124.00
0.305360	124.00
0.305380	124.00
0.305400	124.00
0.305420	124.00
0.305440	124.00
0.305460	124.00
0.305480	124.00
0.305500	124.00
0.305520	124.00
0.305540	124.00
0.305560	124.00
0.305580	125.00
0.305600	126.00
0.305620	126.00
0.305640	125.00
0.305660	125.00
0.305680	125.00
0.305700	126.00
0.305720	126.00
0.305740	126.00
0.305760	126.00
0.305780	126.00
0.305800	127.00
0.305820	127.00
0.305840	127.00
0.305860	127.00
0.305880	126.00
0.305900	126.00
0.305920	126.00
0.305940	125.00
0.305960	125.00
0.305980	125.00
0.306000	124.00
0.306020	124.00
0.306040	124.00
0.306060	124.00
0.306080	124.00
0.306100	125.00
0.306120	125.00
0.306140	125.00
0.306160	124.00
0.306180	123.00
0.306200	122.00
0.306220	123.00
0.306240	124.00
0.306260	125.00
0.306280	124.00
0.306300	123.00
0.306320	123.00
0.306340	124.00
0.306360	125.00
0.306380	126.00
0.306400	125.00
0.306420	124.00
0.306440	124.00
0.306460	125.00
0.306480	126.00
0.306500	126.00
0.306520	126.00
0.306540	126.00
0.306560	125.00
0.306580	125.00
0.306600	125.00
0.306620	124.00
0.306640	125.00
0.306660	125.00
0.306680	125.00
0.306700	126.00
0.306720	126.00
0.306740	126.00
0.306760	126.00
0.306780	127.00
0.306800	126.00
0.306820	126.00
0.306840	126.00
0.306860	126.00
0.306880	126.00
0.306900	126.00
0.306920	126.00
0.306940	125.00
0.306960	125.00
0.306980	125.00
0.307000	125.00
0.307020	124.00
0.307040	124.00
0.307060	124.00
0.307080	125.00
0.307100	125.00
0.307120	125.00
0.307140	125.00
0.307160	125.00
0.307180	124.00
0.307200	124.00
0.307220	124.00
0.307240	123.00
0.307260	123.00
0.307280	124.00
0.307300	125.00
0.307320	126.00
0.307340	126.00
0.307360	125.00
0.307380	125.00
0.307400	125.00
0.307420	125.00
0.307440	126.00
0.307460	126.00
0.307480	126.00
0.307500	126.00
0.307520	126.00
0.307540	126.00
0.307560	125.00
0.307580	125.00
0.307600	125.00
0.307620	124.00
0.307640	124.00
0.307660	124.00
0.307680	125.00
0.307700	125.00
0.307720	126.00
0.307740	127.00
0.307760	127.00
0.307780	127.00
0.307800	127.00
0.307820	126.00
0.307840	125.00
0.307860	125.00
0.307880	125.00
0.307900	126.00
0.307920	126.00
0.307940	125.00
0.307960	124.00
0.307980	123.00
0.308000	123.00
0.308020	124.00
0.308040	125.00
0.308060	125.00
0.308080	125.00
0.308100	126.00
0.308120	126.00
0.308140	126.00
0.308160	126.00
0.308180	126.00
0.308200	125.00
0.308220	125.00
0.308240	124.00
0.308260	124.00
0.308280	124.00
0.308300	124.00
0.308320	124.00
0.308340	125.00
0.308360	125.00
0.308380	125.00
0.308400	125.00
0.308420	125.00
0.308440	124.00
0.308460	123.00
0.308480	123.00
0.308500	122.00
0.308520	123.00
0.308540	123.00
0.308560	124.00
0.308580	125.00
0.308600	126.00
0.308620	126.00
0.308640	127.00
0.308660	127.00
0.308680	127.00
0.308700	126.00
0.308720	125.00
0.308740	124.00
0.308760	125.00
0.308780	125.00
0.308800	125.00
0.308820	124.00
0.308840	123.00
0.308860	123.00
0.308880	124.00
0.308900	125.00
0.308920	126.00
0.308940	126.00
0.308960	125.00
0.308980	125.00
0.309000	125.00
0.309020	126.00
0.309040	126.00
0.309060	126.00
0.309080	125.00
0.309100	124.00
0.309120	124.00
0.309140	124.00
0.309160	125.00
0.309180	125.00
0.309200	125.00
0.309220	125.00
0.309240	124.00
0.309260	123.00
0.309280	123.00
0.309300	123.00
0.309320	123.00
0.309340	124.00
0.309360	125.00
0.309380	125.00
0.309400	126.00
0.309420	126.00
0.309440	126.00
0.309460	126.00
0.309480	126.00
0.309500	126.00
0.309520	126.00
0.309540	126.00
0.309560	126.00
0.309580	126.00
0.309600	126.00
0.309620	126.00
0.309640	126.00
0.309660	127.00
0.309680	127.00
0.309700	127.00
0.309720	126.00
0.309740	124.00
0.309760	124.00
0.309780	124.00
0.309800	125.00
0.309820	126.00
0.309840	127.00
0.309860	126.00
0.309880	126.00
0.309900	125.00
0.309920	125.00
0.309940	124.00
0.309960	123.00
0.309980	122.00
0.310000	122.00
0.310020	123.00
0.310040	124.00
0.310060	125.00
0.310080	126.00
0.310100	126.00
0.310120	125.00
0.310140	124.00
0.310160	124.00
0.310180	124.00
0.310200	125.00
0.310220	125.00
0.310240	125.00
0.310260	125.00
0.310280	125.00
0.310300	125.00
0.310320	125.00
0.310340	124.00
0.310360	124.00
0.310380	124.00
0.310400	124.00
0.310420	125.00
0.310440	125.00
0.310460	125.00
0.310480	125.00
0.310500	126.00
0.310520	127.00
0.310540	127.00
0.310560	126.00
0.310580	126.00
0.310600	125.00
0.310620	125.00
0.310640	124.00
0.310660	123.00
0.310680	123.00
0.310700	123.00
0.310720	124.00
0.310740	125.00
0.310760	125.00
0.310780	125.00
0.310800	124.00
0.310820	125.00
0.310840	126.00
0.310860	125.00
0.310880	125.00
0.310900	124.00
0.310920	124.00
0.310940	124.00
0.310960	124.00
0.310980	124.00
0.311000	124.00
0.311020	125.00
0.311040	126.00
0.311060	126.00
0.311080	126.00
0.311100	126.00
0.311120	126.00
0.311140	127.00
0.311160	127.00
0.311180	126.00
0.311200	124.00
0.311220	123.00
0.311240	124.00
0.311260	125.00
0.311280	126.00
0.311300	126.00
0.311320	125.00
0.311340	125.00
0.311360	125.00
0.311380	125.00
0.311400	124.00
0.311420	123.00
0.311440	123.00
0.311460	124.00
0.311480	125.00
0.311500	126.00
0.311520	126.00
0.311540	125.00
0.311560	126.00
0.311580	127.00
0.311600	127.00
0.311620	126.00
0.311640	125.00
0.311660	125.00
0.311680	125.00
