0.261700	101.00
0.261720	50.00
0.261740	103.00
0.261760	142.00
0.261780	145.00
0.261800	125.00
0.261820	113.00
0.261840	119.00
0.261860	132.00
0.261880	134.00
0.261900	125.00
0.261920	118.00
0.261940	121.00
0.261960	129.00
0.261980	131.00
0.262000	125.00
0.262020	120.00
0.262040	122.00
0.262060	127.00
0.262080	129.00
0.262100	125.00
0.262120	121.00
0.262140	122.00
0.262160	127.00
0.262180	128.00
0.262200	125.00
0.262220	121.00
0.262240	122.00
0.262260	126.00
0.262280	128.00
0.262300	126.00
0.262320	123.00
0.262340	123.00
0.262360	125.00
0.262380	126.00
0.262400	124.00
0.262420	123.00
0.262440	125.00
0.262460	127.00
0.262480	128.00
0.262500	126.00
0.262520	125.00
0.262540	126.00
0.262560	128.00
0.262580	128.00
0.262600	125.00
0.262620	123.00
0.262640	124.00
0.262660	126.00
0.262680	127.00
0.262700	127.00
0.262720	125.00
0.262740	125.00
0.262760	125.00
0.262780	125.00
0.262800	123.00
0.262820	123.00
0.262840	125.00
0.262860	127.00
0.262880	127.00
0.262900	125.00
0.262920	124.00
0.262940	125.00
0.262960	126.00
0.262980	125.00
0.263000	123.00
0.263020	122.00
0.263040	123.00
0.263060	125.00
0.263080	125.00
0.263100	123.00
0.263120	122.00
0.263140	124.00
0.263160	126.00
0.263180	127.00
0.263200	125.00
0.263220	123.00
0.263240	124.00
0.263260	125.00
0.263280	126.00
0.263300	125.00
0.263320	123.00
0.263340	124.00
0.263360	126.00
0.263380	127.00
0.263400	127.00
0.263420	125.00
0.263440	125.00
0.263460	127.00
0.263480	127.00
0.263500	127.00
0.263520	126.00
0.263540	127.00
0.263560	128.00
0.263580	127.00
0.263600	125.00
0.263620	123.00
0.263640	123.00
0.263660	125.00
0.263680	127.00
0.263700	127.00
0.263720	126.00
0.263740	126.00
0.263760	126.00
0.263780	127.00
0.263800	127.00
0.263820	126.00
0.263840	125.00
0.263860	125.00
0.263880	125.00
0.263900	125.00
0.263920	124.00
0.263940	123.00
0.263960	123.00
0.263980	122.00
0.264000	122.00
0.264020	122.00
0.264040	123.00
0.264060	124.00
0.264080	125.00
0.264100	124.00
0.264120	123.00
0.264140	124.00
0.264160	126.00
0.264180	126.00
0.264200	125.00
0.264220	124.00
0.264240	124.00
0.264260	126.00
0.264280	127.00
0.264300	128.00
0.264320	127.00
0.264340	127.00
0.264360	126.00
0.264380	126.00
0.264400	127.00
0.264420	127.00
0.264440	128.00
0.264460	128.00
0.264480	127.00
0.264500	125.00
0.264520	124.00
0.264540	124.00
0.264560	125.00
0.264580	125.00
0.264600	125.00
0.264620	123.00
0.264640	122.00
0.264660	122.00
0.264680	123.00
0.264700	124.00
0.264720	124.00
0.264740	125.00
0.264760	125.00
0.264780	125.00
0.264800	125.00
0.264820	125.00
0.264840	124.00
0.264860	124.00
0.264880	123.00
0.264900	123.00
0.264920	123.00
0.264940	124.00
0.264960	125.00
0.264980	125.00
0.265000	124.00
0.265020	124.00
0.265040	124.00
0.265060	126.00
0.265080	127.00
0.265100	127.00
0.265120	126.00
0.265140	125.00
0.265160	125.00
0.265180	125.00
0.265200	125.00
0.265220	125.00
0.265240	125.00
0.265260	124.00
0.265280	123.00
0.265300	123.00
0.265320	123.00
0.265340	125.00
0.265360	127.00
0.265380	128.00
0.265400	127.00
0.265420	126.00
0.265440	126.00
0.265460	127.00
0.265480	127.00
0.265500	126.00
0.265520	125.00
0.265540	125.00
0.265560	125.00
0.265580	125.00
0.265600	125.00
0.265620	124.00
0.265640	124.00
0.265660	124.00
0.265680	124.00
0.265700	124.00
0.265720	123.00
0.265740	122.00
0.265760	122.00
0.265780	122.00
0.265800	122.00
0.265820	123.00
0.265840	124.00
0.265860	125.00
0.265880	125.00
0.265900	125.00
0.265920	125.00
0.265940	126.00
0.265960	127.00
0.265980	126.00
0.266000	125.00
0.266020	125.00
0.266040	125.00
0.266060	126.00
0.266080	127.00
0.266100	127.00
0.266120	126.00
0.266140	126.00
0.266160	126.00
0.266180	125.00
0.266200	124.00
0.266220	124.00
0.266240	125.00
0.266260	127.00
0.266280	127.00
0.266300	127.00
0.266320	126.00
0.266340	126.00
0.266360	126.00
0.266380	125.00
0.266400	125.00
0.266420	124.00
0.266440	124.00
0.266460	124.00
0.266480	125.00
0.266500	125.00
0.266520	125.00
0.266540	125.00
0.266560	125.00
0.266580	125.00
0.266600	124.00
0.266620	124.00
0.266640	123.00
0.266660	123.00
0.266680	122.00
0.266700	121.00
0.266720	121.00
0.266740	123.00
0.266760	125.00
0.266780	126.00
0.266800	125.00
0.266820	124.00
0.266840	125.00
0.266860	126.00
0.266880	127.00
0.266900	126.00
0.266920	125.00
0.266940	124.00
0.266960	125.00
0.266980	125.00
0.267000	125.00
0.267020	125.00
0.267040	125.00
0.267060	125.00
0.267080	126.00
0.267100	126.00
0.267120	126.00
0.267140	125.00
0.267160	126.00
0.267180	126.00
0.267200	126.00
0.267220	126.00
0.267240	125.00
0.267260	125.00
0.267280	126.00
0.267300	125.00
0.267320	125.00
0.267340	125.00
0.267360	125.00
0.267380	125.00
0.267400	126.00
0.267420	127.00
0.267440	127.00
0.267460	126.00
0.267480	125.00
0.267500	125.00
0.267520	125.00
0.267540	125.00
0.267560	125.00
0.267580	125.00
0.267600	124.00
0.267620	124.00
0.267640	124.00
0.267660	125.00
0.267680	124.00
0.267700	124.00
0.267720	124.00
0.267740	124.00
0.267760	124.00
0.267780	123.00
0.267800	122.00
0.267820	122.00
0.267840	123.00
0.267860	125.00
0.267880	126.00
0.267900	126.00
0.267920	125.00
0.267940	125.00
0.267960	125.00
0.267980	125.00
0.268000	125.00
0.268020	125.00
0.268040	125.00
0.268060	126.00
0.268080	126.00
0.268100	126.00
0.268120	125.00
0.268140	125.00
0.268160	127.00
0.268180	127.00
0.268200	127.00
0.268220	125.00
0.268240	125.00
0.268260	125.00
0.268280	126.00
0.268300	126.00
0.268320	125.00
0.268340	125.00
0.268360	126.00
0.268380	128.00
0.268400	129.00
0.268420	128.00
0.268440	127.00
0.268460	126.00
0.268480	125.00
0.268500	125.00
0.268520	124.00
0.268540	123.00
0.268560	123.00
0.268580	123.00
0.268600	123.00
0.268620	123.00
0.268640	124.00
0.268660	125.00
0.268680	125.00
0.268700	125.00
0.268720	125.00
0.268740	124.00
0.268760	124.00
0.268780	124.00
0.268800	124.00
0.268820	124.00
0.268840	124.00
0.268860	124.00
0.268880	125.00
0.268900	126.00
0.268920	126.00
0.268940	127.00
0.268960	127.00
0.268980	126.00
0.269000	124.00
0.269020	123.00
0.269040	122.00
0.269060	123.00
0.269080	124.00
0.269100	126.00
0.269120	127.00
0.269140	127.00
0.269160	126.00
0.269180	126.00
0.269200	126.00
0.269220	126.00
0.269240	127.00
0.269260	127.00
0.269280	127.00
0.269300	126.00
0.269320	126.00
0.269340	126.00
0.269360	126.00
0.269380	127.00
0.269400	126.00
0.269420	125.00
0.269440	123.00
0.269460	122.00
0.269480	123.00
0.269500	124.00
0.269520	125.00
0.269540	126.00
0.269560	126.00
0.269580	125.00
0.269600	124.00
0.269620	124.00
0.269640	123.00
0.269660	124.00
0.269680	125.00
0.269700	125.00
0.269720	125.00
0.269740	125.00
0.269760	125.00
0.269780	125.00
0.269800	125.00
0.269820	125.00
0.269840	125.00
0.269860	124.00
0.269880	124.00
0.269900	124.00
0.269920	125.00
0.269940	127.00
0.269960	127.00
0.269980	126.00
0.270000	125.00
0.270020	124.00
0.270040	124.00
0.270060	125.00
0.270080	125.00
0.270100	125.00
0.270120	125.00
0.270140	126.00
0.270160	127.00
0.270180	126.00
0.270200	125.00
0.270220	124.00
0.270240	124.00
0.270260	126.00
0.270280	127.00
0.270300	126.00
0.270320	125.00
0.270340	124.00
0.270360	125.00
0.270380	125.00
0.270400	126.00
0.270420	127.00
0.270440	126.00
0.270460	125.00
0.270480	124.00
0.270500	122.00
0.270520	121.00
0.270540	122.00
0.270560	122.00
0.270580	123.00
0.270600	124.00
0.270620	124.00
0.270640	124.00
0.270660	124.00
0.270680	124.00
0.270700	125.00
0.270720	126.00
0.270740	127.00
0.270760	128.00
0.270780	127.00
0.270800	125.00
0.270820	124.00
0.270840	124.00
0.270860	124.00
0.270880	123.00
0.270900	123.00
0.270920	124.00
0.270940	125.00
0.270960	127.00
0.270980	129.00
0.271000	129.00
0.271020	129.00
0.271040	128.00
0.271060	127.00
0.271080	125.00
0.271100	124.00
0.271120	122.00
0.271140	122.00
0.271160	123.00
0.271180	126.00
0.271200	128.00
0.271220	128.00
0.271240	128.00
0.271260	127.00
0.271280	126.00
0.271300	124.00
0.271320	122.00
0.271340	120.00
0.271360	119.00
0.271380	119.00
0.271400	121.00
0.271420	124.00
0.271440	127.00
0.271460	130.00
0.271480	131.00
0.271500	131.00
0.271520	129.00
0.271540	125.00
0.271560	122.00
0.271580	119.00
0.271600	117.00
0.271620	117.00
0.271640	120.00
0.271660	124.00
0.271680	128.00
0.271700	131.00
0.271720	131.00
0.271740	129.00
0.271760	126.00
0.271780	123.00
0.271800	122.00
0.271820	123.00
0.271840	126.00
0.271860	127.00
0.271880	128.00
0.271900	126.00
0.271920	123.00
0.271940	120.00
0.271960	120.00
0.271980	123.00
0.272000	127.00
0.272020	132.00
0.272040	135.00
0.272060	135.00
0.272080	130.00
0.272100	122.00
0.272120	115.00
0.272140	113.00
0.272160	115.00
0.272180	121.00
0.272200	128.00
0.272220	133.00
0.272240	134.00
0.272260	132.00
0.272280	128.00
0.272300	125.00
0.272320	125.00
0.272340	127.00
0.272360	130.00
0.272380	131.00
0.272400	129.00
0.272420	124.00
0.272440	117.00
0.272460	111.00
0.272480	108.00
0.272500	111.00
0.272520	119.00
0.272540	129.00
0.272560	138.00
0.272580	143.00
0.272600	141.00
0.272620	135.00
0.272640	126.00
0.272660	117.00
0.272680	111.00
0.272700	110.00
0.272720	114.00
0.272740	121.00
0.272760	128.00
0.272780	131.00
0.272800	130.00
0.272820	127.00
0.272840	126.00
0.272860	127.00
0.272880	130.00
0.272900	134.00
0.272920	135.00
0.272940	133.00
0.272960	128.00
0.272980	119.00
0.273000	111.00
0.273020	106.00
0.273040	108.00
0.273060	117.00
0.273080	128.00
0.273100	138.00
0.273120	144.00
0.273140	143.00
0.273160	137.00
0.273180	128.00
0.273200	119.00
0.273220	113.00
0.273240	113.00
0.273260	116.00
0.273280	123.00
0.273300	128.00
0.273320	130.00
0.273340	129.00
0.273360	124.00
0.273380	120.00
0.273400	117.00
0.273420	118.00
0.273440	122.00
0.273460	127.00
0.273480	131.00
0.273500	133.00
0.273520	132.00
0.273540	130.00
0.273560	126.00
0.273580	121.00
0.273600	118.00
0.273620	117.00
0.273640	118.00
0.273660	121.00
0.273680	123.00
0.273700	124.00
0.273720	125.00
0.273740	128.00
0.273760	131.00
0.273780	134.00
0.273800	134.00
0.273820	131.00
0.273840	128.00
0.273860	123.00
0.273880	118.00
0.273900	114.00
0.273920	112.00
0.273940	113.00
0.273960	119.00
0.273980	127.00
0.274000	134.00
0.274020	139.00
0.274040	140.00
0.274060	137.00
0.274080	132.00
0.274100	125.00
0.274120	119.00
0.274140	116.00
0.274160	116.00
0.274180	119.00
0.274200	124.00
0.274220	128.00
0.274240	131.00
0.274260	132.00
0.274280	132.00
0.274300	129.00
0.274320	125.00
0.274340	122.00
0.274360	121.00
0.274380	122.00
0.274400	125.00
0.274420	126.00
0.274440	126.00
0.274460	124.00
0.274480	122.00
0.274500	121.00
0.274520	121.00
0.274540	122.00
0.274560	124.00
0.274580	126.00
0.274600	127.00
0.274620	126.00
0.274640	125.00
0.274660	123.00
0.274680	123.00
0.274700	124.00
0.274720	126.00
0.274740	128.00
0.274760	128.00
0.274780	126.00
0.274800	122.00
0.274820	118.00
0.274840	116.00
0.274860	117.00
0.274880	121.00
0.274900	126.00
0.274920	130.00
0.274940	133.00
0.274960	133.00
0.274980	131.00
0.275000	127.00
0.275020	122.00
0.275040	117.00
0.275060	116.00
0.275080	117.00
0.275100	121.00
0.275120	127.00
0.275140	133.00
0.275160	137.00
0.275180	138.00
0.275200	135.00
0.275220	130.00
0.275240	123.00
0.275260	116.00
0.275280	112.00
0.275300	111.00
0.275320	114.00
0.275340	119.00
0.275360	125.00
0.275380	132.00
0.275400	136.00
0.275420	137.00
0.275440	135.00
0.275460	130.00
0.275480	123.00
0.275500	118.00
0.275520	115.00
0.275540	116.00
0.275560	119.00
0.275580	123.00
0.275600	126.00
0.275620	128.00
0.275640	129.00
0.275660	129.00
0.275680	128.00
0.275700	127.00
0.275720	125.00
0.275740	125.00
0.275760	124.00
0.275780	124.00
0.275800	123.00
0.275820	121.00
0.275840	121.00
0.275860	123.00
0.275880	125.00
0.275900	126.00
0.275920	128.00
0.275940	129.00
0.275960	130.00
0.275980	130.00
0.276000	129.00
0.276020	127.00
0.276040	126.00
0.276060	126.00
0.276080	126.00
0.276100	125.00
0.276120	123.00
0.276140	121.00
0.276160	120.00
0.276180	120.00
0.276200	122.00
0.276220	125.00
0.276240	128.00
0.276260	130.00
0.276280	131.00
0.276300	130.00
0.276320	126.00
0.276340	122.00
0.276360	119.00
0.276380	118.00
0.276400	120.00
0.276420	122.00
0.276440	124.00
0.276460	126.00
0.276480	127.00
0.276500	127.00
0.276520	128.00
0.276540	128.00
0.276560	128.00
0.276580	127.00
0.276600	126.00
0.276620	126.00
0.276640	125.00
0.276660	124.00
0.276680	122.00
0.276700	121.00
0.276720	121.00
0.276740	122.00
0.276760	125.00
0.276780	128.00
0.276800	129.00
0.276820	129.00
0.276840	128.00
0.276860	127.00
0.276880	125.00
0.276900	125.00
0.276920	125.00
0.276940	125.00
0.276960	126.00
0.276980	126.00
0.277000	126.00
0.277020	125.00
0.277040	124.00
0.277060	123.00
0.277080	122.00
0.277100	123.00
0.277120	125.00
0.277140	127.00
0.277160	129.00
0.277180	129.00
0.277200	127.00
0.277220	126.00
0.277240	125.00
0.277260	125.00
0.277280	125.00
0.277300	123.00
0.277320	122.00
0.277340	121.00
0.277360	121.00
0.277380	123.00
0.277400	125.00
0.277420	127.00
0.277440	130.00
0.277460	132.00
0.277480	132.00
0.277500	129.00
0.277520	125.00
0.277540	121.00
0.277560	118.00
0.277580	119.00
0.277600	120.00
0.277620	121.00
0.277640	123.00
0.277660	124.00
0.277680	126.00
0.277700	128.00
0.277720	130.00
0.277740	131.00
0.277760	132.00
0.277780	130.00
0.277800	128.00
0.277820	124.00
0.277840	120.00
0.277860	117.00
0.277880	117.00
0.277900	120.00
0.277920	124.00
0.277940	129.00
0.277960	133.00
0.277980	134.00
0.278000	133.00
0.278020	130.00
0.278040	124.00
0.278060	119.00
0.278080	116.00
0.278100	116.00
0.278120	119.00
0.278140	124.00
0.278160	129.00
0.278180	132.00
0.278200	134.00
0.278220	132.00
0.278240	128.00
0.278260	124.00
0.278280	121.00
0.278300	120.00
0.278320	122.00
0.278340	124.00
0.278360	125.00
0.278380	126.00
0.278400	125.00
0.278420	124.00
0.278440	122.00
0.278460	121.00
0.278480	122.00
0.278500	124.00
0.278520	127.00
0.278540	130.00
0.278560	133.00
0.278580	133.00
0.278600	130.00
0.278620	125.00
0.278640	120.00
0.278660	117.00
0.278680	117.00
0.278700	119.00
0.278720	124.00
0.278740	129.00
0.278760	134.00
0.278780	136.00
0.278800	136.00
0.278820	134.00
0.278840	130.00
0.278860	125.00
0.278880	121.00
0.278900	119.00
0.278920	119.00
0.278940	121.00
0.278960	124.00
0.278980	127.00
0.279000	129.00
0.279020	131.00
0.279040	132.00
0.279060	130.00
0.279080	127.00
0.279100	123.00
0.279120	119.00
0.279140	116.00
0.279160	116.00
0.279180	119.00
0.279200	122.00
0.279220	126.00
0.279240	129.00
0.279260	130.00
0.279280	130.00
0.279300	128.00
0.279320	125.00
0.279340	122.00
0.279360	119.00
0.279380	117.00
0.279400	117.00
0.279420	119.00
0.279440	124.00
0.279460	128.00
0.279480	131.00
0.279500	131.00
0.279520	129.00
0.279540	127.00
0.279560	124.00
0.279580	121.00
0.279600	119.00
0.279620	119.00
0.279640	121.00
0.279660	125.00
0.279680	128.00
0.279700	130.00
0.279720	131.00
0.279740	130.00
0.279760	128.00
0.279780	126.00
0.279800	123.00
0.279820	121.00
0.279840	120.00
0.279860	121.00
0.279880	124.00
0.279900	127.00
0.279920	130.00
0.279940	132.00
0.279960	132.00
0.279980	131.00
0.280000	128.00
0.280020	125.00
0.280040	123.00
0.280060	122.00
0.280080	123.00
0.280100	125.00
0.280120	127.00
0.280140	128.00
0.280160	128.00
0.280180	128.00
0.280200	125.00
0.280220	123.00
0.280240	121.00
0.280260	121.00
0.280280	122.00
0.280300	125.00
0.280320	127.00
0.280340	129.00
0.280360	128.00
0.280380	126.00
0.280400	122.00
0.280420	118.00
0.280440	116.00
0.280460	118.00
0.280480	122.00
0.280500	127.00
0.280520	131.00
0.280540	133.00
0.280560	133.00
0.280580	131.00
0.280600	127.00
0.280620	123.00
0.280640	119.00
0.280660	116.00
0.280680	117.00
0.280700	120.00
0.280720	124.00
0.280740	129.00
0.280760	132.00
0.280780	135.00
0.280800	135.00
0.280820	132.00
0.280840	129.00
0.280860	125.00
0.280880	121.00
0.280900	119.00
0.280920	117.00
0.280940	118.00
0.280960	122.00
0.280980	127.00
0.281000	132.00
0.281020	134.00
0.281040	134.00
0.281060	131.00
0.281080	127.00
0.281100	122.00
0.281120	119.00
0.281140	117.00
0.281160	118.00
0.281180	120.00
0.281200	122.00
0.281220	124.00
0.281240	125.00
0.281260	125.00
0.281280	125.00
0.281300	126.00
0.281320	127.00
0.281340	127.00
0.281360	126.00
0.281380	125.00
0.281400	123.00
0.281420	122.00
0.281440	122.00
0.281460	123.00
0.281480	124.00
0.281500	125.00
0.281520	127.00
0.281540	129.00
0.281560	129.00
0.281580	128.00
0.281600	126.00
0.281620	125.00
0.281640	124.00
0.281660	123.00
0.281680	123.00
0.281700	123.00
0.281720	124.00
0.281740	126.00
0.281760	127.00
0.281780	128.00
0.281800	127.00
0.281820	127.00
0.281840	126.00
0.281860	126.00
0.281880	126.00
0.281900	125.00
0.281920	125.00
0.281940	124.00
0.281960	124.00
0.281980	124.00
0.282000	124.00
0.282020	124.00
0.282040	125.00
0.282060	125.00
0.282080	126.00
0.282100	125.00
0.282120	124.00
0.282140	122.00
0.282160	120.00
0.282180	119.00
0.282200	119.00
0.282220	121.00
0.282240	124.00
0.282260	127.00
0.282280	130.00
0.282300	129.00
0.282320	127.00
0.282340	124.00
0.282360	123.00
0.282380	122.00
0.282400	123.00
0.282420	124.00
0.282440	124.00
0.282460	124.00
0.282480	124.00
0.282500	125.00
0.282520	126.00
0.282540	129.00
0.282560	131.00
0.282580	132.00
0.282600	131.00
0.282620	128.00
0.282640	124.00
0.282660	122.00
0.282680	121.00
0.282700	122.00
0.282720	124.00
0.282740	126.00
0.282760	127.00
0.282780	128.00
0.282800	127.00
0.282820	126.00
0.282840	125.00
0.282860	124.00
0.282880	124.00
0.282900	124.00
0.282920	125.00
0.282940	125.00
0.282960	126.00
0.282980	126.00
0.283000	126.00
0.283020	124.00
0.283040	122.00
0.283060	120.00
0.283080	119.00
0.283100	120.00
0.283120	123.00
0.283140	125.00
0.283160	127.00
0.283180	128.00
0.283200	127.00
0.283220	125.00
0.283240	123.00
0.283260	121.00
0.283280	121.00
0.283300	121.00
0.283320	122.00
0.283340	124.00
0.283360	126.00
0.283380	129.00
0.283400	131.00
0.283420	132.00
0.283440	132.00
0.283460	130.00
0.283480	128.00
0.283500	124.00
0.283520	120.00
0.283540	118.00
0.283560	118.00
0.283580	121.00
0.283600	125.00
0.283620	129.00
0.283640	132.00
0.283660	132.00
0.283680	132.00
0.283700	130.00
0.283720	128.00
0.283740	125.00
0.283760	121.00
0.283780	120.00
0.283800	120.00
0.283820	122.00
0.283840	124.00
0.283860	126.00
0.283880	128.00
0.283900	129.00
0.283920	129.00
0.283940	127.00
0.283960	124.00
0.283980	120.00
0.284000	118.00
0.284020	117.00
0.284040	119.00
0.284060	121.00
0.284080	125.00
0.284100	129.00
0.284120	132.00
0.284140	132.00
0.284160	130.00
0.284180	126.00
0.284200	122.00
0.284220	120.00
0.284240	119.00
0.284260	119.00
0.284280	120.00
0.284300	122.00
0.284320	125.00
0.284340	129.00
0.284360	130.00
0.284380	130.00
0.284400	128.00
0.284420	125.00
0.284440	123.00
0.284460	122.00
0.284480	122.00
0.284500	123.00
0.284520	124.00
0.284540	125.00
0.284560	125.00
0.284580	125.00
0.284600	125.00
0.284620	127.00
0.284640	130.00
0.284660	131.00
0.284680	130.00
0.284700	129.00
0.284720	127.00
0.284740	125.00
0.284760	123.00
0.284780	121.00
0.284800	120.00
0.284820	122.00
0.284840	127.00
0.284860	130.00
0.284880	132.00
0.284900	132.00
0.284920	129.00
0.284940	127.00
0.284960	125.00
0.284980	123.00
0.285000	121.00
0.285020	121.00
0.285040	123.00
0.285060	125.00
0.285080	127.00
0.285100	128.00
0.285120	128.00
0.285140	127.00
0.285160	126.00
0.285180	126.00
0.285200	125.00
0.285220	124.00
0.285240	123.00
0.285260	122.00
0.285280	121.00
0.285300	121.00
0.285320	122.00
0.285340	124.00
0.285360	126.00
0.285380	127.00
0.285400	127.00
0.285420	126.00
0.285440	124.00
0.285460	121.00
0.285480	119.00
0.285500	118.00
0.285520	119.00
0.285540	122.00
0.285560	126.00
0.285580	130.00
0.285600	132.00
0.285620	132.00
0.285640	130.00
0.285660	128.00
0.285680	126.00
0.285700	125.00
0.285720	124.00
0.285740	122.00
0.285760	122.00
0.285780	122.00
0.285800	123.00
0.285820	125.00
0.285840	126.00
0.285860	127.00
0.285880	127.00
0.285900	127.00
0.285920	126.00
0.285940	127.00
0.285960	127.00
0.285980	126.00
0.286000	125.00
0.286020	122.00
0.286040	120.00
0.286060	118.00
0.286080	117.00
0.286100	118.00
0.286120	119.00
0.286140	122.00
0.286160	126.00
0.286180	129.00
0.286200	131.00
0.286220	131.00
0.286240	129.00
0.286260	127.00
0.286280	123.00
0.286300	121.00
0.286320	119.00
0.286340	119.00
0.286360	121.00
0.286380	125.00
0.286400	129.00
0.286420	133.00
0.286440	135.00
0.286460	134.00
0.286480	129.00
0.286500	123.00
0.286520	118.00
0.286540	114.00
0.286560	114.00
0.286580	117.00
0.286600	122.00
0.286620	128.00
0.286640	133.00
0.286660	136.00
0.286680	134.00
0.286700	129.00
0.286720	124.00
0.286740	120.00
0.286760	118.00
0.286780	118.00
0.286800	120.00
0.286820	122.00
0.286840	126.00
0.286860	129.00
0.286880	131.00
0.286900	130.00
0.286920	128.00
0.286940	126.00
0.286960	125.00
0.286980	123.00
0.287000	123.00
0.287020	122.00
0.287040	121.00
0.287060	121.00
0.287080	122.00
0.287100	123.00
0.287120	125.00
0.287140	126.00
0.287160	127.00
0.287180	128.00
0.287200	128.00
0.287220	128.00
0.287240	128.00
0.287260	127.00
0.287280	124.00
0.287300	121.00
0.287320	119.00
0.287340	119.00
0.287360	122.00
0.287380	126.00
0.287400	130.00
0.287420	132.00
0.287440	133.00
0.287460	133.00
0.287480	131.00
0.287500	128.00
0.287520	124.00
0.287540	120.00
0.287560	118.00
0.287580	118.00
0.287600	120.00
0.287620	123.00
0.287640	127.00
0.287660	131.00
0.287680	133.00
0.287700	133.00
0.287720	131.00
0.287740	128.00
0.287760	124.00
0.287780	121.00
0.287800	119.00
0.287820	119.00
0.287840	121.00
0.287860	123.00
0.287880	125.00
0.287900	126.00
0.287920	126.00
0.287940	125.00
0.287960	124.00
0.287980	123.00
0.288000	123.00
0.288020	123.00
0.288040	123.00
0.288060	124.00
0.288080	125.00
0.288100	126.00
0.288120	125.00
0.288140	125.00
0.288160	125.00
0.288180	125.00
0.288200	126.00
0.288220	126.00
0.288240	125.00
0.288260	124.00
0.288280	125.00
0.288300	125.00
0.288320	126.00
0.288340	127.00
0.288360	127.00
0.288380	127.00
0.288400	127.00
0.288420	127.00
0.288440	127.00
0.288460	127.00
0.288480	127.00
0.288500	126.00
0.288520	124.00
0.288540	122.00
0.288560	121.00
0.288580	121.00
0.288600	123.00
0.288620	126.00
0.288640	128.00
0.288660	130.00
0.288680	130.00
0.288700	130.00
0.288720	128.00
0.288740	125.00
0.288760	121.00
0.288780	118.00
0.288800	116.00
0.288820	116.00
0.288840	118.00
0.288860	121.00
0.288880	124.00
0.288900	127.00
0.288920	129.00
0.288940	131.00
0.288960	131.00
0.288980	129.00
0.289000	126.00
0.289020	122.00
0.289040	120.00
0.289060	119.00
0.289080	121.00
0.289100	123.00
0.289120	125.00
0.289140	126.00
0.289160	126.00
0.289180	127.00
0.289200	127.00
0.289220	127.00
0.289240	127.00
0.289260	125.00
0.289280	124.00
0.289300	124.00
0.289320	124.00
0.289340	124.00
0.289360	123.00
0.289380	123.00
0.289400	123.00
0.289420	123.00
0.289440	125.00
0.289460	126.00
0.289480	127.00
0.289500	128.00
0.289520	129.00
0.289540	129.00
0.289560	128.00
0.289580	127.00
0.289600	125.00
0.289620	125.00
0.289640	125.00
0.289660	125.00
0.289680	124.00
0.289700	122.00
0.289720	121.00
0.289740	121.00
0.289760	122.00
0.289780	124.00
0.289800	126.00
0.289820	128.00
0.289840	129.00
0.289860	129.00
0.289880	128.00
0.289900	126.00
0.289920	125.00
0.289940	124.00
0.289960	122.00
0.289980	120.00
0.290000	120.00
0.290020	121.00
0.290040	124.00
0.290060	127.00
0.290080	128.00
0.290100	127.00
0.290120	127.00
0.290140	126.00
0.290160	126.00
0.290180	125.00
0.290200	124.00
0.290220	124.00
0.290240	124.00
0.290260	125.00
0.290280	126.00
0.290300	125.00
0.290320	124.00
0.290340	124.00
0.290360	124.00
0.290380	125.00
0.290400	125.00
0.290420	125.00
0.290440	126.00
0.290460	126.00
0.290480	127.00
0.290500	127.00
0.290520	128.00
0.290540	129.00
0.290560	129.00
0.290580	128.00
0.290600	125.00
0.290620	122.00
0.290640	121.00
0.290660	122.00
0.290680	124.00
0.290700	124.00
0.290720	124.00
0.290740	124.00
0.290760	126.00
0.290780	128.00
0.290800	129.00
0.290820	128.00
0.290840	127.00
0.290860	126.00
0.290880	125.00
0.290900	123.00
0.290920	120.00
0.290940	118.00
0.290960	118.00
0.290980	121.00
0.291000	125.00
0.291020	128.00
0.291040	130.00
0.291060	131.00
0.291080	132.00
0.291100	132.00
0.291120	130.00
0.291140	127.00
0.291160	124.00
0.291180	121.00
0.291200	120.00
0.291220	120.00
0.291240	121.00
0.291260	122.00
0.291280	124.00
0.291300	126.00
0.291320	128.00
0.291340	130.00
0.291360	130.00
0.291380	129.00
0.291400	127.00
0.291420	125.00
0.291440	124.00
0.291460	122.00
0.291480	121.00
0.291500	121.00
0.291520	122.00
0.291540	124.00
0.291560	126.00
0.291580	128.00
0.291600	129.00
0.291620	129.00
0.291640	129.00
0.291660	127.00
0.291680	125.00
0.291700	122.00
0.291720	121.00
0.291740	120.00
0.291760	121.00
0.291780	123.00
0.291800	125.00
0.291820	126.00
0.291840	126.00
0.291860	126.00
0.291880	125.00
0.291900	124.00
0.291920	123.00
0.291940	123.00
0.291960	123.00
0.291980	123.00
0.292000	123.00
0.292020	124.00
0.292040	124.00
0.292060	125.00
0.292080	126.00
0.292100	125.00
0.292120	124.00
0.292140	125.00
0.292160	126.00
0.292180	128.00
0.292200	128.00
0.292220	127.00
0.292240	125.00
0.292260	123.00
0.292280	123.00
0.292300	123.00
0.292320	124.00
0.292340	125.00
0.292360	127.00
0.292380	128.00
0.292400	128.00
0.292420	127.00
0.292440	125.00
0.292460	123.00
0.292480	122.00
0.292500	123.00
0.292520	124.00
0.292540	126.00
0.292560	127.00
0.292580	128.00
0.292600	128.00
0.292620	127.00
0.292640	125.00
0.292660	123.00
0.292680	121.00
0.292700	120.00
0.292720	121.00
0.292740	124.00
0.292760	126.00
0.292780	128.00
0.292800	129.00
0.292820	128.00
0.292840	126.00
0.292860	124.00
0.292880	122.00
0.292900	121.00
0.292920	121.00
0.292940	122.00
0.292960	125.00
0.292980	128.00
0.293000	130.00
0.293020	130.00
0.293040	130.00
0.293060	129.00
0.293080	127.00
0.293100	126.00
0.293120	124.00
0.293140	122.00
0.293160	122.00
0.293180	123.00
0.293200	125.00
0.293220	127.00
0.293240	128.00
0.293260	128.00
0.293280	127.00
0.293300	126.00
0.293320	125.00
0.293340	124.00
0.293360	123.00
0.293380	124.00
0.293400	125.00
0.293420	126.00
0.293440	127.00
0.293460	127.00
0.293480	126.00
0.293500	125.00
0.293520	123.00
0.293540	122.00
0.293560	122.00
0.293580	122.00
0.293600	123.00
0.293620	124.00
0.293640	125.00
0.293660	125.00
0.293680	125.00
0.293700	125.00
0.293720	125.00
0.293740	125.00
0.293760	125.00
0.293780	124.00
0.293800	123.00
0.293820	123.00
0.293840	122.00
0.293860	122.00
0.293880	122.00
0.293900	123.00
0.293920	123.00
0.293940	125.00
0.293960	126.00
0.293980	126.00
0.294000	126.00
0.294020	125.00
0.294040	123.00
0.294060	123.00
0.294080	124.00
0.294100	125.00
0.294120	127.00
0.294140	128.00
0.294160	129.00
0.294180	130.00
0.294200	129.00
0.294220	128.00
0.294240	126.00
0.294260	124.00
0.294280	123.00
0.294300	123.00
0.294320	124.00
0.294340	127.00
0.294360	129.00
0.294380	130.00
0.294400	129.00
0.294420	127.00
0.294440	125.00
0.294460	122.00
0.294480	121.00
0.294500	121.00
0.294520	122.00
0.294540	124.00
0.294560	126.00
0.294580	127.00
0.294600	128.00
0.294620	127.00
0.294640	126.00
0.294660	124.00
0.294680	123.00
0.294700	123.00
0.294720	122.00
0.294740	122.00
0.294760	122.00
0.294780	122.00
0.294800	122.00
0.294820	123.00
0.294840	125.00
0.294860	126.00
0.294880	126.00
0.294900	126.00
0.294920	127.00
0.294940	128.00
0.294960	128.00
0.294980	127.00
0.295000	125.00
0.295020	123.00
0.295040	123.00
0.295060	123.00
0.295080	124.00
0.295100	125.00
0.295120	126.00
0.295140	127.00
0.295160	127.00
0.295180	126.00
0.295200	124.00
0.295220	122.00
0.295240	122.00
0.295260	122.00
0.295280	123.00
0.295300	125.00
0.295320	126.00
0.295340	126.00
0.295360	127.00
0.295380	128.00
0.295400	127.00
0.295420	126.00
0.295440	125.00
0.295460	124.00
0.295480	124.00
0.295500	125.00
0.295520	126.00
0.295540	128.00
0.295560	129.00
0.295580	129.00
0.295600	128.00
0.295620	125.00
0.295640	122.00
0.295660	119.00
0.295680	119.00
0.295700	120.00
0.295720	121.00
0.295740	123.00
0.295760	125.00
0.295780	127.00
0.295800	128.00
0.295820	127.00
0.295840	125.00
0.295860	123.00
0.295880	121.00
0.295900	119.00
0.295920	119.00
0.295940	121.00
0.295960	124.00
0.295980	127.00
0.296000	128.00
0.296020	129.00
0.296040	128.00
0.296060	127.00
0.296080	126.00
0.296100	125.00
0.296120	124.00
0.296140	124.00
0.296160	125.00
0.296180	127.00
0.296200	128.00
0.296220	129.00
0.296240	129.00
0.296260	129.00
0.296280	128.00
0.296300	127.00
0.296320	125.00
0.296340	123.00
0.296360	122.00
0.296380	123.00
0.296400	124.00
0.296420	126.00
0.296440	126.00
0.296460	127.00
0.296480	127.00
0.296500	127.00
0.296520	127.00
0.296540	126.00
0.296560	125.00
0.296580	124.00
0.296600	124.00
0.296620	124.00
0.296640	124.00
0.296660	124.00
0.296680	124.00
0.296700	123.00
0.296720	123.00
0.296740	123.00
0.296760	123.00
0.296780	123.00
0.296800	123.00
0.296820	123.00
0.296840	124.00
0.296860	125.00
0.296880	127.00
0.296900	127.00
0.296920	127.00
0.296940	126.00
0.296960	127.00
0.296980	127.00
0.297000	127.00
0.297020	126.00
0.297040	124.00
0.297060	124.00
0.297080	124.00
0.297100	126.00
0.297120	127.00
0.297140	128.00
0.297160	127.00
0.297180	127.00
0.297200	126.00
0.297220	126.00
0.297240	126.00
0.297260	126.00
0.297280	126.00
0.297300	125.00
0.297320	123.00
0.297340	123.00
0.297360	123.00
0.297380	123.00
0.297400	124.00
0.297420	125.00
0.297440	125.00
0.297460	125.00
0.297480	125.00
0.297500	125.00
0.297520	125.00
0.297540	124.00
0.297560	123.00
0.297580	122.00
0.297600	122.00
0.297620	123.00
0.297640	123.00
0.297660	125.00
0.297680	126.00
0.297700	127.00
0.297720	127.00
0.297740	126.00
0.297760	125.00
0.297780	124.00
0.297800	123.00
0.297820	123.00
0.297840	123.00
0.297860	125.00
0.297880	127.00
0.297900	127.00
0.297920	127.00
0.297940	126.00
0.297960	125.00
0.297980	125.00
0.298000	125.00
0.298020	125.00
0.298040	125.00
0.298060	125.00
0.298080	124.00
0.298100	124.00
0.298120	124.00
0.298140	124.00
0.298160	124.00
0.298180	124.00
0.298200	124.00
0.298220	125.00
0.298240	125.00
0.298260	125.00
0.298280	124.00
0.298300	123.00
0.298320	123.00
0.298340	124.00
0.298360	125.00
0.298380	126.00
0.298400	127.00
0.298420	127.00
0.298440	128.00
0.298460	127.00
0.298480	126.00
0.298500	125.00
0.298520	124.00
0.298540	123.00
0.298560	124.00
0.298580	123.00
0.298600	123.00
0.298620	123.00
0.298640	123.00
0.298660	124.00
0.298680	125.00
0.298700	125.00
0.298720	126.00
0.298740	126.00
0.298760	125.00
0.298780	125.00
0.298800	125.00
0.298820	125.00
0.298840	125.00
0.298860	125.00
0.298880	125.00
0.298900	124.00
0.298920	124.00
0.298940	125.00
0.298960	126.00
0.298980	127.00
0.299000	126.00
0.299020	125.00
0.299040	124.00
0.299060	124.00
0.299080	124.00
0.299100	125.00
0.299120	126.00
0.299140	127.00
0.299160	128.00
0.299180	128.00
0.299200	128.00
0.299220	128.00
0.299240	127.00
0.299260	126.00
0.299280	124.00
0.299300	123.00
0.299320	123.00
0.299340	125.00
0.299360	126.00
0.299380	127.00
0.299400	126.00
0.299420	126.00
0.299440	126.00
0.299460	126.00
0.299480	126.00
0.299500	125.00
0.299520	124.00
0.299540	123.00
0.299560	124.00
0.299580	125.00
0.299600	125.00
0.299620	124.00
0.299640	124.00
0.299660	125.00
0.299680	126.00
0.299700	126.00
0.299720	126.00
0.299740	126.00
0.299760	127.00
0.299780	126.00
0.299800	125.00
0.299820	123.00
0.299840	122.00
0.299860	121.00
0.299880	122.00
0.299900	123.00
0.299920	124.00
0.299940	126.00
0.299960	127.00
0.299980	129.00
0.300000	130.00
0.300020	129.00
0.300040	128.00
0.300060	125.00
0.300080	123.00
0.300100	122.00
0.300120	121.00
0.300140	122.00
0.300160	123.00
0.300180	125.00
0.300200	126.00
0.300220	127.00
0.300240	129.00
0.300260	129.00
0.300280	129.00
0.300300	128.00
0.300320	125.00
0.300340	123.00
0.300360	121.00
0.300380	121.00
0.300400	122.00
0.300420	122.00
0.300440	122.00
0.300460	122.00
0.300480	122.00
0.300500	123.00
0.300520	124.00
0.300540	125.00
0.300560	127.00
0.300580	127.00
0.300600	127.00
0.300620	125.00
0.300640	123.00
0.300660	122.00
0.300680	121.00
0.300700	121.00
0.300720	121.00
0.300740	123.00
0.300760	125.00
0.300780	128.00
0.300800	129.00
0.300820	128.00
0.300840	126.00
0.300860	123.00
0.300880	123.00
0.300900	123.00
0.300920	124.00
0.300940	125.00
0.300960	125.00
0.300980	126.00
0.301000	126.00
0.301020	126.00
0.301040	127.00
0.301060	129.00
0.301080	130.00
0.301100	129.00
0.301120	128.00
0.301140	126.00
0.301160	125.00
0.301180	124.00
0.301200	124.00
0.301220	125.00
0.301240	125.00
0.301260	125.00
0.301280	125.00
0.301300	125.00
0.301320	126.00
0.301340	126.00
0.301360	126.00
0.301380	126.00
0.301400	125.00
0.301420	123.00
0.301440	122.00
0.301460	123.00
0.301480	124.00
0.301500	124.00
0.301520	124.00
0.301540	124.00
0.301560	123.00
0.301580	123.00
0.301600	124.00
0.301620	125.00
0.301640	125.00
0.301660	125.00
0.301680	125.00
0.301700	125.00
0.301720	124.00
0.301740	124.00
0.301760	124.00
0.301780	124.00
0.301800	125.00
0.301820	125.00
0.301840	126.00
0.301860	127.00
0.301880	127.00
0.301900	128.00
0.301920	127.00
0.301940	126.00
0.301960	125.00
0.301980	124.00
0.302000	123.00
0.302020	124.00
0.302040	124.00
0.302060	124.00
0.302080	124.00
0.302100	123.00
0.302120	123.00
0.302140	124.00
0.302160	125.00
0.302180	126.00
0.302200	127.00
0.302220	127.00
0.302240	127.00
0.302260	126.00
0.302280	126.00
0.302300	125.00
0.302320	124.00
0.302340	124.00
0.302360	125.00
0.302380	126.00
0.302400	126.00
0.302420	124.00
0.302440	123.00
0.302460	122.00
0.302480	123.00
0.302500	124.00
0.302520	126.00
0.302540	126.00
0.302560	127.00
0.302580	126.00
0.302600	126.00
0.302620	125.00
0.302640	124.00
0.302660	124.00
0.302680	124.00
0.302700	125.00
0.302720	125.00
0.302740	124.00
0.302760	124.00
0.302780	125.00
0.302800	125.00
0.302820	125.00
0.302840	124.00
0.302860	125.00
0.302880	125.00
0.302900	126.00
0.302920	127.00
0.302940	127.00
0.302960	126.00
0.302980	126.00
0.303000	126.00
0.303020	125.00
0.303040	125.00
0.303060	125.00
0.303080	125.00
0.303100	125.00
0.303120	125.00
0.303140	125.00
0.303160	125.00
0.303180	126.00
0.303200	127.00
0.303220	128.00
0.303240	127.00
0.303260	125.00
0.303280	124.00
0.303300	124.00
0.303320	124.00
0.303340	125.00
0.303360	125.00
0.303380	125.00
0.303400	125.00
0.303420	126.00
0.303440	126.00
0.303460	126.00
0.303480	124.00
0.303500	123.00
0.303520	123.00
0.303540	124.00
0.303560	125.00
0.303580	126.00
0.303600	127.00
0.303620	127.00
0.303640	127.00
0.303660	126.00
0.303680	125.00
0.303700	123.00
0.303720	121.00
0.303740	122.00
0.303760	123.00
0.303780	125.00
0.303800	126.00
0.303820	127.00
0.303840	127.00
0.303860	127.00
0.303880	127.00
0.303900	126.00
0.303920	126.00
0.303940	126.00
0.303960	127.00
0.303980	127.00
0.304000	127.00
0.304020	127.00
0.304040	126.00
0.304060	127.00
0.304080	127.00
0.304100	126.00
0.304120	125.00
0.304140	123.00
0.304160	121.00
0.304180	121.00
0.304200	122.00
0.304220	123.00
0.304240	124.00
0.304260	125.00
0.304280	126.00
0.304300	126.00
0.304320	126.00
0.304340	126.00
0.304360	125.00
0.304380	124.00
0.304400	122.00
0.304420	122.00
0.304440	122.00
0.304460	123.00
0.304480	125.00
0.304500	126.00
0.304520	127.00
0.304540	126.00
0.304560	125.00
0.304580	124.00
0.304600	124.00
0.304620	124.00
0.304640	124.00
0.304660	125.00
0.304680	125.00
0.304700	125.00
0.304720	125.00
0.304740	125.00
0.304760	125.00
0.304780	126.00
0.304800	126.00
0.304820	127.00
0.304840	126.00
0.304860	126.00
0.304880	125.00
0.304900	125.00
0.304920	126.00
0.304940	126.00
0.304960	127.00
0.304980	127.00
0.305000	128.00
0.305020	127.00
0.305040	127.00
0.305060	126.00
0.305080	125.00
0.305100	124.00
0.305120	124.00
0.305140	124.00
0.305160	124.00
0.305180	124.00
0.305200	124.00
0.305220	125.00
0.305240	125.00
0.305260	125.00
0.305280	125.00
0.305300	124.00
0.305320	122.00
0.305340	121.00
0.305360	121.00
0.305380	121.00
0.305400	121.00
0.305420	122.00
0.305440	122.00
0.305460	122.00
0.305480	123.00
0.305500	123.00
0.305520	124.00
0.305540	125.00
0.305560	126.00
0.305580	126.00
0.305600	126.00
0.305620	125.00
0.305640	124.00
0.305660	123.00
0.305680	124.00
0.305700	124.00
0.305720	125.00
0.305740	125.00
0.305760	125.00
0.305780	125.00
0.305800	126.00
0.305820	127.00
0.305840	127.00
0.305860	126.00
0.305880	126.00
0.305900	125.00
0.305920	125.00
0.305940	125.00
0.305960	125.00
0.305980	125.00
0.306000	125.00
0.306020	124.00
0.306040	124.00
0.306060	124.00
0.306080	124.00
0.306100	124.00
0.306120	124.00
0.306140	124.00
0.306160	125.00
0.306180	126.00
0.306200	126.00
0.306220	126.00
0.306240	126.00
0.306260	126.00
0.306280	125.00
0.306300	124.00
0.306320	124.00
0.306340	123.00
0.306360	124.00
0.306380	124.00
0.306400	124.00
0.306420	124.00
0.306440	124.00
0.306460	125.00
0.306480	126.00
0.306500	126.00
0.306520	127.00
0.306540	126.00
0.306560	126.00
0.306580	126.00
0.306600	125.00
0.306620	124.00
0.306640	124.00
0.306660	124.00
0.306680	124.00
0.306700	125.00
0.306720	125.00
0.306740	125.00
0.306760	124.00
0.306780	123.00
0.306800	123.00
0.306820	123.00
0.306840	124.00
0.306860	125.00
0.306880	127.00
0.306900	127.00
0.306920	128.00
0.306940	127.00
0.306960	126.00
0.306980	125.00
0.307000	125.00
0.307020	125.00
0.307040	126.00
0.307060	128.00
0.307080	128.00
0.307100	128.00
0.307120	126.00
0.307140	125.00
0.307160	125.00
0.307180	125.00
0.307200	125.00
0.307220	123.00
0.307240	121.00
0.307260	120.00
0.307280	121.00
0.307300	123.00
0.307320	125.00
0.307340	125.00
0.307360	125.00
0.307380	125.00
0.307400	125.00
0.307420	125.00
0.307440	124.00
0.307460	124.00
0.307480	124.00
0.307500	125.00
0.307520	126.00
0.307540	127.00
0.307560	126.00
0.307580	125.00
0.307600	125.00
0.307620	125.00
0.307640	125.00
0.307660	125.00
0.307680	124.00
0.307700	125.00
0.307720	126.00
0.307740	127.00
0.307760	127.00
0.307780	125.00
0.307800	124.00
0.307820	125.00
0.307840	126.00
0.307860	127.00
0.307880	127.00
0.307900	126.00
0.307920	126.00
0.307940	126.00
0.307960	126.00
0.307980	126.00
0.308000	124.00
0.308020	123.00
0.308040	123.00
0.308060	124.00
0.308080	125.00
0.308100	125.00
0.308120	125.00
0.308140	126.00
0.308160	127.00
0.308180	127.00
0.308200	126.00
0.308220	124.00
0.308240	124.00
0.308260	124.00
0.308280	124.00
0.308300	123.00
0.308320	122.00
0.308340	122.00
0.308360	124.00
0.308380	125.00
0.308400	126.00
0.308420	126.00
0.308440	125.00
0.308460	126.00
0.308480	127.00
0.308500	127.00
0.308520	128.00
0.308540	127.00
0.308560	127.00
0.308580	127.00
0.308600	127.00
0.308620	125.00
0.308640	123.00
0.308660	122.00
0.308680	122.00
0.308700	123.00
0.308720	124.00
0.308740	125.00
0.308760	126.00
0.308780	128.00
0.308800	128.00
0.308820	127.00
0.308840	126.00
0.308860	125.00
0.308880	125.00
0.308900	125.00
0.308920	125.00
0.308940	124.00
0.308960	124.00
0.308980	125.00
0.309000	125.00
0.309020	126.00
0.309040	125.00
0.309060	124.00
0.309080	123.00
0.309100	122.00
0.309120	122.00
0.309140	122.00
0.309160	122.00
0.309180	123.00
0.309200	123.00
0.309220	123.00
0.309240	124.00
0.309260	124.00
0.309280	125.00
0.309300	125.00
0.309320	125.00
0.309340	125.00
0.309360	125.00
0.309380	125.00
0.309400	126.00
0.309420	126.00
0.309440	126.00
0.309460	125.00
0.309480	124.00
0.309500	124.00
0.309520	125.00
0.309540	125.00
0.309560	125.00
0.309580	125.00
0.309600	124.00
0.309620	124.00
0.309640	125.00
0.309660	126.00
0.309680	127.00
0.309700	128.00
0.309720	127.00
0.309740	127.00
0.309760	127.00
0.309780	127.00
0.309800	127.00
0.309820	126.00
0.309840	126.00
0.309860	126.00
0.309880	126.00
0.309900	126.00
0.309920	125.00
0.309940	124.00
0.309960	122.00
0.309980	122.00
0.310000	122.00
0.310020	123.00
0.310040	124.00
0.310060	125.00
0.310080	125.00
0.310100	124.00
0.310120	124.00
0.310140	124.00
0.310160	125.00
0.310180	125.00
0.310200	124.00
0.310220	124.00
0.310240	124.00
0.310260	124.00
0.310280	125.00
0.310300	125.00
0.310320	124.00
0.310340	124.00
0.310360	125.00
0.310380	127.00
0.310400	128.00
0.310420	127.00
0.310440	125.00
0.310460	124.00
0.310480	124.00
0.310500	124.00
0.310520	124.00
0.310540	124.00
0.310560	125.00
0.310580	126.00
0.310600	127.00
0.310620	128.00
0.310640	127.00
0.310660	126.00
0.310680	125.00
0.310700	125.00
0.310720	125.00
0.310740	125.00
0.310760	125.00
0.310780	125.00
0.310800	124.00
0.310820	124.00
0.310840	124.00
0.310860	125.00
0.310880	125.00
0.310900	126.00
0.310920	126.00
0.310940	125.00
0.310960	125.00
0.310980	125.00
0.311000	124.00
0.311020	124.00
0.311040	123.00
0.311060	123.00
0.311080	124.00
0.311100	124.00
0.311120	123.00
0.311140	123.00
0.311160	123.00
0.311180	124.00
0.311200	125.00
0.311220	126.00
0.311240	125.00
0.311260	123.00
0.311280	123.00
0.311300	124.00
0.311320	125.00
0.311340	127.00
0.311360	127.00
0.311380	127.00
0.311400	127.00
0.311420	127.00
0.311440	126.00
0.311460	125.00
0.311480	125.00
0.311500	125.00
0.311520	125.00
0.311540	125.00
0.311560	125.00
0.311580	124.00
0.311600	123.00
0.311620	123.00
0.311640	123.00
0.311660	125.00
0.311680	126.00
