0.261700	101.00
0.261720	49.00
0.261740	102.00
0.261760	141.00
0.261780	144.00
0.261800	125.00
0.261820	112.00
0.261840	118.00
0.261860	131.00
0.261880	134.00
0.261900	125.00
0.261920	118.00
0.261940	120.00
0.261960	127.00
0.261980	130.00
0.262000	125.00
0.262020	122.00
0.262040	124.00
0.262060	129.00
0.262080	129.00
0.262100	125.00
0.262120	121.00
0.262140	123.00
0.262160	127.00
0.262180	127.00
0.262200	123.00
0.262220	120.00
0.262240	122.00
0.262260	126.00
0.262280	127.00
0.262300	125.00
0.262320	123.00
0.262340	125.00
0.262360	130.00
0.262380	131.00
0.262400	127.00
0.262420	124.00
0.262440	124.00
0.262460	127.00
0.262480	128.00
0.262500	126.00
0.262520	124.00
0.262540	123.00
0.262560	125.00
0.262580	126.00
0.262600	124.00
0.262620	123.00
0.262640	123.00
0.262660	125.00
0.262680	126.00
0.262700	124.00
0.262720	123.00
0.262740	124.00
0.262760	126.00
0.262780	126.00
0.262800	125.00
0.262820	123.00
0.262840	123.00
0.262860	124.00
0.262880	125.00
0.262900	125.00
0.262920	124.00
0.262940	124.00
0.262960	125.00
0.262980	126.00
0.263000	125.00
0.263020	124.00
0.263040	124.00
0.263060	125.00
0.263080	124.00
0.263100	123.00
0.263120	123.00
0.263140	125.00
0.263160	127.00
0.263180	127.00
0.263200	125.00
0.263220	125.00
0.263240	126.00
0.263260	127.00
0.263280	127.00
0.263300	125.00
0.263320	124.00
0.263340	125.00
0.263360	127.00
0.263380	127.00
0.263400	126.00
0.263420	124.00
0.263440	123.00
0.263460	124.00
0.263480	124.00
0.263500	124.00
0.263520	124.00
0.263540	125.00
0.263560	125.00
0.263580	125.00
0.263600	123.00
0.263620	122.00
0.263640	124.00
0.263660	126.00
0.263680	127.00
0.263700	126.00
0.263720	124.00
0.263740	123.00
0.263760	125.00
0.263780	125.00
0.263800	125.00
0.263820	124.00
0.263840	125.00
0.263860	126.00
0.263880	126.00
0.263900	126.00
0.263920	125.00
0.263940	124.00
0.263960	125.00
0.263980	126.00
0.264000	126.00
0.264020	125.00
0.264040	125.00
0.264060	126.00
0.264080	126.00
0.264100	126.00
0.264120	125.00
0.264140	126.00
0.264160	127.00
0.264180	128.00
0.264200	127.00
0.264220	126.00
0.264240	125.00
0.264260	125.00
0.264280	125.00
0.264300	125.00
0.264320	124.00
0.264340	124.00
0.264360	125.00
0.264380	126.00
0.264400	126.00
0.264420	126.00
0.264440	127.00
0.264460	128.00
0.264480	128.00
0.264500	126.00
0.264520	124.00
0.264540	123.00
0.264560	123.00
0.264580	125.00
0.264600	126.00
0.264620	126.00
0.264640	126.00
0.264660	126.00
0.264680	125.00
0.264700	125.00
0.264720	125.00
0.264740	125.00
0.264760	125.00
0.264780	123.00
0.264800	122.00
0.264820	122.00
0.264840	123.00
0.264860	124.00
0.264880	125.00
0.264900	124.00
0.264920	124.00
0.264940	125.00
0.264960	126.00
0.264980	126.00
0.265000	125.00
0.265020	124.00
0.265040	124.00
0.265060	125.00
0.265080	124.00
0.265100	123.00
0.265120	122.00
0.265140	122.00
0.265160	124.00
0.265180	125.00
0.265200	125.00
0.265220	125.00
0.265240	125.00
0.265260	125.00
0.265280	125.00
0.265300	126.00
0.265320	126.00
0.265340	127.00
0.265360	128.00
0.265380	128.00
0.265400	127.00
0.265420	125.00
0.265440	125.00
0.265460	126.00
0.265480	127.00
0.265500	126.00
0.265520	125.00
0.265540	123.00
0.265560	123.00
0.265580	123.00
0.265600	123.00
0.265620	123.00
0.265640	124.00
0.265660	125.00
0.265680	125.00
0.265700	124.00
0.265720	123.00
0.265740	123.00
0.265760	124.00
0.265780	125.00
0.265800	125.00
0.265820	124.00
0.265840	124.00
0.265860	125.00
0.265880	125.00
0.265900	126.00
0.265920	125.00
0.265940	124.00
0.265960	123.00
0.265980	124.00
0.266000	125.00
0.266020	126.00
0.266040	127.00
0.266060	127.00
0.266080	127.00
0.266100	127.00
0.266120	127.00
0.266140	127.00
0.266160	127.00
0.266180	126.00
0.266200	125.00
0.266220	124.00
0.266240	123.00
0.266260	124.00
0.266280	125.00
0.266300	126.00
0.266320	126.00
0.266340	127.00
0.266360	127.00
0.266380	126.00
0.266400	126.00
0.266420	125.00
0.266440	124.00
0.266460	124.00
0.266480	125.00
0.266500	125.00
0.266520	126.00
0.266540	126.00
0.266560	126.00
0.266580	125.00
0.266600	123.00
0.266620	123.00
0.266640	122.00
0.266660	122.00
0.266680	122.00
0.266700	122.00
0.266720	124.00
0.266740	125.00
0.266760	126.00
0.266780	126.00
0.266800	125.00
0.266820	124.00
0.266840	125.00
0.266860	125.00
0.266880	125.00
0.266900	124.00
0.266920	123.00
0.266940	123.00
0.266960	124.00
0.266980	124.00
0.267000	125.00
0.267020	125.00
0.267040	126.00
0.267060	128.00
0.267080	128.00
0.267100	127.00
0.267120	126.00
0.267140	126.00
0.267160	126.00
0.267180	126.00
0.267200	126.00
0.267220	125.00
0.267240	125.00
0.267260	125.00
0.267280	125.00
0.267300	125.00
0.267320	125.00
0.267340	124.00
0.267360	124.00
0.267380	124.00
0.267400	124.00
0.267420	125.00
0.267440	125.00
0.267460	125.00
0.267480	125.00
0.267500	124.00
0.267520	123.00
0.267540	124.00
0.267560	125.00
0.267580	125.00
0.267600	125.00
0.267620	124.00
0.267640	123.00
0.267660	122.00
0.267680	122.00
0.267700	123.00
0.267720	125.00
0.267740	127.00
0.267760	128.00
0.267780	128.00
0.267800	128.00
0.267820	127.00
0.267840	127.00
0.267860	127.00
0.267880	126.00
0.267900	125.00
0.267920	124.00
0.267940	124.00
0.267960	125.00
0.267980	125.00
0.268000	126.00
0.268020	126.00
0.268040	126.00
0.268060	127.00
0.268080	127.00
0.268100	127.00
0.268120	127.00
0.268140	127.00
0.268160	126.00
0.268180	125.00
0.268200	124.00
0.268220	124.00
0.268240	125.00
0.268260	126.00
0.268280	126.00
0.268300	125.00
0.268320	124.00
0.268340	125.00
0.268360	125.00
0.268380	126.00
0.268400	125.00
0.268420	124.00
0.268440	124.00
0.268460	125.00
0.268480	126.00
0.268500	126.00
0.268520	125.00
0.268540	124.00
0.268560	124.00
0.268580	124.00
0.268600	124.00
0.268620	124.00
0.268640	124.00
0.268660	124.00
0.268680	124.00
0.268700	124.00
0.268720	124.00
0.268740	125.00
0.268760	126.00
0.268780	126.00
0.268800	126.00
0.268820	125.00
0.268840	124.00
0.268860	124.00
0.268880	125.00
0.268900	125.00
0.268920	125.00
0.268940	125.00
0.268960	125.00
0.268980	126.00
0.269000	126.00
0.269020	126.00
0.269040	126.00
0.269060	126.00
0.269080	127.00
0.269100	127.00
0.269120	128.00
0.269140	127.00
0.269160	126.00
0.269180	126.00
0.269200	125.00
0.269220	126.00
0.269240	127.00
0.269260	127.00
0.269280	127.00
0.269300	126.00
0.269320	124.00
0.269340	124.00
0.269360	123.00
0.269380	123.00
0.269400	123.00
0.269420	123.00
0.269440	124.00
0.269460	125.00
0.269480	126.00
0.269500	125.00
0.269520	125.00
0.269540	125.00
0.269560	126.00
0.269580	126.00
0.269600	125.00
0.269620	125.00
0.269640	125.00
0.269660	125.00
0.269680	125.00
0.269700	125.00
0.269720	125.00
0.269740	126.00
0.269760	127.00
0.269780	126.00
0.269800	125.00
0.269820	124.00
0.269840	124.00
0.269860	125.00
0.269880	125.00
0.269900	125.00
0.269920	124.00
0.269940	125.00
0.269960	127.00
0.269980	128.00
0.270000	127.00
0.270020	127.00
0.270040	126.00
0.270060	126.00
0.270080	126.00
0.270100	125.00
0.270120	123.00
0.270140	122.00
0.270160	123.00
0.270180	124.00
0.270200	125.00
0.270220	124.00
0.270240	123.00
0.270260	123.00
0.270280	123.00
0.270300	124.00
0.270320	124.00
0.270340	125.00
0.270360	126.00
0.270380	125.00
0.270400	124.00
0.270420	122.00
0.270440	122.00
0.270460	123.00
0.270480	124.00
0.270500	125.00
0.270520	125.00
0.270540	125.00
0.270560	125.00
0.270580	125.00
0.270600	124.00
0.270620	123.00
0.270640	123.00
0.270660	123.00
0.270680	124.00
0.270700	124.00
0.270720	125.00
0.270740	125.00
0.270760	126.00
0.270780	127.00
0.270800	126.00
0.270820	125.00
0.270840	125.00
0.270860	125.00
0.270880	125.00
0.270900	124.00
0.270920	123.00
0.270940	122.00
0.270960	123.00
0.270980	124.00
0.271000	124.00
0.271020	125.00
0.271040	126.00
0.271060	127.00
0.271080	127.00
0.271100	127.00
0.271120	126.00
0.271140	126.00
0.271160	126.00
0.271180	127.00
0.271200	127.00
0.271220	126.00
0.271240	126.00
0.271260	126.00
0.271280	127.00
0.271300	127.00
0.271320	126.00
0.271340	125.00
0.271360	125.00
0.271380	126.00
0.271400	126.00
0.271420	125.00
0.271440	124.00
0.271460	123.00
0.271480	123.00
0.271500	122.00
0.271520	121.00
0.271540	121.00
0.271560	121.00
0.271580	123.00
0.271600	125.00
0.271620	127.00
0.271640	128.00
0.271660	128.00
0.271680	129.00
0.271700	128.00
0.271720	126.00
0.271740	124.00
0.271760	122.00
0.271780	122.00
0.271800	123.00
0.271820	124.00
0.271840	125.00
0.271860	127.00
0.271880	127.00
0.271900	128.00
0.271920	127.00
0.271940	126.00
0.271960	125.00
0.271980	126.00
0.272000	127.00
0.272020	128.00
0.272040	127.00
0.272060	126.00
0.272080	125.00
0.272100	125.00
0.272120	125.00
0.272140	124.00
0.272160	123.00
0.272180	122.00
0.272200	122.00
0.272220	123.00
0.272240	124.00
0.272260	126.00
0.272280	126.00
0.272300	126.00
0.272320	126.00
0.272340	126.00
0.272360	125.00
0.272380	125.00
0.272400	124.00
0.272420	123.00
0.272440	122.00
0.272460	122.00
0.272480	123.00
0.272500	125.00
0.272520	126.00
0.272540	126.00
0.272560	126.00
0.272580	126.00
0.272600	127.00
0.272620	127.00
0.272640	128.00
0.272660	128.00
0.272680	127.00
0.272700	126.00
0.272720	126.00
0.272740	125.00
0.272760	124.00
0.272780	124.00
0.272800	123.00
0.272820	123.00
0.272840	123.00
0.272860	123.00
0.272880	123.00
0.272900	124.00
0.272920	125.00
0.272940	125.00
0.272960	126.00
0.272980	125.00
0.273000	125.00
0.273020	124.00
0.273040	124.00
0.273060	124.00
0.273080	124.00
0.273100	123.00
0.273120	123.00
0.273140	123.00
0.273160	124.00
0.273180	125.00
0.273200	126.00
0.273220	126.00
0.273240	126.00
0.273260	125.00
0.273280	125.00
0.273300	124.00
0.273320	124.00
0.273340	123.00
0.273360	122.00
0.273380	122.00
0.273400	122.00
0.273420	123.00
0.273440	124.00
0.273460	125.00
0.273480	125.00
0.273500	126.00
0.273520	127.00
0.273540	127.00
0.273560	127.00
0.273580	127.00
0.273600	126.00
0.273620	125.00
0.273640	124.00
0.273660	124.00
0.273680	125.00
0.273700	126.00
0.273720	128.00
0.273740	129.00
0.273760	129.00
0.273780	127.00
0.273800	126.00
0.273820	125.00
0.273840	125.00
0.273860	126.00
0.273880	127.00
0.273900	127.00
0.273920	126.00
0.273940	125.00
0.273960	124.00
0.273980	125.00
0.274000	126.00
0.274020	127.00
0.274040	127.00
0.274060	125.00
0.274080	124.00
0.274100	123.00
0.274120	123.00
0.274140	125.00
0.274160	125.00
0.274180	125.00
0.274200	124.00
0.274220	123.00
0.274240	123.00
0.274260	123.00
0.274280	124.00
0.274300	123.00
0.274320	122.00
0.274340	121.00
0.274360	122.00
0.274380	123.00
0.274400	124.00
0.274420	125.00
0.274440	124.00
0.274460	124.00
0.274480	125.00
0.274500	126.00
0.274520	126.00
0.274540	126.00
0.274560	125.00
0.274580	125.00
0.274600	126.00
0.274620	126.00
0.274640	126.00
0.274660	126.00
0.274680	126.00
0.274700	127.00
0.274720	127.00
0.274740	127.00
0.274760	126.00
0.274780	125.00
0.274800	125.00
0.274820	126.00
0.274840	127.00
0.274860	127.00
0.274880	128.00
0.274900	128.00
0.274920	127.00
0.274940	126.00
0.274960	124.00
0.274980	123.00
0.275000	123.00
0.275020	123.00
0.275040	124.00
0.275060	125.00
0.275080	127.00
0.275100	128.00
0.275120	128.00
0.275140	128.00
0.275160	126.00
0.275180	123.00
0.275200	121.00
0.275220	121.00
0.275240	122.00
0.275260	125.00
0.275280	128.00
0.275300	130.00
0.275320	130.00
0.275340	127.00
0.275360	122.00
0.275380	116.00
0.275400	111.00
0.275420	110.00
0.275440	115.00
0.275460	123.00
0.275480	131.00
0.275500	137.00
0.275520	139.00
0.275540	136.00
0.275560	130.00
0.275580	121.00
0.275600	112.00
0.275620	106.00
0.275640	107.00
0.275660	114.00
0.275680	124.00
0.275700	134.00
0.275720	140.00
0.275740	140.00
0.275760	135.00
0.275780	127.00
0.275800	118.00
0.275820	111.00
0.275840	109.00
0.275860	113.00
0.275880	123.00
0.275900	135.00
0.275920	144.00
0.275940	146.00
0.275960	140.00
0.275980	130.00
0.276000	120.00
0.276020	112.00
0.276040	108.00
0.276060	110.00
0.276080	117.00
0.276100	127.00
0.276120	137.00
0.276140	142.00
0.276160	142.00
0.276180	136.00
0.276200	129.00
0.276220	121.00
0.276240	116.00
0.276260	112.00
0.276280	110.00
0.276300	110.00
0.276320	114.00
0.276340	121.00
0.276360	130.00
0.276380	138.00
0.276400	143.00
0.276420	143.00
0.276440	139.00
0.276460	129.00
0.276480	118.00
0.276500	108.00
0.276520	102.00
0.276540	102.00
0.276560	110.00
0.276580	121.00
0.276600	135.00
0.276620	146.00
0.276640	152.00
0.276660	152.00
0.276680	145.00
0.276700	133.00
0.276720	118.00
0.276740	105.00
0.276760	98.00
0.276780	98.00
0.276800	106.00
0.276820	119.00
0.276840	132.00
0.276860	143.00
0.276880	149.00
0.276900	148.00
0.276920	144.00
0.276940	136.00
0.276960	127.00
0.276980	117.00
0.277000	108.00
0.277020	103.00
0.277040	104.00
0.277060	111.00
0.277080	122.00
0.277100	134.00
0.277120	142.00
0.277140	145.00
0.277160	142.00
0.277180	135.00
0.277200	125.00
0.277220	116.00
0.277240	110.00
0.277260	109.00
0.277280	115.00
0.277300	123.00
0.277320	132.00
0.277340	137.00
0.277360	139.00
0.277380	135.00
0.277400	128.00
0.277420	120.00
0.277440	113.00
0.277460	108.00
0.277480	109.00
0.277500	113.00
0.277520	122.00
0.277540	131.00
0.277560	138.00
0.277580	142.00
0.277600	141.00
0.277620	136.00
0.277640	129.00
0.277660	122.00
0.277680	115.00
0.277700	110.00
0.277720	109.00
0.277740	111.00
0.277760	117.00
0.277780	125.00
0.277800	132.00
0.277820	138.00
0.277840	141.00
0.277860	141.00
0.277880	138.00
0.277900	133.00
0.277920	126.00
0.277940	119.00
0.277960	114.00
0.277980	111.00
0.278000	111.00
0.278020	113.00
0.278040	118.00
0.278060	125.00
0.278080	131.00
0.278100	135.00
0.278120	135.00
0.278140	133.00
0.278160	129.00
0.278180	124.00
0.278200	120.00
0.278220	117.00
0.278240	117.00
0.278260	120.00
0.278280	124.00
0.278300	128.00
0.278320	129.00
0.278340	127.00
0.278360	123.00
0.278380	120.00
0.278400	120.00
0.278420	123.00
0.278440	127.00
0.278460	130.00
0.278480	133.00
0.278500	134.00
0.278520	134.00
0.278540	132.00
0.278560	127.00
0.278580	122.00
0.278600	118.00
0.278620	115.00
0.278640	115.00
0.278660	118.00
0.278680	123.00
0.278700	129.00
0.278720	133.00
0.278740	135.00
0.278760	134.00
0.278780	131.00
0.278800	127.00
0.278820	124.00
0.278840	122.00
0.278860	122.00
0.278880	122.00
0.278900	122.00
0.278920	122.00
0.278940	121.00
0.278960	120.00
0.278980	121.00
0.279000	124.00
0.279020	129.00
0.279040	133.00
0.279060	135.00
0.279080	134.00
0.279100	130.00
0.279120	124.00
0.279140	117.00
0.279160	112.00
0.279180	111.00
0.279200	113.00
0.279220	117.00
0.279240	123.00
0.279260	128.00
0.279280	132.00
0.279300	134.00
0.279320	134.00
0.279340	133.00
0.279360	129.00
0.279380	125.00
0.279400	121.00
0.279420	120.00
0.279440	119.00
0.279460	118.00
0.279480	118.00
0.279500	119.00
0.279520	122.00
0.279540	125.00
0.279560	129.00
0.279580	133.00
0.279600	135.00
0.279620	136.00
0.279640	133.00
0.279660	129.00
0.279680	123.00
0.279700	118.00
0.279720	116.00
0.279740	116.00
0.279760	119.00
0.279780	123.00
0.279800	128.00
0.279820	132.00
0.279840	134.00
0.279860	132.00
0.279880	128.00
0.279900	123.00
0.279920	120.00
0.279940	120.00
0.279960	121.00
0.279980	122.00
0.280000	124.00
0.280020	126.00
0.280040	128.00
0.280060	129.00
0.280080	127.00
0.280100	124.00
0.280120	121.00
0.280140	119.00
0.280160	119.00
0.280180	120.00
0.280200	121.00
0.280220	124.00
0.280240	127.00
0.280260	131.00
0.280280	132.00
0.280300	131.00
0.280320	128.00
0.280340	124.00
0.280360	121.00
0.280380	119.00
0.280400	118.00
0.280420	120.00
0.280440	123.00
0.280460	128.00
0.280480	131.00
0.280500	133.00
0.280520	132.00
0.280540	129.00
0.280560	126.00
0.280580	124.00
0.280600	123.00
0.280620	123.00
0.280640	123.00
0.280660	124.00
0.280680	124.00
0.280700	125.00
0.280720	126.00
0.280740	127.00
0.280760	129.00
0.280780	130.00
0.280800	129.00
0.280820	128.00
0.280840	127.00
0.280860	125.00
0.280880	123.00
0.280900	122.00
0.280920	122.00
0.280940	124.00
0.280960	126.00
0.280980	128.00
0.281000	128.00
0.281020	127.00
0.281040	125.00
0.281060	123.00
0.281080	122.00
0.281100	122.00
0.281120	123.00
0.281140	124.00
0.281160	127.00
0.281180	129.00
0.281200	129.00
0.281220	128.00
0.281240	125.00
0.281260	122.00
0.281280	119.00
0.281300	118.00
0.281320	120.00
0.281340	124.00
0.281360	129.00
0.281380	133.00
0.281400	133.00
0.281420	131.00
0.281440	126.00
0.281460	122.00
0.281480	119.00
0.281500	119.00
0.281520	122.00
0.281540	126.00
0.281560	130.00
0.281580	130.00
0.281600	129.00
0.281620	125.00
0.281640	122.00
0.281660	120.00
0.281680	119.00
0.281700	120.00
0.281720	121.00
0.281740	125.00
0.281760	129.00
0.281780	133.00
0.281800	134.00
0.281820	133.00
0.281840	129.00
0.281860	124.00
0.281880	120.00
0.281900	116.00
0.281920	115.00
0.281940	116.00
0.281960	119.00
0.281980	123.00
0.282000	127.00
0.282020	129.00
0.282040	131.00
0.282060	130.00
0.282080	128.00
0.282100	124.00
0.282120	119.00
0.282140	116.00
0.282160	115.00
0.282180	117.00
0.282200	121.00
0.282220	125.00
0.282240	128.00
0.282260	131.00
0.282280	133.00
0.282300	132.00
0.282320	130.00
0.282340	127.00
0.282360	124.00
0.282380	123.00
0.282400	123.00
0.282420	124.00
0.282440	124.00
0.282460	124.00
0.282480	125.00
0.282500	127.00
0.282520	129.00
0.282540	130.00
0.282560	130.00
0.282580	129.00
0.282600	128.00
0.282620	127.00
0.282640	126.00
0.282660	125.00
0.282680	125.00
0.282700	124.00
0.282720	124.00
0.282740	125.00
0.282760	126.00
0.282780	127.00
0.282800	127.00
0.282820	127.00
0.282840	127.00
0.282860	127.00
0.282880	126.00
0.282900	123.00
0.282920	120.00
0.282940	117.00
0.282960	115.00
0.282980	116.00
0.283000	118.00
0.283020	120.00
0.283040	124.00
0.283060	128.00
0.283080	131.00
0.283100	132.00
0.283120	131.00
0.283140	127.00
0.283160	122.00
0.283180	118.00
0.283200	116.00
0.283220	117.00
0.283240	121.00
0.283260	126.00
0.283280	132.00
0.283300	135.00
0.283320	136.00
0.283340	133.00
0.283360	128.00
0.283380	124.00
0.283400	120.00
0.283420	118.00
0.283440	117.00
0.283460	117.00
0.283480	119.00
0.283500	124.00
0.283520	129.00
0.283540	133.00
0.283560	135.00
0.283580	134.00
0.283600	132.00
0.283620	129.00
0.283640	125.00
0.283660	122.00
0.283680	120.00
0.283700	119.00
0.283720	119.00
0.283740	120.00
0.283760	123.00
0.283780	126.00
0.283800	129.00
0.283820	131.00
0.283840	131.00
0.283860	129.00
0.283880	126.00
0.283900	123.00
0.283920	120.00
0.283940	117.00
0.283960	116.00
0.283980	118.00
0.284000	121.00
0.284020	125.00
0.284040	129.00
0.284060	130.00
0.284080	130.00
0.284100	129.00
0.284120	127.00
0.284140	125.00
0.284160	123.00
0.284180	121.00
0.284200	120.00
0.284220	121.00
0.284240	124.00
0.284260	127.00
0.284280	129.00
0.284300	130.00
0.284320	130.00
0.284340	128.00
0.284360	125.00
0.284380	122.00
0.284400	120.00
0.284420	120.00
0.284440	121.00
0.284460	124.00
0.284480	126.00
0.284500	129.00
0.284520	130.00
0.284540	130.00
0.284560	129.00
0.284580	127.00
0.284600	125.00
0.284620	123.00
0.284640	122.00
0.284660	121.00
0.284680	121.00
0.284700	122.00
0.284720	124.00
0.284740	126.00
0.284760	128.00
0.284780	129.00
0.284800	130.00
0.284820	130.00
0.284840	129.00
0.284860	127.00
0.284880	123.00
0.284900	119.00
0.284920	116.00
0.284940	116.00
0.284960	118.00
0.284980	123.00
0.285000	128.00
0.285020	131.00
0.285040	133.00
0.285060	131.00
0.285080	128.00
0.285100	123.00
0.285120	119.00
0.285140	118.00
0.285160	119.00
0.285180	122.00
0.285200	125.00
0.285220	128.00
0.285240	129.00
0.285260	129.00
0.285280	127.00
0.285300	126.00
0.285320	124.00
0.285340	123.00
0.285360	122.00
0.285380	122.00
0.285400	122.00
0.285420	123.00
0.285440	124.00
0.285460	125.00
0.285480	126.00
0.285500	127.00
0.285520	126.00
0.285540	125.00
0.285560	124.00
0.285580	123.00
0.285600	123.00
0.285620	123.00
0.285640	124.00
0.285660	125.00
0.285680	125.00
0.285700	125.00
0.285720	125.00
0.285740	124.00
0.285760	124.00
0.285780	123.00
0.285800	124.00
0.285820	125.00
0.285840	127.00
0.285860	129.00
0.285880	128.00
0.285900	126.00
0.285920	122.00
0.285940	119.00
0.285960	117.00
0.285980	118.00
0.286000	120.00
0.286020	123.00
0.286040	127.00
0.286060	131.00
0.286080	133.00
0.286100	132.00
0.286120	130.00
0.286140	126.00
0.286160	123.00
0.286180	120.00
0.286200	119.00
0.286220	120.00
0.286240	122.00
0.286260	126.00
0.286280	128.00
0.286300	130.00
0.286320	131.00
0.286340	130.00
0.286360	129.00
0.286380	127.00
0.286400	124.00
0.286420	122.00
0.286440	121.00
0.286460	122.00
0.286480	124.00
0.286500	126.00
0.286520	127.00
0.286540	128.00
0.286560	128.00
0.286580	128.00
0.286600	127.00
0.286620	126.00
0.286640	126.00
0.286660	126.00
0.286680	126.00
0.286700	125.00
0.286720	124.00
0.286740	124.00
0.286760	125.00
0.286780	126.00
0.286800	126.00
0.286820	125.00
0.286840	124.00
0.286860	123.00
0.286880	123.00
0.286900	123.00
0.286920	123.00
0.286940	123.00
0.286960	123.00
0.286980	124.00
0.287000	125.00
0.287020	126.00
0.287040	127.00
0.287060	126.00
0.287080	125.00
0.287100	124.00
0.287120	123.00
0.287140	123.00
0.287160	124.00
0.287180	125.00
0.287200	126.00
0.287220	127.00
0.287240	128.00
0.287260	129.00
0.287280	129.00
0.287300	128.00
0.287320	126.00
0.287340	124.00
0.287360	123.00
0.287380	123.00
0.287400	125.00
0.287420	127.00
0.287440	129.00
0.287460	130.00
0.287480	131.00
0.287500	130.00
0.287520	129.00
0.287540	126.00
0.287560	123.00
0.287580	121.00
0.287600	120.00
0.287620	121.00
0.287640	122.00
0.287660	123.00
0.287680	125.00
0.287700	126.00
0.287720	126.00
0.287740	125.00
0.287760	124.00
0.287780	122.00
0.287800	121.00
0.287820	121.00
0.287840	121.00
0.287860	121.00
0.287880	122.00
0.287900	122.00
0.287920	123.00
0.287940	124.00
0.287960	125.00
0.287980	125.00
0.288000	124.00
0.288020	124.00
0.288040	124.00
0.288060	125.00
0.288080	126.00
0.288100	127.00
0.288120	128.00
0.288140	127.00
0.288160	127.00
0.288180	127.00
0.288200	127.00
0.288220	128.00
0.288240	128.00
0.288260	128.00
0.288280	127.00
0.288300	125.00
0.288320	123.00
0.288340	122.00
0.288360	122.00
0.288380	124.00
0.288400	127.00
0.288420	129.00
0.288440	130.00
0.288460	131.00
0.288480	130.00
0.288500	129.00
0.288520	126.00
0.288540	123.00
0.288560	121.00
0.288580	120.00
0.288600	121.00
0.288620	124.00
0.288640	127.00
0.288660	129.00
0.288680	129.00
0.288700	128.00
0.288720	126.00
0.288740	124.00
0.288760	123.00
0.288780	122.00
0.288800	120.00
0.288820	119.00
0.288840	119.00
0.288860	120.00
0.288880	122.00
0.288900	124.00
0.288920	126.00
0.288940	128.00
0.288960	129.00
0.288980	129.00
0.289000	128.00
0.289020	126.00
0.289040	124.00
0.289060	123.00
0.289080	121.00
0.289100	121.00
0.289120	122.00
0.289140	124.00
0.289160	126.00
0.289180	128.00
0.289200	128.00
0.289220	128.00
0.289240	128.00
0.289260	128.00
0.289280	127.00
0.289300	125.00
0.289320	123.00
0.289340	120.00
0.289360	120.00
0.289380	121.00
0.289400	124.00
0.289420	126.00
0.289440	128.00
0.289460	129.00
0.289480	130.00
0.289500	131.00
0.289520	129.00
0.289540	126.00
0.289560	123.00
0.289580	120.00
0.289600	119.00
0.289620	120.00
0.289640	122.00
0.289660	124.00
0.289680	126.00
0.289700	127.00
0.289720	128.00
0.289740	128.00
0.289760	127.00
0.289780	125.00
0.289800	123.00
0.289820	121.00
0.289840	121.00
0.289860	122.00
0.289880	123.00
0.289900	123.00
0.289920	123.00
0.289940	124.00
0.289960	126.00
0.289980	129.00
0.290000	130.00
0.290020	130.00
0.290040	129.00
0.290060	128.00
0.290080	127.00
0.290100	126.00
0.290120	124.00
0.290140	123.00
0.290160	122.00
0.290180	124.00
0.290200	125.00
0.290220	127.00
0.290240	127.00
0.290260	127.00
0.290280	127.00
0.290300	127.00
0.290320	126.00
0.290340	124.00
0.290360	123.00
0.290380	123.00
0.290400	125.00
0.290420	127.00
0.290440	129.00
0.290460	129.00
0.290480	127.00
0.290500	125.00
0.290520	122.00
0.290540	120.00
0.290560	119.00
0.290580	120.00
0.290600	122.00
0.290620	125.00
0.290640	127.00
0.290660	128.00
0.290680	128.00
0.290700	127.00
0.290720	125.00
0.290740	123.00
0.290760	121.00
0.290780	119.00
0.290800	119.00
0.290820	121.00
0.290840	124.00
0.290860	128.00
0.290880	131.00
0.290900	132.00
0.290920	130.00
0.290940	127.00
0.290960	123.00
0.290980	120.00
0.291000	119.00
0.291020	120.00
0.291040	123.00
0.291060	126.00
0.291080	128.00
0.291100	129.00
0.291120	128.00
0.291140	127.00
0.291160	125.00
0.291180	124.00
0.291200	124.00
0.291220	124.00
0.291240	126.00
0.291260	127.00
0.291280	127.00
0.291300	126.00
0.291320	124.00
0.291340	123.00
0.291360	123.00
0.291380	125.00
0.291400	128.00
0.291420	129.00
0.291440	129.00
0.291460	127.00
0.291480	124.00
0.291500	121.00
0.291520	119.00
0.291540	119.00
0.291560	119.00
0.291580	121.00
0.291600	124.00
0.291620	128.00
0.291640	131.00
0.291660	132.00
0.291680	130.00
0.291700	126.00
0.291720	122.00
0.291740	119.00
0.291760	118.00
0.291780	119.00
0.291800	121.00
0.291820	125.00
0.291840	128.00
0.291860	131.00
0.291880	132.00
0.291900	131.00
0.291920	128.00
0.291940	125.00
0.291960	122.00
0.291980	121.00
0.292000	121.00
0.292020	123.00
0.292040	127.00
0.292060	129.00
0.292080	130.00
0.292100	130.00
0.292120	128.00
0.292140	127.00
0.292160	126.00
0.292180	125.00
0.292200	124.00
0.292220	123.00
0.292240	124.00
0.292260	125.00
0.292280	126.00
0.292300	128.00
0.292320	129.00
0.292340	129.00
0.292360	129.00
0.292380	128.00
0.292400	126.00
0.292420	124.00
0.292440	122.00
0.292460	121.00
0.292480	121.00
0.292500	121.00
0.292520	122.00
0.292540	124.00
0.292560	125.00
0.292580	125.00
0.292600	124.00
0.292620	123.00
0.292640	122.00
0.292660	123.00
0.292680	124.00
0.292700	125.00
0.292720	126.00
0.292740	126.00
0.292760	127.00
0.292780	127.00
0.292800	125.00
0.292820	123.00
0.292840	121.00
0.292860	120.00
0.292880	121.00
0.292900	123.00
0.292920	124.00
0.292940	126.00
0.292960	127.00
0.292980	129.00
0.293000	130.00
0.293020	130.00
0.293040	130.00
0.293060	128.00
0.293080	127.00
0.293100	125.00
0.293120	122.00
0.293140	119.00
0.293160	118.00
0.293180	120.00
0.293200	124.00
0.293220	128.00
0.293240	131.00
0.293260	132.00
0.293280	132.00
0.293300	130.00
0.293320	129.00
0.293340	126.00
0.293360	123.00
0.293380	120.00
0.293400	119.00
0.293420	120.00
0.293440	124.00
0.293460	126.00
0.293480	128.00
0.293500	128.00
0.293520	127.00
0.293540	127.00
0.293560	125.00
0.293580	123.00
0.293600	121.00
0.293620	121.00
0.293640	121.00
0.293660	123.00
0.293680	124.00
0.293700	125.00
0.293720	124.00
0.293740	124.00
0.293760	124.00
0.293780	124.00
0.293800	124.00
0.293820	126.00
0.293840	127.00
0.293860	128.00
0.293880	128.00
0.293900	126.00
0.293920	125.00
0.293940	124.00
0.293960	124.00
0.293980	125.00
0.294000	125.00
0.294020	125.00
0.294040	125.00
0.294060	126.00
0.294080	127.00
0.294100	128.00
0.294120	127.00
0.294140	127.00
0.294160	126.00
0.294180	126.00
0.294200	125.00
0.294220	124.00
0.294240	123.00
0.294260	125.00
0.294280	127.00
0.294300	129.00
0.294320	131.00
0.294340	131.00
0.294360	130.00
0.294380	127.00
0.294400	124.00
0.294420	121.00
0.294440	119.00
0.294460	119.00
0.294480	120.00
0.294500	122.00
0.294520	124.00
0.294540	125.00
0.294560	126.00
0.294580	126.00
0.294600	126.00
0.294620	124.00
0.294640	122.00
0.294660	121.00
0.294680	121.00
0.294700	120.00
0.294720	120.00
0.294740	120.00
0.294760	120.00
0.294780	122.00
0.294800	125.00
0.294820	128.00
0.294840	131.00
0.294860	132.00
0.294880	132.00
0.294900	130.00
0.294920	128.00
0.294940	125.00
0.294960	122.00
0.294980	120.00
0.295000	118.00
0.295020	118.00
0.295040	120.00
0.295060	123.00
0.295080	127.00
0.295100	130.00
0.295120	132.00
0.295140	132.00
0.295160	131.00
0.295180	129.00
0.295200	126.00
0.295220	124.00
0.295240	123.00
0.295260	121.00
0.295280	121.00
0.295300	121.00
0.295320	121.00
0.295340	122.00
0.295360	124.00
0.295380	125.00
0.295400	126.00
0.295420	127.00
0.295440	128.00
0.295460	127.00
0.295480	125.00
0.295500	123.00
0.295520	121.00
0.295540	120.00
0.295560	119.00
0.295580	120.00
0.295600	120.00
0.295620	122.00
0.295640	123.00
0.295660	125.00
0.295680	126.00
0.295700	127.00
0.295720	128.00
0.295740	127.00
0.295760	127.00
0.295780	125.00
0.295800	124.00
0.295820	124.00
0.295840	125.00
0.295860	126.00
0.295880	127.00
0.295900	127.00
0.295920	126.00
0.295940	126.00
0.295960	126.00
0.295980	126.00
0.296000	126.00
0.296020	125.00
0.296040	125.00
0.296060	125.00
0.296080	125.00
0.296100	126.00
0.296120	127.00
0.296140	127.00
0.296160	126.00
0.296180	125.00
0.296200	124.00
0.296220	123.00
0.296240	122.00
0.296260	123.00
0.296280	125.00
0.296300	126.00
0.296320	127.00
0.296340	127.00
0.296360	127.00
0.296380	126.00
0.296400	126.00
0.296420	125.00
0.296440	124.00
0.296460	124.00
0.296480	124.00
0.296500	124.00
0.296520	124.00
0.296540	124.00
0.296560	123.00
0.296580	123.00
0.296600	123.00
0.296620	123.00
0.296640	124.00
0.296660	125.00
0.296680	127.00
0.296700	128.00
0.296720	127.00
0.296740	125.00
0.296760	123.00
0.296780	121.00
0.296800	120.00
0.296820	120.00
0.296840	121.00
0.296860	124.00
0.296880	127.00
0.296900	130.00
0.296920	131.00
0.296940	130.00
0.296960	129.00
0.296980	127.00
0.297000	126.00
0.297020	126.00
0.297040	125.00
0.297060	124.00
0.297080	124.00
0.297100	125.00
0.297120	125.00
0.297140	125.00
0.297160	125.00
0.297180	127.00
0.297200	128.00
0.297220	129.00
0.297240	128.00
0.297260	126.00
0.297280	125.00
0.297300	125.00
0.297320	125.00
0.297340	125.00
0.297360	124.00
0.297380	122.00
0.297400	122.00
0.297420	122.00
0.297440	123.00
0.297460	123.00
0.297480	123.00
0.297500	124.00
0.297520	125.00
0.297540	127.00
0.297560	127.00
0.297580	126.00
0.297600	125.00
0.297620	124.00
0.297640	123.00
0.297660	122.00
0.297680	122.00
0.297700	122.00
0.297720	124.00
0.297740	125.00
0.297760	126.00
0.297780	126.00
0.297800	126.00
0.297820	126.00
0.297840	126.00
0.297860	124.00
0.297880	123.00
0.297900	122.00
0.297920	123.00
0.297940	124.00
0.297960	127.00
0.297980	128.00
0.298000	128.00
0.298020	128.00
0.298040	127.00
0.298060	126.00
0.298080	125.00
0.298100	124.00
0.298120	124.00
0.298140	124.00
0.298160	125.00
0.298180	125.00
0.298200	126.00
0.298220	127.00
0.298240	128.00
0.298260	129.00
0.298280	129.00
0.298300	127.00
0.298320	124.00
0.298340	123.00
0.298360	124.00
0.298380	124.00
0.298400	124.00
0.298420	123.00
0.298440	122.00
0.298460	122.00
0.298480	123.00
0.298500	124.00
0.298520	124.00
0.298540	125.00
0.298560	125.00
0.298580	125.00
0.298600	124.00
0.298620	124.00
0.298640	123.00
0.298660	123.00
0.298680	124.00
0.298700	125.00
0.298720	126.00
0.298740	127.00
0.298760	127.00
0.298780	126.00
0.298800	125.00
0.298820	124.00
0.298840	124.00
0.298860	125.00
0.298880	125.00
0.298900	126.00
0.298920	126.00
0.298940	126.00
0.298960	126.00
0.298980	127.00
0.299000	127.00
0.299020	128.00
0.299040	129.00
0.299060	129.00
0.299080	128.00
0.299100	128.00
0.299120	127.00
0.299140	126.00
0.299160	124.00
0.299180	123.00
0.299200	122.00
0.299220	122.00
0.299240	122.00
0.299260	122.00
0.299280	123.00
0.299300	125.00
0.299320	126.00
0.299340	128.00
0.299360	128.00
0.299380	127.00
0.299400	126.00
0.299420	124.00
0.299440	122.00
0.299460	120.00
0.299480	119.00
0.299500	119.00
0.299520	120.00
0.299540	121.00
0.299560	124.00
0.299580	126.00
0.299600	128.00
0.299620	129.00
0.299640	129.00
0.299660	129.00
0.299680	127.00
0.299700	125.00
0.299720	124.00
0.299740	123.00
0.299760	124.00
0.299780	125.00
0.299800	127.00
0.299820	127.00
0.299840	128.00
0.299860	129.00
0.299880	130.00
0.299900	129.00
0.299920	127.00
0.299940	125.00
0.299960	124.00
0.299980	124.00
0.300000	124.00
0.300020	125.00
0.300040	125.00
0.300060	124.00
0.300080	124.00
0.300100	125.00
0.300120	126.00
0.300140	126.00
0.300160	126.00
0.300180	125.00
0.300200	124.00
0.300220	124.00
0.300240	124.00
0.300260	125.00
0.300280	126.00
0.300300	126.00
0.300320	125.00
0.300340	124.00
0.300360	124.00
0.300380	125.00
0.300400	125.00
0.300420	125.00
0.300440	123.00
0.300460	122.00
0.300480	122.00
0.300500	122.00
0.300520	123.00
0.300540	124.00
0.300560	124.00
0.300580	124.00
0.300600	124.00
0.300620	124.00
0.300640	124.00
0.300660	124.00
0.300680	124.00
0.300700	124.00
0.300720	125.00
0.300740	126.00
0.300760	125.00
0.300780	124.00
0.300800	123.00
0.300820	123.00
0.300840	124.00
0.300860	125.00
0.300880	126.00
0.300900	126.00
0.300920	126.00
0.300940	126.00
0.300960	126.00
0.300980	127.00
0.301000	127.00
0.301020	127.00
0.301040	126.00
0.301060	125.00
0.301080	124.00
0.301100	124.00
0.301120	124.00
0.301140	124.00
0.301160	123.00
0.301180	122.00
0.301200	122.00
0.301220	122.00
0.301240	123.00
0.301260	125.00
0.301280	127.00
0.301300	128.00
0.301320	128.00
0.301340	128.00
0.301360	127.00
0.301380	126.00
0.301400	125.00
0.301420	123.00
0.301440	122.00
0.301460	122.00
0.301480	123.00
0.301500	124.00
0.301520	126.00
0.301540	127.00
0.301560	129.00
0.301580	129.00
0.301600	128.00
0.301620	126.00
0.301640	123.00
0.301660	122.00
0.301680	122.00
0.301700	123.00
0.301720	124.00
0.301740	125.00
0.301760	126.00
0.301780	127.00
0.301800	128.00
0.301820	128.00
0.301840	127.00
0.301860	125.00
0.301880	124.00
0.301900	124.00
0.301920	124.00
0.301940	125.00
0.301960	125.00
0.301980	125.00
0.302000	125.00
0.302020	124.00
0.302040	124.00
0.302060	124.00
0.302080	125.00
0.302100	126.00
0.302120	126.00
0.302140	126.00
0.302160	125.00
0.302180	125.00
0.302200	125.00
0.302220	125.00
0.302240	124.00
0.302260	123.00
0.302280	123.00
0.302300	123.00
0.302320	124.00
0.302340	125.00
0.302360	125.00
0.302380	125.00
0.302400	125.00
0.302420	125.00
0.302440	125.00
0.302460	125.00
0.302480	125.00
0.302500	125.00
0.302520	125.00
0.302540	125.00
0.302560	125.00
0.302580	125.00
0.302600	126.00
0.302620	127.00
0.302640	126.00
0.302660	125.00
0.302680	124.00
0.302700	124.00
0.302720	124.00
0.302740	125.00
0.302760	125.00
0.302780	126.00
0.302800	127.00
0.302820	129.00
0.302840	128.00
0.302860	127.00
0.302880	125.00
0.302900	123.00
0.302920	123.00
0.302940	124.00
0.302960	124.00
0.302980	123.00
0.303000	122.00
0.303020	122.00
0.303040	123.00
0.303060	125.00
0.303080	126.00
0.303100	126.00
0.303120	126.00
0.303140	125.00
0.303160	125.00
0.303180	124.00
0.303200	124.00
0.303220	124.00
0.303240	124.00
0.303260	125.00
0.303280	125.00
0.303300	124.00
0.303320	124.00
0.303340	124.00
0.303360	125.00
0.303380	126.00
0.303400	125.00
0.303420	124.00
0.303440	123.00
0.303460	123.00
0.303480	123.00
0.303500	124.00
0.303520	126.00
0.303540	127.00
0.303560	129.00
0.303580	129.00
0.303600	129.00
0.303620	127.00
0.303640	126.00
0.303660	125.00
0.303680	124.00
0.303700	124.00
0.303720	125.00
0.303740	125.00
0.303760	125.00
0.303780	125.00
0.303800	125.00
0.303820	125.00
0.303840	125.00
0.303860	125.00
0.303880	126.00
0.303900	126.00
0.303920	126.00
0.303940	125.00
0.303960	125.00
0.303980	125.00
0.304000	125.00
0.304020	125.00
0.304040	125.00
0.304060	124.00
0.304080	123.00
0.304100	122.00
0.304120	122.00
0.304140	123.00
0.304160	124.00
0.304180	126.00
0.304200	126.00
0.304220	126.00
0.304240	125.00
0.304260	124.00
0.304280	123.00
0.304300	122.00
0.304320	123.00
0.304340	124.00
0.304360	126.00
0.304380	127.00
0.304400	128.00
0.304420	128.00
0.304440	127.00
0.304460	126.00
0.304480	126.00
0.304500	127.00
0.304520	126.00
0.304540	125.00
0.304560	124.00
0.304580	124.00
0.304600	124.00
0.304620	125.00
0.304640	125.00
0.304660	126.00
0.304680	127.00
0.304700	128.00
0.304720	128.00
0.304740	128.00
0.304760	127.00
0.304780	126.00
0.304800	125.00
0.304820	125.00
0.304840	125.00
0.304860	125.00
0.304880	125.00
0.304900	125.00
0.304920	125.00
0.304940	125.00
0.304960	124.00
0.304980	124.00
0.305000	124.00
0.305020	125.00
0.305040	125.00
0.305060	125.00
0.305080	124.00
0.305100	124.00
0.305120	124.00
0.305140	124.00
0.305160	124.00
0.305180	124.00
0.305200	124.00
0.305220	124.00
0.305240	124.00
0.305260	124.00
0.305280	124.00
0.305300	125.00
0.305320	125.00
0.305340	124.00
0.305360	124.00
0.305380	123.00
0.305400	124.00
0.305420	125.00
0.305440	127.00
0.305460	127.00
0.305480	126.00
0.305500	125.00
0.305520	126.00
0.305540	126.00
0.305560	127.00
0.305580	126.00
0.305600	124.00
0.305620	123.00
0.305640	123.00
0.305660	124.00
0.305680	124.00
0.305700	124.00
0.305720	124.00
0.305740	124.00
0.305760	125.00
0.305780	125.00
0.305800	126.00
0.305820	125.00
0.305840	125.00
0.305860	124.00
0.305880	124.00
0.305900	125.00
0.305920	125.00
0.305940	125.00
0.305960	124.00
0.305980	123.00
0.306000	123.00
0.306020	123.00
0.306040	125.00
0.306060	126.00
0.306080	126.00
0.306100	126.00
0.306120	125.00
0.306140	125.00
0.306160	125.00
0.306180	124.00
0.306200	124.00
0.306220	124.00
0.306240	123.00
0.306260	123.00
0.306280	123.00
0.306300	123.00
0.306320	125.00
0.306340	127.00
0.306360	127.00
0.306380	127.00
0.306400	126.00
0.306420	125.00
0.306440	125.00
0.306460	126.00
0.306480	125.00
0.306500	124.00
0.306520	123.00
0.306540	123.00
0.306560	124.00
0.306580	126.00
0.306600	127.00
0.306620	128.00
0.306640	127.00
0.306660	127.00
0.306680	126.00
0.306700	126.00
0.306720	125.00
0.306740	125.00
0.306760	125.00
0.306780	126.00
0.306800	126.00
0.306820	125.00
0.306840	124.00
0.306860	125.00
0.306880	126.00
0.306900	127.00
0.306920	126.00
0.306940	125.00
0.306960	123.00
0.306980	123.00
0.307000	123.00
0.307020	123.00
0.307040	123.00
0.307060	123.00
0.307080	124.00
0.307100	124.00
0.307120	125.00
0.307140	124.00
0.307160	123.00
0.307180	122.00
0.307200	123.00
0.307220	125.00
0.307240	126.00
0.307260	126.00
0.307280	126.00
0.307300	126.00
0.307320	127.00
0.307340	127.00
0.307360	126.00
0.307380	125.00
0.307400	124.00
0.307420	124.00
0.307440	126.00
0.307460	127.00
0.307480	127.00
0.307500	127.00
0.307520	127.00
0.307540	127.00
0.307560	127.00
0.307580	126.00
0.307600	125.00
0.307620	125.00
0.307640	125.00
0.307660	126.00
0.307680	126.00
0.307700	126.00
0.307720	126.00
0.307740	126.00
0.307760	126.00
0.307780	125.00
0.307800	124.00
0.307820	123.00
0.307840	122.00
0.307860	123.00
0.307880	124.00
0.307900	126.00
0.307920	127.00
0.307940	127.00
0.307960	127.00
0.307980	125.00
0.308000	125.00
0.308020	125.00
0.308040	125.00
0.308060	126.00
0.308080	125.00
0.308100	125.00
0.308120	125.00
0.308140	124.00
0.308160	124.00
0.308180	124.00
0.308200	123.00
0.308220	123.00
0.308240	123.00
0.308260	123.00
0.308280	124.00
0.308300	124.00
0.308320	125.00
0.308340	125.00
0.308360	125.00
0.308380	124.00
0.308400	124.00
0.308420	125.00
0.308440	125.00
0.308460	125.00
0.308480	125.00
0.308500	124.00
0.308520	124.00
0.308540	125.00
0.308560	126.00
0.308580	126.00
0.308600	125.00
0.308620	125.00
0.308640	125.00
0.308660	126.00
0.308680	126.00
0.308700	126.00
0.308720	125.00
0.308740	124.00
0.308760	125.00
0.308780	127.00
0.308800	128.00
0.308820	128.00
0.308840	127.00
0.308860	125.00
0.308880	123.00
0.308900	122.00
0.308920	121.00
0.308940	122.00
0.308960	123.00
0.308980	124.00
0.309000	125.00
0.309020	125.00
0.309040	124.00
0.309060	123.00
0.309080	123.00
0.309100	124.00
0.309120	124.00
0.309140	124.00
0.309160	123.00
0.309180	123.00
0.309200	123.00
0.309220	123.00
0.309240	124.00
0.309260	124.00
0.309280	125.00
0.309300	126.00
0.309320	126.00
0.309340	127.00
0.309360	126.00
0.309380	125.00
0.309400	125.00
0.309420	125.00
0.309440	125.00
0.309460	126.00
0.309480	126.00
0.309500	126.00
0.309520	127.00
0.309540	127.00
0.309560	128.00
0.309580	127.00
0.309600	127.00
0.309620	126.00
0.309640	127.00
0.309660	127.00
0.309680	127.00
0.309700	127.00
0.309720	127.00
0.309740	127.00
0.309760	127.00
0.309780	127.00
0.309800	126.00
0.309820	125.00
0.309840	123.00
0.309860	122.00
0.309880	122.00
0.309900	122.00
0.309920	123.00
0.309940	125.00
0.309960	126.00
0.309980	126.00
0.310000	125.00
0.310020	124.00
0.310040	123.00
0.310060	123.00
0.310080	122.00
0.310100	122.00
0.310120	123.00
0.310140	124.00
0.310160	125.00
0.310180	126.00
0.310200	126.00
0.310220	126.00
0.310240	126.00
0.310260	127.00
0.310280	127.00
0.310300	126.00
0.310320	126.00
0.310340	126.00
0.310360	125.00
0.310380	124.00
0.310400	123.00
0.310420	123.00
0.310440	124.00
0.310460	125.00
0.310480	126.00
0.310500	126.00
0.310520	125.00
0.310540	125.00
0.310560	126.00
0.310580	126.00
0.310600	126.00
0.310620	126.00
0.310640	125.00
0.310660	125.00
0.310680	125.00
0.310700	125.00
0.310720	124.00
0.310740	123.00
0.310760	123.00
0.310780	123.00
0.310800	124.00
0.310820	125.00
0.310840	124.00
0.310860	124.00
0.310880	124.00
0.310900	124.00
0.310920	124.00
0.310940	124.00
0.310960	125.00
0.310980	125.00
0.311000	124.00
0.311020	124.00
0.311040	123.00
0.311060	123.00
0.311080	123.00
0.311100	124.00
0.311120	125.00
0.311140	125.00
0.311160	125.00
0.311180	126.00
0.311200	127.00
0.311220	128.00
0.311240	129.00
0.311260	128.00
0.311280	127.00
0.311300	125.00
0.311320	125.00
0.311340	125.00
0.311360	125.00
0.311380	125.00
0.311400	124.00
0.311420	125.00
0.311440	126.00
0.311460	126.00
0.311480	127.00
0.311500	127.00
0.311520	127.00
0.311540	127.00
0.311560	126.00
0.311580	125.00
0.311600	123.00
0.311620	122.00
0.311640	122.00
0.311660	123.00
0.311680	125.00
