0.261700	101.00
0.261720	49.00
0.261740	101.00
0.261760	141.00
0.261780	145.00
0.261800	128.00
0.261820	116.00
0.261840	122.00
0.261860	134.00
0.261880	135.00
0.261900	126.00
0.261920	119.00
0.261940	122.00
0.261960	130.00
0.261980	133.00
0.262000	128.00
0.262020	123.00
0.262040	124.00
0.262060	128.00
0.262080	128.00
0.262100	123.00
0.262120	119.00
0.262140	121.00
0.262160	126.00
0.262180	127.00
0.262200	124.00
0.262220	121.00
0.262240	122.00
0.262260	125.00
0.262280	126.00
0.262300	124.00
0.262320	123.00
0.262340	125.00
0.262360	128.00
0.262380	129.00
0.262400	126.00
0.262420	124.00
0.262440	124.00
0.262460	125.00
0.262480	125.00
0.262500	123.00
0.262520	122.00
0.262540	124.00
0.262560	127.00
0.262580	127.00
0.262600	125.00
0.262620	124.00
0.262640	125.00
0.262660	128.00
0.262680	127.00
0.262700	124.00
0.262720	122.00
0.262740	123.00
0.262760	126.00
0.262780	128.00
0.262800	127.00
0.262820	125.00
0.262840	125.00
0.262860	126.00
0.262880	127.00
0.262900	125.00
0.262920	124.00
0.262940	125.00
0.262960	127.00
0.262980	127.00
0.263000	126.00
0.263020	124.00
0.263040	124.00
0.263060	125.00
0.263080	124.00
0.263100	123.00
0.263120	122.00
0.263140	122.00
0.263160	124.00
0.263180	125.00
0.263200	125.00
0.263220	124.00
0.263240	124.00
0.263260	125.00
0.263280	126.00
0.263300	125.00
0.263320	125.00
0.263340	126.00
0.263360	127.00
0.263380	128.00
0.263400	127.00
0.263420	125.00
0.263440	124.00
0.263460	124.00
0.263480	124.00
0.263500	125.00
0.263520	125.00
0.263540	125.00
0.263560	126.00
0.263580	126.00
0.263600	126.00
0.263620	126.00
0.263640	127.00
0.263660	127.00
0.263680	126.00
0.263700	125.00
0.263720	124.00
0.263740	125.00
0.263760	126.00
0.263780	126.00
0.263800	125.00
0.263820	125.00
0.263840	126.00
0.263860	127.00
0.263880	126.00
0.263900	124.00
0.263920	123.00
0.263940	124.00
0.263960	125.00
0.263980	126.00
0.264000	124.00
0.264020	122.00
0.264040	123.00
0.264060	124.00
0.264080	125.00
0.264100	125.00
0.264120	124.00
0.264140	124.00
0.264160	124.00
0.264180	125.00
0.264200	125.00
0.264220	124.00
0.264240	125.00
0.264260	126.00
0.264280	126.00
0.264300	126.00
0.264320	125.00
0.264340	125.00
0.264360	125.00
0.264380	125.00
0.264400	124.00
0.264420	123.00
0.264440	123.00
0.264460	125.00
0.264480	125.00
0.264500	125.00
0.264520	124.00
0.264540	124.00
0.264560	125.00
0.264580	124.00
0.264600	124.00
0.264620	123.00
0.264640	125.00
0.264660	127.00
0.264680	127.00
0.264700	127.00
0.264720	126.00
0.264740	126.00
0.264760	128.00
0.264780	128.00
0.264800	127.00
0.264820	125.00
0.264840	124.00
0.264860	125.00
0.264880	125.00
0.264900	124.00
0.264920	123.00
0.264940	122.00
0.264960	123.00
0.264980	124.00
0.265000	125.00
0.265020	125.00
0.265040	125.00
0.265060	125.00
0.265080	126.00
0.265100	125.00
0.265120	124.00
0.265140	123.00
0.265160	123.00
0.265180	124.00
0.265200	124.00
0.265220	124.00
0.265240	124.00
0.265260	125.00
0.265280	126.00
0.265300	125.00
0.265320	125.00
0.265340	124.00
0.265360	124.00
0.265380	124.00
0.265400	125.00
0.265420	125.00
0.265440	125.00
0.265460	126.00
0.265480	126.00
0.265500	126.00
0.265520	127.00
0.265540	128.00
0.265560	129.00
0.265580	128.00
0.265600	127.00
0.265620	126.00
0.265640	126.00
0.265660	127.00
0.265680	128.00
0.265700	127.00
0.265720	126.00
0.265740	125.00
0.265760	125.00
0.265780	125.00
0.265800	125.00
0.265820	126.00
0.265840	125.00
0.265860	125.00
0.265880	124.00
0.265900	124.00
0.265920	124.00
0.265940	124.00
0.265960	124.00
0.265980	124.00
0.266000	123.00
0.266020	123.00
0.266040	124.00
0.266060	124.00
0.266080	124.00
0.266100	123.00
0.266120	123.00
0.266140	124.00
0.266160	125.00
0.266180	126.00
0.266200	125.00
0.266220	125.00
0.266240	125.00
0.266260	125.00
0.266280	125.00
0.266300	125.00
0.266320	124.00
0.266340	125.00
0.266360	125.00
0.266380	125.00
0.266400	125.00
0.266420	126.00
0.266440	126.00
0.266460	126.00
0.266480	125.00
0.266500	124.00
0.266520	123.00
0.266540	124.00
0.266560	126.00
0.266580	127.00
0.266600	126.00
0.266620	125.00
0.266640	125.00
0.266660	126.00
0.266680	126.00
0.266700	126.00
0.266720	126.00
0.266740	127.00
0.266760	128.00
0.266780	129.00
0.266800	128.00
0.266820	126.00
0.266840	125.00
0.266860	124.00
0.266880	123.00
0.266900	123.00
0.266920	124.00
0.266940	125.00
0.266960	125.00
0.266980	125.00
0.267000	124.00
0.267020	123.00
0.267040	123.00
0.267060	124.00
0.267080	124.00
0.267100	124.00
0.267120	124.00
0.267140	125.00
0.267160	126.00
0.267180	127.00
0.267200	126.00
0.267220	125.00
0.267240	125.00
0.267260	125.00
0.267280	124.00
0.267300	123.00
0.267320	123.00
0.267340	123.00
0.267360	124.00
0.267380	126.00
0.267400	127.00
0.267420	127.00
0.267440	126.00
0.267460	125.00
0.267480	125.00
0.267500	125.00
0.267520	125.00
0.267540	126.00
0.267560	126.00
0.267580	125.00
0.267600	125.00
0.267620	125.00
0.267640	125.00
0.267660	126.00
0.267680	125.00
0.267700	125.00
0.267720	125.00
0.267740	124.00
0.267760	124.00
0.267780	124.00
0.267800	123.00
0.267820	123.00
0.267840	124.00
0.267860	125.00
0.267880	125.00
0.267900	125.00
0.267920	125.00
0.267940	125.00
0.267960	125.00
0.267980	125.00
0.268000	124.00
0.268020	124.00
0.268040	125.00
0.268060	126.00
0.268080	126.00
0.268100	125.00
0.268120	124.00
0.268140	125.00
0.268160	126.00
0.268180	126.00
0.268200	126.00
0.268220	125.00
0.268240	125.00
0.268260	125.00
0.268280	126.00
0.268300	126.00
0.268320	125.00
0.268340	125.00
0.268360	125.00
0.268380	126.00
0.268400	126.00
0.268420	126.00
0.268440	126.00
0.268460	126.00
0.268480	126.00
0.268500	126.00
0.268520	126.00
0.268540	126.00
0.268560	126.00
0.268580	126.00
0.268600	125.00
0.268620	125.00
0.268640	124.00
0.268660	125.00
0.268680	125.00
0.268700	125.00
0.268720	125.00
0.268740	125.00
0.268760	125.00
0.268780	125.00
0.268800	124.00
0.268820	124.00
0.268840	124.00
0.268860	125.00
0.268880	125.00
0.268900	125.00
0.268920	124.00
0.268940	124.00
0.268960	124.00
0.268980	124.00
0.269000	124.00
0.269020	123.00
0.269040	123.00
0.269060	124.00
0.269080	125.00
0.269100	125.00
0.269120	125.00
0.269140	125.00
0.269160	125.00
0.269180	126.00
0.269200	126.00
0.269220	126.00
0.269240	127.00
0.269260	127.00
0.269280	126.00
0.269300	126.00
0.269320	125.00
0.269340	125.00
0.269360	125.00
0.269380	125.00
0.269400	124.00
0.269420	123.00
0.269440	124.00
0.269460	125.00
0.269480	126.00
0.269500	126.00
0.269520	126.00
0.269540	126.00
0.269560	126.00
0.269580	127.00
0.269600	126.00
0.269620	125.00
0.269640	125.00
0.269660	124.00
0.269680	124.00
0.269700	124.00
0.269720	124.00
0.269740	124.00
0.269760	123.00
0.269780	124.00
0.269800	124.00
0.269820	125.00
0.269840	126.00
0.269860	126.00
0.269880	126.00
0.269900	125.00
0.269920	124.00
0.269940	124.00
0.269960	124.00
0.269980	124.00
0.270000	123.00
0.270020	123.00
0.270040	124.00
0.270060	125.00
0.270080	125.00
0.270100	125.00
0.270120	125.00
0.270140	125.00
0.270160	125.00
0.270180	124.00
0.270200	124.00
0.270220	124.00
0.270240	124.00
0.270260	124.00
0.270280	125.00
0.270300	124.00
0.270320	124.00
0.270340	124.00
0.270360	125.00
0.270380	126.00
0.270400	126.00
0.270420	127.00
0.270440	127.00
0.270460	127.00
0.270480	126.00
0.270500	126.00
0.270520	125.00
0.270540	125.00
0.270560	124.00
0.270580	124.00
0.270600	124.00
0.270620	124.00
0.270640	125.00
0.270660	126.00
0.270680	127.00
0.270700	127.00
0.270720	126.00
0.270740	126.00
0.270760	126.00
0.270780	125.00
0.270800	123.00
0.270820	121.00
0.270840	121.00
0.270860	122.00
0.270880	123.00
0.270900	124.00
0.270920	125.00
0.270940	126.00
0.270960	127.00
0.270980	126.00
0.271000	126.00
0.271020	125.00
0.271040	126.00
0.271060	127.00
0.271080	128.00
0.271100	127.00
0.271120	126.00
0.271140	125.00
0.271160	125.00
0.271180	125.00
0.271200	125.00
0.271220	125.00
0.271240	124.00
0.271260	124.00
0.271280	124.00
0.271300	124.00
0.271320	125.00
0.271340	125.00
0.271360	126.00
0.271380	127.00
0.271400	127.00
0.271420	126.00
0.271440	125.00
0.271460	124.00
0.271480	124.00
0.271500	125.00
0.271520	125.00
0.271540	126.00
0.271560	126.00
0.271580	126.00
0.271600	125.00
0.271620	124.00
0.271640	124.00
0.271660	124.00
0.271680	125.00
0.271700	125.00
0.271720	125.00
0.271740	125.00
0.271760	124.00
0.271780	124.00
0.271800	124.00
0.271820	125.00
0.271840	125.00
0.271860	124.00
0.271880	123.00
0.271900	122.00
0.271920	123.00
0.271940	124.00
0.271960	125.00
0.271980	126.00
0.272000	126.00
0.272020	126.00
0.272040	127.00
0.272060	128.00
0.272080	128.00
0.272100	127.00
0.272120	126.00
0.272140	125.00
0.272160	124.00
0.272180	124.00
0.272200	124.00
0.272220	124.00
0.272240	125.00
0.272260	126.00
0.272280	127.00
0.272300	128.00
0.272320	127.00
0.272340	127.00
0.272360	126.00
0.272380	125.00
0.272400	123.00
0.272420	122.00
0.272440	123.00
0.272460	124.00
0.272480	125.00
0.272500	126.00
0.272520	126.00
0.272540	126.00
0.272560	126.00
0.272580	125.00
0.272600	125.00
0.272620	126.00
0.272640	126.00
0.272660	126.00
0.272680	126.00
0.272700	125.00
0.272720	124.00
0.272740	125.00
0.272760	125.00
0.272780	125.00
0.272800	124.00
0.272820	124.00
0.272840	125.00
0.272860	126.00
0.272880	126.00
0.272900	126.00
0.272920	125.00
0.272940	124.00
0.272960	125.00
0.272980	125.00
0.273000	125.00
0.273020	125.00
0.273040	124.00
0.273060	124.00
0.273080	124.00
0.273100	124.00
0.273120	124.00
0.273140	125.00
0.273160	125.00
0.273180	126.00
0.273200	126.00
0.273220	126.00
0.273240	127.00
0.273260	127.00
0.273280	128.00
0.273300	127.00
0.273320	125.00
0.273340	124.00
0.273360	125.00
0.273380	126.00
0.273400	127.00
0.273420	127.00
0.273440	126.00
0.273460	125.00
0.273480	125.00
0.273500	125.00
0.273520	125.00
0.273540	125.00
0.273560	124.00
0.273580	123.00
0.273600	122.00
0.273620	122.00
0.273640	123.00
0.273660	125.00
0.273680	125.00
0.273700	125.00
0.273720	125.00
0.273740	126.00
0.273760	127.00
0.273780	127.00
0.273800	126.00
0.273820	124.00
0.273840	123.00
0.273860	123.00
0.273880	124.00
0.273900	125.00
0.273920	126.00
0.273940	126.00
0.273960	126.00
0.273980	126.00
0.274000	126.00
0.274020	124.00
0.274040	122.00
0.274060	122.00
0.274080	123.00
0.274100	125.00
0.274120	126.00
0.274140	126.00
0.274160	125.00
0.274180	124.00
0.274200	124.00
0.274220	125.00
0.274240	125.00
0.274260	126.00
0.274280	125.00
0.274300	125.00
0.274320	125.00
0.274340	125.00
0.274360	125.00
0.274380	124.00
0.274400	123.00
0.274420	123.00
0.274440	124.00
0.274460	126.00
0.274480	127.00
0.274500	128.00
0.274520	127.00
0.274540	126.00
0.274560	125.00
0.274580	125.00
0.274600	124.00
0.274620	124.00
0.274640	124.00
0.274660	124.00
0.274680	124.00
0.274700	124.00
0.274720	124.00
0.274740	124.00
0.274760	124.00
0.274780	125.00
0.274800	126.00
0.274820	126.00
0.274840	126.00
0.274860	125.00
0.274880	124.00
0.274900	125.00
0.274920	125.00
0.274940	126.00
0.274960	125.00
0.274980	125.00
0.275000	125.00
0.275020	125.00
0.275040	125.00
0.275060	125.00
0.275080	124.00
0.275100	123.00
0.275120	123.00
0.275140	125.00
0.275160	127.00
0.275180	128.00
0.275200	127.00
0.275220	126.00
0.275240	126.00
0.275260	127.00
0.275280	127.00
0.275300	126.00
0.275320	125.00
0.275340	125.00
0.275360	125.00
0.275380	126.00
0.275400	126.00
0.275420	126.00
0.275440	125.00
0.275460	125.00
0.275480	125.00
0.275500	125.00
0.275520	124.00
0.275540	124.00
0.275560	123.00
0.275580	123.00
0.275600	122.00
0.275620	122.00
0.275640	123.00
0.275660	124.00
0.275680	126.00
0.275700	126.00
0.275720	125.00
0.275740	124.00
0.275760	124.00
0.275780	124.00
0.275800	124.00
0.275820	124.00
0.275840	125.00
0.275860	125.00
0.275880	126.00
0.275900	127.00
0.275920	128.00
0.275940	129.00
0.275960	130.00
0.275980	130.00
0.276000	128.00
0.276020	126.00
0.276040	124.00
0.276060	124.00
0.276080	124.00
0.276100	124.00
0.276120	125.00
0.276140	125.00
0.276160	125.00
0.276180	125.00
0.276200	125.00
0.276220	125.00
0.276240	125.00
0.276260	125.00
0.276280	125.00
0.276300	125.00
0.276320	124.00
0.276340	123.00
0.276360	122.00
0.276380	122.00
0.276400	123.00
0.276420	124.00
0.276440	125.00
0.276460	127.00
0.276480	128.00
0.276500	128.00
0.276520	127.00
0.276540	124.00
0.276560	121.00
0.276580	118.00
0.276600	117.00
0.276620	118.00
0.276640	121.00
0.276660	125.00
0.276680	129.00
0.276700	132.00
0.276720	133.00
0.276740	133.00
0.276760	130.00
0.276780	125.00
0.276800	119.00
0.276820	115.00
0.276840	113.00
0.276860	114.00
0.276880	118.00
0.276900	123.00
0.276920	128.00
0.276940	132.00
0.276960	135.00
0.276980	136.00
0.277000	134.00
0.277020	129.00
0.277040	123.00
0.277060	119.00
0.277080	116.00
0.277100	116.00
0.277120	119.00
0.277140	124.00
0.277160	130.00
0.277180	136.00
0.277200	138.00
0.277220	137.00
0.277240	132.00
0.277260	126.00
0.277280	121.00
0.277300	118.00
0.277320	118.00
0.277340	120.00
0.277360	124.00
0.277380	127.00
0.277400	130.00
0.277420	132.00
0.277440	133.00
0.277460	132.00
0.277480	129.00
0.277500	124.00
0.277520	117.00
0.277540	113.00
0.277560	111.00
0.277580	113.00
0.277600	116.00
0.277620	121.00
0.277640	127.00
0.277660	134.00
0.277680	139.00
0.277700	142.00
0.277720	140.00
0.277740	134.00
0.277760	125.00
0.277780	115.00
0.277800	107.00
0.277820	102.00
0.277840	105.00
0.277860	114.00
0.277880	128.00
0.277900	140.00
0.277920	147.00
0.277940	146.00
0.277960	139.00
0.277980	129.00
0.278000	119.00
0.278020	112.00
0.278040	108.00
0.278060	109.00
0.278080	116.00
0.278100	125.00
0.278120	135.00
0.278140	141.00
0.278160	141.00
0.278180	136.00
0.278200	126.00
0.278220	116.00
0.278240	109.00
0.278260	108.00
0.278280	115.00
0.278300	126.00
0.278320	139.00
0.278340	149.00
0.278360	151.00
0.278380	145.00
0.278400	131.00
0.278420	114.00
0.278440	99.00
0.278460	92.00
0.278480	95.00
0.278500	108.00
0.278520	126.00
0.278540	143.00
0.278560	155.00
0.278580	158.00
0.278600	152.00
0.278620	139.00
0.278640	121.00
0.278660	105.00
0.278680	93.00
0.278700	90.00
0.278720	96.00
0.278740	110.00
0.278760	127.00
0.278780	142.00
0.278800	151.00
0.278820	153.00
0.278840	146.00
0.278860	135.00
0.278880	122.00
0.278900	112.00
0.278920	106.00
0.278940	106.00
0.278960	109.00
0.278980	114.00
0.279000	120.00
0.279020	125.00
0.279040	130.00
0.279060	133.00
0.279080	136.00
0.279100	138.00
0.279120	138.00
0.279140	137.00
0.279160	134.00
0.279180	129.00
0.279200	123.00
0.279220	117.00
0.279240	112.00
0.279260	108.00
0.279280	107.00
0.279300	108.00
0.279320	114.00
0.279340	125.00
0.279360	137.00
0.279380	148.00
0.279400	153.00
0.279420	151.00
0.279440	143.00
0.279460	130.00
0.279480	115.00
0.279500	103.00
0.279520	95.00
0.279540	94.00
0.279560	100.00
0.279580	113.00
0.279600	129.00
0.279620	144.00
0.279640	154.00
0.279660	158.00
0.279680	154.00
0.279700	144.00
0.279720	129.00
0.279740	114.00
0.279760	102.00
0.279780	97.00
0.279800	100.00
0.279820	110.00
0.279840	123.00
0.279860	135.00
0.279880	142.00
0.279900	144.00
0.279920	142.00
0.279940	137.00
0.279960	129.00
0.279980	119.00
0.280000	111.00
0.280020	107.00
0.280040	110.00
0.280060	117.00
0.280080	125.00
0.280100	132.00
0.280120	135.00
0.280140	134.00
0.280160	131.00
0.280180	127.00
0.280200	123.00
0.280220	119.00
0.280240	119.00
0.280260	121.00
0.280280	125.00
0.280300	129.00
0.280320	130.00
0.280340	129.00
0.280360	126.00
0.280380	122.00
0.280400	119.00
0.280420	117.00
0.280440	117.00
0.280460	119.00
0.280480	124.00
0.280500	129.00
0.280520	133.00
0.280540	134.00
0.280560	132.00
0.280580	127.00
0.280600	121.00
0.280620	115.00
0.280640	111.00
0.280660	112.00
0.280680	117.00
0.280700	125.00
0.280720	133.00
0.280740	137.00
0.280760	136.00
0.280780	131.00
0.280800	125.00
0.280820	121.00
0.280840	118.00
0.280860	117.00
0.280880	118.00
0.280900	122.00
0.280920	127.00
0.280940	132.00
0.280960	134.00
0.280980	133.00
0.281000	129.00
0.281020	125.00
0.281040	122.00
0.281060	122.00
0.281080	124.00
0.281100	127.00
0.281120	129.00
0.281140	129.00
0.281160	128.00
0.281180	127.00
0.281200	126.00
0.281220	126.00
0.281240	127.00
0.281260	127.00
0.281280	127.00
0.281300	125.00
0.281320	121.00
0.281340	117.00
0.281360	116.00
0.281380	117.00
0.281400	122.00
0.281420	129.00
0.281440	135.00
0.281460	137.00
0.281480	135.00
0.281500	129.00
0.281520	122.00
0.281540	115.00
0.281560	112.00
0.281580	113.00
0.281600	116.00
0.281620	121.00
0.281640	126.00
0.281660	129.00
0.281680	131.00
0.281700	131.00
0.281720	129.00
0.281740	127.00
0.281760	125.00
0.281780	124.00
0.281800	125.00
0.281820	126.00
0.281840	126.00
0.281860	125.00
0.281880	123.00
0.281900	122.00
0.281920	122.00
0.281940	126.00
0.281960	130.00
0.281980	132.00
0.282000	131.00
0.282020	128.00
0.282040	125.00
0.282060	122.00
0.282080	120.00
0.282100	120.00
0.282120	122.00
0.282140	125.00
0.282160	130.00
0.282180	133.00
0.282200	132.00
0.282220	129.00
0.282240	124.00
0.282260	120.00
0.282280	117.00
0.282300	116.00
0.282320	118.00
0.282340	121.00
0.282360	124.00
0.282380	128.00
0.282400	131.00
0.282420	132.00
0.282440	131.00
0.282460	128.00
0.282480	123.00
0.282500	118.00
0.282520	115.00
0.282540	114.00
0.282560	115.00
0.282580	119.00
0.282600	125.00
0.282620	130.00
0.282640	135.00
0.282660	137.00
0.282680	136.00
0.282700	133.00
0.282720	127.00
0.282740	122.00
0.282760	117.00
0.282780	115.00
0.282800	116.00
0.282820	120.00
0.282840	125.00
0.282860	129.00
0.282880	131.00
0.282900	131.00
0.282920	130.00
0.282940	129.00
0.282960	127.00
0.282980	125.00
0.283000	122.00
0.283020	120.00
0.283040	120.00
0.283060	121.00
0.283080	122.00
0.283100	124.00
0.283120	126.00
0.283140	128.00
0.283160	130.00
0.283180	131.00
0.283200	130.00
0.283220	128.00
0.283240	126.00
0.283260	124.00
0.283280	122.00
0.283300	119.00
0.283320	118.00
0.283340	118.00
0.283360	120.00
0.283380	123.00
0.283400	126.00
0.283420	129.00
0.283440	131.00
0.283460	132.00
0.283480	131.00
0.283500	127.00
0.283520	121.00
0.283540	117.00
0.283560	115.00
0.283580	117.00
0.283600	121.00
0.283620	127.00
0.283640	132.00
0.283660	135.00
0.283680	136.00
0.283700	133.00
0.283720	127.00
0.283740	120.00
0.283760	114.00
0.283780	111.00
0.283800	113.00
0.283820	119.00
0.283840	126.00
0.283860	133.00
0.283880	139.00
0.283900	141.00
0.283920	138.00
0.283940	132.00
0.283960	123.00
0.283980	116.00
0.284000	111.00
0.284020	112.00
0.284040	116.00
0.284060	123.00
0.284080	128.00
0.284100	132.00
0.284120	134.00
0.284140	133.00
0.284160	130.00
0.284180	127.00
0.284200	123.00
0.284220	120.00
0.284240	118.00
0.284260	117.00
0.284280	117.00
0.284300	119.00
0.284320	123.00
0.284340	127.00
0.284360	131.00
0.284380	133.00
0.284400	133.00
0.284420	130.00
0.284440	125.00
0.284460	121.00
0.284480	117.00
0.284500	115.00
0.284520	117.00
0.284540	121.00
0.284560	127.00
0.284580	133.00
0.284600	136.00
0.284620	136.00
0.284640	133.00
0.284660	129.00
0.284680	124.00
0.284700	120.00
0.284720	118.00
0.284740	118.00
0.284760	120.00
0.284780	122.00
0.284800	125.00
0.284820	127.00
0.284840	129.00
0.284860	131.00
0.284880	131.00
0.284900	130.00
0.284920	128.00
0.284940	127.00
0.284960	126.00
0.284980	125.00
0.285000	124.00
0.285020	122.00
0.285040	121.00
0.285060	122.00
0.285080	124.00
0.285100	126.00
0.285120	127.00
0.285140	126.00
0.285160	124.00
0.285180	123.00
0.285200	122.00
0.285220	124.00
0.285240	126.00
0.285260	128.00
0.285280	128.00
0.285300	127.00
0.285320	123.00
0.285340	119.00
0.285360	116.00
0.285380	115.00
0.285400	116.00
0.285420	119.00
0.285440	123.00
0.285460	127.00
0.285480	131.00
0.285500	133.00
0.285520	133.00
0.285540	131.00
0.285560	128.00
0.285580	125.00
0.285600	122.00
0.285620	120.00
0.285640	120.00
0.285660	123.00
0.285680	126.00
0.285700	128.00
0.285720	129.00
0.285740	128.00
0.285760	127.00
0.285780	126.00
0.285800	125.00
0.285820	124.00
0.285840	124.00
0.285860	124.00
0.285880	126.00
0.285900	128.00
0.285920	130.00
0.285940	129.00
0.285960	128.00
0.285980	125.00
0.286000	122.00
0.286020	121.00
0.286040	121.00
0.286060	123.00
0.286080	126.00
0.286100	130.00
0.286120	132.00
0.286140	131.00
0.286160	129.00
0.286180	125.00
0.286200	122.00
0.286220	120.00
0.286240	119.00
0.286260	120.00
0.286280	122.00
0.286300	125.00
0.286320	128.00
0.286340	129.00
0.286360	129.00
0.286380	127.00
0.286400	124.00
0.286420	122.00
0.286440	121.00
0.286460	121.00
0.286480	123.00
0.286500	126.00
0.286520	127.00
0.286540	128.00
0.286560	128.00
0.286580	126.00
0.286600	124.00
0.286620	122.00
0.286640	122.00
0.286660	123.00
0.286680	124.00
0.286700	125.00
0.286720	126.00
0.286740	127.00
0.286760	127.00
0.286780	127.00
0.286800	126.00
0.286820	126.00
0.286840	127.00
0.286860	128.00
0.286880	129.00
0.286900	127.00
0.286920	124.00
0.286940	122.00
0.286960	121.00
0.286980	123.00
0.287000	125.00
0.287020	127.00
0.287040	129.00
0.287060	129.00
0.287080	129.00
0.287100	129.00
0.287120	126.00
0.287140	123.00
0.287160	119.00
0.287180	117.00
0.287200	118.00
0.287220	120.00
0.287240	123.00
0.287260	125.00
0.287280	127.00
0.287300	127.00
0.287320	126.00
0.287340	126.00
0.287360	125.00
0.287380	124.00
0.287400	123.00
0.287420	122.00
0.287440	122.00
0.287460	122.00
0.287480	123.00
0.287500	124.00
0.287520	125.00
0.287540	125.00
0.287560	126.00
0.287580	128.00
0.287600	130.00
0.287620	131.00
0.287640	129.00
0.287660	126.00
0.287680	122.00
0.287700	120.00
0.287720	119.00
0.287740	120.00
0.287760	122.00
0.287780	126.00
0.287800	130.00
0.287820	133.00
0.287840	134.00
0.287860	132.00
0.287880	128.00
0.287900	123.00
0.287920	119.00
0.287940	118.00
0.287960	119.00
0.287980	122.00
0.288000	126.00
0.288020	129.00
0.288040	130.00
0.288060	131.00
0.288080	130.00
0.288100	127.00
0.288120	124.00
0.288140	121.00
0.288160	119.00
0.288180	118.00
0.288200	119.00
0.288220	121.00
0.288240	123.00
0.288260	125.00
0.288280	125.00
0.288300	125.00
0.288320	125.00
0.288340	125.00
0.288360	125.00
0.288380	125.00
0.288400	125.00
0.288420	124.00
0.288440	124.00
0.288460	124.00
0.288480	125.00
0.288500	127.00
0.288520	128.00
0.288540	129.00
0.288560	129.00
0.288580	128.00
0.288600	126.00
0.288620	124.00
0.288640	122.00
0.288660	122.00
0.288680	122.00
0.288700	125.00
0.288720	127.00
0.288740	128.00
0.288760	128.00
0.288780	127.00
0.288800	126.00
0.288820	125.00
0.288840	124.00
0.288860	123.00
0.288880	122.00
0.288900	121.00
0.288920	122.00
0.288940	124.00
0.288960	125.00
0.288980	126.00
0.289000	127.00
0.289020	128.00
0.289040	129.00
0.289060	128.00
0.289080	126.00
0.289100	123.00
0.289120	121.00
0.289140	120.00
0.289160	121.00
0.289180	122.00
0.289200	123.00
0.289220	125.00
0.289240	126.00
0.289260	128.00
0.289280	129.00
0.289300	128.00
0.289320	126.00
0.289340	123.00
0.289360	122.00
0.289380	122.00
0.289400	122.00
0.289420	123.00
0.289440	124.00
0.289460	125.00
0.289480	126.00
0.289500	127.00
0.289520	128.00
0.289540	129.00
0.289560	129.00
0.289580	128.00
0.289600	126.00
0.289620	124.00
0.289640	123.00
0.289660	122.00
0.289680	121.00
0.289700	121.00
0.289720	122.00
0.289740	124.00
0.289760	127.00
0.289780	129.00
0.289800	131.00
0.289820	131.00
0.289840	129.00
0.289860	127.00
0.289880	124.00
0.289900	121.00
0.289920	119.00
0.289940	119.00
0.289960	121.00
0.289980	123.00
0.290000	125.00
0.290020	128.00
0.290040	129.00
0.290060	129.00
0.290080	129.00
0.290100	127.00
0.290120	126.00
0.290140	125.00
0.290160	124.00
0.290180	123.00
0.290200	123.00
0.290220	123.00
0.290240	124.00
0.290260	126.00
0.290280	127.00
0.290300	128.00
0.290320	128.00
0.290340	127.00
0.290360	126.00
0.290380	124.00
0.290400	124.00
0.290420	124.00
0.290440	125.00
0.290460	125.00
0.290480	125.00
0.290500	124.00
0.290520	124.00
0.290540	124.00
0.290560	124.00
0.290580	123.00
0.290600	122.00
0.290620	120.00
0.290640	120.00
0.290660	122.00
0.290680	125.00
0.290700	128.00
0.290720	130.00
0.290740	130.00
0.290760	129.00
0.290780	126.00
0.290800	123.00
0.290820	120.00
0.290840	119.00
0.290860	119.00
0.290880	121.00
0.290900	125.00
0.290920	128.00
0.290940	130.00
0.290960	131.00
0.290980	131.00
0.291000	129.00
0.291020	127.00
0.291040	124.00
0.291060	121.00
0.291080	119.00
0.291100	119.00
0.291120	120.00
0.291140	123.00
0.291160	126.00
0.291180	127.00
0.291200	128.00
0.291220	128.00
0.291240	128.00
0.291260	127.00
0.291280	125.00
0.291300	124.00
0.291320	122.00
0.291340	122.00
0.291360	123.00
0.291380	123.00
0.291400	124.00
0.291420	125.00
0.291440	126.00
0.291460	128.00
0.291480	129.00
0.291500	129.00
0.291520	127.00
0.291540	125.00
0.291560	123.00
0.291580	121.00
0.291600	120.00
0.291620	121.00
0.291640	122.00
0.291660	124.00
0.291680	127.00
0.291700	130.00
0.291720	131.00
0.291740	131.00
0.291760	130.00
0.291780	126.00
0.291800	123.00
0.291820	120.00
0.291840	118.00
0.291860	119.00
0.291880	121.00
0.291900	123.00
0.291920	126.00
0.291940	129.00
0.291960	131.00
0.291980	132.00
0.292000	130.00
0.292020	127.00
0.292040	124.00
0.292060	121.00
0.292080	119.00
0.292100	119.00
0.292120	120.00
0.292140	122.00
0.292160	125.00
0.292180	128.00
0.292200	129.00
0.292220	130.00
0.292240	129.00
0.292260	128.00
0.292280	126.00
0.292300	124.00
0.292320	122.00
0.292340	120.00
0.292360	120.00
0.292380	121.00
0.292400	123.00
0.292420	126.00
0.292440	128.00
0.292460	130.00
0.292480	130.00
0.292500	130.00
0.292520	129.00
0.292540	127.00
0.292560	124.00
0.292580	122.00
0.292600	121.00
0.292620	122.00
0.292640	125.00
0.292660	126.00
0.292680	126.00
0.292700	124.00
0.292720	124.00
0.292740	124.00
0.292760	125.00
0.292780	127.00
0.292800	127.00
0.292820	127.00
0.292840	127.00
0.292860	127.00
0.292880	127.00
0.292900	127.00
0.292920	127.00
0.292940	126.00
0.292960	124.00
0.292980	122.00
0.293000	120.00
0.293020	119.00
0.293040	119.00
0.293060	120.00
0.293080	122.00
0.293100	124.00
0.293120	127.00
0.293140	130.00
0.293160	131.00
0.293180	130.00
0.293200	126.00
0.293220	122.00
0.293240	119.00
0.293260	117.00
0.293280	117.00
0.293300	119.00
0.293320	123.00
0.293340	128.00
0.293360	133.00
0.293380	135.00
0.293400	135.00
0.293420	132.00
0.293440	128.00
0.293460	124.00
0.293480	120.00
0.293500	118.00
0.293520	117.00
0.293540	120.00
0.293560	124.00
0.293580	127.00
0.293600	129.00
0.293620	129.00
0.293640	129.00
0.293660	129.00
0.293680	128.00
0.293700	126.00
0.293720	124.00
0.293740	123.00
0.293760	124.00
0.293780	125.00
0.293800	125.00
0.293820	124.00
0.293840	124.00
0.293860	124.00
0.293880	126.00
0.293900	126.00
0.293920	126.00
0.293940	124.00
0.293960	124.00
0.293980	126.00
0.294000	126.00
0.294020	126.00
0.294040	123.00
0.294060	121.00
0.294080	121.00
0.294100	121.00
0.294120	122.00
0.294140	124.00
0.294160	126.00
0.294180	129.00
0.294200	131.00
0.294220	131.00
0.294240	129.00
0.294260	125.00
0.294280	122.00
0.294300	119.00
0.294320	119.00
0.294340	120.00
0.294360	123.00
0.294380	126.00
0.294400	128.00
0.294420	130.00
0.294440	131.00
0.294460	129.00
0.294480	127.00
0.294500	124.00
0.294520	122.00
0.294540	122.00
0.294560	123.00
0.294580	125.00
0.294600	127.00
0.294620	128.00
0.294640	129.00
0.294660	130.00
0.294680	130.00
0.294700	129.00
0.294720	128.00
0.294740	125.00
0.294760	124.00
0.294780	123.00
0.294800	122.00
0.294820	122.00
0.294840	122.00
0.294860	122.00
0.294880	123.00
0.294900	124.00
0.294920	125.00
0.294940	125.00
0.294960	125.00
0.294980	124.00
0.295000	124.00
0.295020	123.00
0.295040	123.00
0.295060	122.00
0.295080	122.00
0.295100	122.00
0.295120	122.00
0.295140	123.00
0.295160	124.00
0.295180	127.00
0.295200	128.00
0.295220	128.00
0.295240	128.00
0.295260	127.00
0.295280	128.00
0.295300	129.00
0.295320	128.00
0.295340	127.00
0.295360	124.00
0.295380	122.00
0.295400	121.00
0.295420	120.00
0.295440	120.00
0.295460	121.00
0.295480	124.00
0.295500	127.00
0.295520	130.00
0.295540	132.00
0.295560	133.00
0.295580	132.00
0.295600	130.00
0.295620	126.00
0.295640	122.00
0.295660	119.00
0.295680	119.00
0.295700	121.00
0.295720	124.00
0.295740	126.00
0.295760	128.00
0.295780	129.00
0.295800	129.00
0.295820	129.00
0.295840	127.00
0.295860	125.00
0.295880	122.00
0.295900	121.00
0.295920	120.00
0.295940	120.00
0.295960	121.00
0.295980	122.00
0.296000	124.00
0.296020	125.00
0.296040	126.00
0.296060	127.00
0.296080	128.00
0.296100	128.00
0.296120	127.00
0.296140	126.00
0.296160	124.00
0.296180	123.00
0.296200	122.00
0.296220	121.00
0.296240	121.00
0.296260	122.00
0.296280	124.00
0.296300	126.00
0.296320	128.00
0.296340	129.00
0.296360	129.00
0.296380	128.00
0.296400	127.00
0.296420	126.00
0.296440	126.00
0.296460	125.00
0.296480	125.00
0.296500	125.00
0.296520	125.00
0.296540	126.00
0.296560	126.00
0.296580	126.00
0.296600	125.00
0.296620	125.00
0.296640	123.00
0.296660	122.00
0.296680	122.00
0.296700	124.00
0.296720	125.00
0.296740	126.00
0.296760	126.00
0.296780	125.00
0.296800	125.00
0.296820	126.00
0.296840	125.00
0.296860	124.00
0.296880	122.00
0.296900	121.00
0.296920	120.00
0.296940	121.00
0.296960	121.00
0.296980	121.00
0.297000	122.00
0.297020	124.00
0.297040	127.00
0.297060	128.00
0.297080	129.00
0.297100	128.00
0.297120	127.00
0.297140	126.00
0.297160	125.00
0.297180	123.00
0.297200	122.00
0.297220	122.00
0.297240	124.00
0.297260	126.00
0.297280	128.00
0.297300	129.00
0.297320	130.00
0.297340	129.00
0.297360	128.00
0.297380	127.00
0.297400	125.00
0.297420	124.00
0.297440	124.00
0.297460	124.00
0.297480	124.00
0.297500	123.00
0.297520	124.00
0.297540	125.00
0.297560	126.00
0.297580	126.00
0.297600	127.00
0.297620	127.00
0.297640	128.00
0.297660	128.00
0.297680	126.00
0.297700	123.00
0.297720	122.00
0.297740	121.00
0.297760	122.00
0.297780	124.00
0.297800	125.00
0.297820	125.00
0.297840	126.00
0.297860	126.00
0.297880	126.00
0.297900	125.00
0.297920	123.00
0.297940	122.00
0.297960	122.00
0.297980	122.00
0.298000	123.00
0.298020	124.00
0.298040	125.00
0.298060	126.00
0.298080	128.00
0.298100	128.00
0.298120	128.00
0.298140	126.00
0.298160	125.00
0.298180	124.00
0.298200	123.00
0.298220	122.00
0.298240	123.00
0.298260	124.00
0.298280	126.00
0.298300	128.00
0.298320	129.00
0.298340	129.00
0.298360	128.00
0.298380	126.00
0.298400	124.00
0.298420	123.00
0.298440	122.00
0.298460	122.00
0.298480	124.00
0.298500	126.00
0.298520	128.00
0.298540	129.00
0.298560	130.00
0.298580	129.00
0.298600	127.00
0.298620	124.00
0.298640	122.00
0.298660	122.00
0.298680	122.00
0.298700	123.00
0.298720	123.00
0.298740	124.00
0.298760	125.00
0.298780	126.00
0.298800	127.00
0.298820	127.00
0.298840	126.00
0.298860	125.00
0.298880	123.00
0.298900	123.00
0.298920	123.00
0.298940	123.00
0.298960	123.00
0.298980	124.00
0.299000	125.00
0.299020	126.00
0.299040	127.00
0.299060	126.00
0.299080	125.00
0.299100	124.00
0.299120	124.00
0.299140	125.00
0.299160	126.00
0.299180	127.00
0.299200	127.00
0.299220	126.00
0.299240	125.00
0.299260	124.00
0.299280	123.00
0.299300	123.00
0.299320	124.00
0.299340	125.00
0.299360	126.00
0.299380	128.00
0.299400	129.00
0.299420	129.00
0.299440	129.00
0.299460	128.00
0.299480	126.00
0.299500	124.00
0.299520	123.00
0.299540	123.00
0.299560	124.00
0.299580	126.00
0.299600	127.00
0.299620	128.00
0.299640	129.00
0.299660	129.00
0.299680	128.00
0.299700	126.00
0.299720	125.00
0.299740	123.00
0.299760	122.00
0.299780	121.00
0.299800	121.00
0.299820	121.00
0.299840	121.00
0.299860	122.00
0.299880	123.00
0.299900	124.00
0.299920	124.00
0.299940	125.00
0.299960	126.00
0.299980	128.00
0.300000	128.00
0.300020	126.00
0.300040	124.00
0.300060	123.00
0.300080	122.00
0.300100	122.00
0.300120	122.00
0.300140	122.00
0.300160	124.00
0.300180	125.00
0.300200	127.00
0.300220	128.00
0.300240	127.00
0.300260	126.00
0.300280	125.00
0.300300	125.00
0.300320	125.00
0.300340	126.00
0.300360	127.00
0.300380	127.00
0.300400	127.00
0.300420	126.00
0.300440	126.00
0.300460	126.00
0.300480	126.00
0.300500	126.00
0.300520	125.00
0.300540	124.00
0.300560	123.00
0.300580	123.00
0.300600	124.00
0.300620	125.00
0.300640	125.00
0.300660	123.00
0.300680	122.00
0.300700	123.00
0.300720	124.00
0.300740	126.00
0.300760	126.00
0.300780	126.00
0.300800	124.00
0.300820	123.00
0.300840	123.00
0.300860	123.00
0.300880	123.00
0.300900	122.00
0.300920	122.00
0.300940	123.00
0.300960	124.00
0.300980	126.00
0.301000	127.00
0.301020	128.00
0.301040	128.00
0.301060	127.00
0.301080	127.00
0.301100	127.00
0.301120	127.00
0.301140	127.00
0.301160	126.00
0.301180	124.00
0.301200	123.00
0.301220	123.00
0.301240	124.00
0.301260	124.00
0.301280	125.00
0.301300	125.00
0.301320	126.00
0.301340	126.00
0.301360	127.00
0.301380	128.00
0.301400	129.00
0.301420	129.00
0.301440	128.00
0.301460	126.00
0.301480	124.00
0.301500	122.00
0.301520	122.00
0.301540	123.00
0.301560	124.00
0.301580	126.00
0.301600	128.00
0.301620	129.00
0.301640	129.00
0.301660	127.00
0.301680	125.00
0.301700	123.00
0.301720	122.00
0.301740	121.00
0.301760	121.00
0.301780	122.00
0.301800	123.00
0.301820	126.00
0.301840	128.00
0.301860	129.00
0.301880	129.00
0.301900	128.00
0.301920	127.00
0.301940	126.00
0.301960	124.00
0.301980	123.00
0.302000	122.00
0.302020	122.00
0.302040	124.00
0.302060	126.00
0.302080	127.00
0.302100	127.00
0.302120	127.00
0.302140	127.00
0.302160	127.00
0.302180	127.00
0.302200	126.00
0.302220	124.00
0.302240	123.00
0.302260	123.00
0.302280	124.00
0.302300	125.00
0.302320	126.00
0.302340	126.00
0.302360	126.00
0.302380	127.00
0.302400	127.00
0.302420	126.00
0.302440	124.00
0.302460	122.00
0.302480	121.00
0.302500	120.00
0.302520	121.00
0.302540	122.00
0.302560	123.00
0.302580	124.00
0.302600	125.00
0.302620	125.00
0.302640	126.00
0.302660	126.00
0.302680	127.00
0.302700	127.00
0.302720	126.00
0.302740	125.00
0.302760	123.00
0.302780	122.00
0.302800	122.00
0.302820	122.00
0.302840	123.00
0.302860	125.00
0.302880	127.00
0.302900	129.00
0.302920	129.00
0.302940	128.00
0.302960	127.00
0.302980	126.00
0.303000	125.00
0.303020	124.00
0.303040	124.00
0.303060	124.00
0.303080	124.00
0.303100	124.00
0.303120	125.00
0.303140	126.00
0.303160	127.00
0.303180	127.00
0.303200	127.00
0.303220	128.00
0.303240	127.00
0.303260	126.00
0.303280	125.00
0.303300	124.00
0.303320	125.00
0.303340	126.00
0.303360	126.00
0.303380	126.00
0.303400	125.00
0.303420	125.00
0.303440	125.00
0.303460	126.00
0.303480	125.00
0.303500	124.00
0.303520	123.00
0.303540	122.00
0.303560	122.00
0.303580	124.00
0.303600	125.00
0.303620	125.00
0.303640	124.00
0.303660	122.00
0.303680	121.00
0.303700	122.00
0.303720	123.00
0.303740	124.00
0.303760	125.00
0.303780	125.00
0.303800	125.00
0.303820	125.00
0.303840	126.00
0.303860	126.00
0.303880	126.00
0.303900	127.00
0.303920	126.00
0.303940	126.00
0.303960	125.00
0.303980	124.00
0.304000	124.00
0.304020	125.00
0.304040	125.00
0.304060	125.00
0.304080	125.00
0.304100	124.00
0.304120	124.00
0.304140	124.00
0.304160	124.00
0.304180	123.00
0.304200	124.00
0.304220	125.00
0.304240	126.00
0.304260	127.00
0.304280	127.00
0.304300	126.00
0.304320	126.00
0.304340	126.00
0.304360	126.00
0.304380	126.00
0.304400	124.00
0.304420	123.00
0.304440	123.00
0.304460	124.00
0.304480	126.00
0.304500	126.00
0.304520	126.00
0.304540	125.00
0.304560	124.00
0.304580	124.00
0.304600	124.00
0.304620	124.00
0.304640	124.00
0.304660	123.00
0.304680	122.00
0.304700	121.00
0.304720	121.00
0.304740	121.00
0.304760	122.00
0.304780	123.00
0.304800	125.00
0.304820	126.00
0.304840	127.00
0.304860	127.00
0.304880	126.00
0.304900	125.00
0.304920	124.00
0.304940	124.00
0.304960	124.00
0.304980	125.00
0.305000	125.00
0.305020	125.00
0.305040	125.00
0.305060	126.00
0.305080	126.00
0.305100	126.00
0.305120	126.00
0.305140	127.00
0.305160	127.00
0.305180	127.00
0.305200	126.00
0.305220	125.00
0.305240	125.00
0.305260	125.00
0.305280	125.00
0.305300	125.00
0.305320	124.00
0.305340	124.00
0.305360	124.00
0.305380	124.00
0.305400	124.00
0.305420	124.00
0.305440	124.00
0.305460	125.00
0.305480	126.00
0.305500	125.00
0.305520	124.00
0.305540	122.00
0.305560	123.00
0.305580	124.00
0.305600	125.00
0.305620	125.00
0.305640	123.00
0.305660	122.00
0.305680	123.00
0.305700	125.00
0.305720	126.00
0.305740	126.00
0.305760	125.00
0.305780	125.00
0.305800	127.00
0.305820	128.00
0.305840	128.00
0.305860	127.00
0.305880	125.00
0.305900	125.00
0.305920	124.00
0.305940	124.00
0.305960	124.00
0.305980	124.00
0.306000	124.00
0.306020	124.00
0.306040	124.00
0.306060	125.00
0.306080	125.00
0.306100	126.00
0.306120	127.00
0.306140	127.00
0.306160	127.00
0.306180	127.00
0.306200	127.00
0.306220	126.00
0.306240	125.00
0.306260	124.00
0.306280	123.00
0.306300	123.00
0.306320	123.00
0.306340	123.00
0.306360	124.00
0.306380	126.00
0.306400	127.00
0.306420	127.00
0.306440	126.00
0.306460	125.00
0.306480	124.00
0.306500	123.00
0.306520	123.00
0.306540	122.00
0.306560	122.00
0.306580	122.00
0.306600	123.00
0.306620	124.00
0.306640	126.00
0.306660	127.00
0.306680	127.00
0.306700	127.00
0.306720	127.00
0.306740	126.00
0.306760	126.00
0.306780	125.00
0.306800	124.00
0.306820	123.00
0.306840	122.00
0.306860	123.00
0.306880	125.00
0.306900	127.00
0.306920	127.00
0.306940	127.00
0.306960	126.00
0.306980	126.00
0.307000	127.00
0.307020	127.00
0.307040	126.00
0.307060	126.00
0.307080	125.00
0.307100	125.00
0.307120	126.00
0.307140	127.00
0.307160	127.00
0.307180	127.00
0.307200	127.00
0.307220	127.00
0.307240	126.00
0.307260	125.00
0.307280	124.00
0.307300	124.00
0.307320	125.00
0.307340	125.00
0.307360	125.00
0.307380	124.00
0.307400	123.00
0.307420	124.00
0.307440	125.00
0.307460	125.00
0.307480	125.00
0.307500	124.00
0.307520	124.00
0.307540	123.00
0.307560	123.00
0.307580	123.00
0.307600	123.00
0.307620	123.00
0.307640	124.00
0.307660	125.00
0.307680	126.00
0.307700	126.00
0.307720	126.00
0.307740	125.00
0.307760	125.00
0.307780	125.00
0.307800	125.00
0.307820	125.00
0.307840	125.00
0.307860	125.00
0.307880	124.00
0.307900	125.00
0.307920	126.00
0.307940	127.00
0.307960	128.00
0.307980	128.00
0.308000	128.00
0.308020	127.00
0.308040	127.00
0.308060	126.00
0.308080	126.00
0.308100	125.00
0.308120	124.00
0.308140	123.00
0.308160	121.00
0.308180	121.00
0.308200	122.00
0.308220	124.00
0.308240	126.00
0.308260	126.00
0.308280	125.00
0.308300	124.00
0.308320	125.00
0.308340	126.00
0.308360	126.00
0.308380	126.00
0.308400	125.00
0.308420	124.00
0.308440	125.00
0.308460	126.00
0.308480	127.00
0.308500	127.00
0.308520	126.00
0.308540	126.00
0.308560	126.00
0.308580	126.00
0.308600	125.00
0.308620	124.00
0.308640	124.00
0.308660	124.00
0.308680	124.00
0.308700	125.00
0.308720	126.00
0.308740	126.00
0.308760	126.00
0.308780	125.00
0.308800	124.00
0.308820	125.00
0.308840	125.00
0.308860	125.00
0.308880	125.00
0.308900	125.00
0.308920	126.00
0.308940	127.00
0.308960	128.00
0.308980	128.00
0.309000	127.00
0.309020	126.00
0.309040	126.00
0.309060	126.00
0.309080	127.00
0.309100	128.00
0.309120	127.00
0.309140	126.00
0.309160	125.00
0.309180	125.00
0.309200	125.00
0.309220	125.00
0.309240	125.00
0.309260	124.00
0.309280	124.00
0.309300	123.00
0.309320	123.00
0.309340	124.00
0.309360	123.00
0.309380	123.00
0.309400	122.00
0.309420	123.00
0.309440	124.00
0.309460	125.00
0.309480	125.00
0.309500	124.00
0.309520	123.00
0.309540	122.00
0.309560	122.00
0.309580	122.00
0.309600	123.00
0.309620	125.00
0.309640	126.00
0.309660	126.00
0.309680	126.00
0.309700	126.00
0.309720	126.00
0.309740	126.00
0.309760	126.00
0.309780	126.00
0.309800	125.00
0.309820	124.00
0.309840	125.00
0.309860	126.00
0.309880	127.00
0.309900	128.00
0.309920	127.00
0.309940	126.00
0.309960	126.00
0.309980	126.00
0.310000	126.00
0.310020	126.00
0.310040	125.00
0.310060	125.00
0.310080	126.00
0.310100	126.00
0.310120	126.00
0.310140	125.00
0.310160	125.00
0.310180	125.00
0.310200	125.00
0.310220	125.00
0.310240	124.00
0.310260	123.00
0.310280	121.00
0.310300	120.00
0.310320	120.00
0.310340	121.00
0.310360	122.00
0.310380	123.00
0.310400	123.00
0.310420	123.00
0.310440	123.00
0.310460	123.00
0.310480	124.00
0.310500	125.00
0.310520	125.00
0.310540	125.00
0.310560	125.00
0.310580	125.00
0.310600	126.00
0.310620	126.00
0.310640	125.00
0.310660	125.00
0.310680	125.00
0.310700	124.00
0.310720	124.00
0.310740	124.00
0.310760	124.00
0.310780	124.00
0.310800	124.00
0.310820	124.00
0.310840	125.00
0.310860	125.00
0.310880	125.00
0.310900	125.00
0.310920	126.00
0.310940	126.00
0.310960	126.00
0.310980	126.00
0.311000	126.00
0.311020	126.00
0.311040	126.00
0.311060	126.00
0.311080	125.00
0.311100	125.00
0.311120	125.00
0.311140	125.00
0.311160	125.00
0.311180	125.00
0.311200	125.00
0.311220	124.00
0.311240	124.00
0.311260	124.00
0.311280	125.00
0.311300	126.00
0.311320	127.00
0.311340	127.00
0.311360	127.00
0.311380	126.00
0.311400	125.00
0.311420	124.00
0.311440	124.00
0.311460	123.00
0.311480	123.00
0.311500	123.00
0.311520	123.00
0.311540	123.00
0.311560	124.00
0.311580	125.00
0.311600	126.00
0.311620	126.00
0.311640	125.00
0.311660	125.00
0.311680	126.00
