0.261700	101.00
0.261720	48.00
0.261740	99.00
0.261760	138.00
0.261780	143.00
0.261800	125.00
0.261820	113.00
0.261840	120.00
0.261860	132.00
0.261880	134.00
0.261900	126.00
0.261920	120.00
0.261940	123.00
0.261960	130.00
0.261980	132.00
0.262000	127.00
0.262020	122.00
0.262040	123.00
0.262060	128.00
0.262080	129.00
0.262100	125.00
0.262120	121.00
0.262140	123.00
0.262160	127.00
0.262180	128.00
0.262200	124.00
0.262220	121.00
0.262240	123.00
0.262260	128.00
0.262280	130.00
0.262300	127.00
0.262320	124.00
0.262340	124.00
0.262360	126.00
0.262380	126.00
0.262400	123.00
0.262420	121.00
0.262440	122.00
0.262460	125.00
0.262480	126.00
0.262500	124.00
0.262520	122.00
0.262540	123.00
0.262560	125.00
0.262580	125.00
0.262600	123.00
0.262620	121.00
0.262640	121.00
0.262660	123.00
0.262680	125.00
0.262700	125.00
0.262720	124.00
0.262740	125.00
0.262760	127.00
0.262780	126.00
0.262800	125.00
0.262820	124.00
0.262840	125.00
0.262860	127.00
0.262880	127.00
0.262900	125.00
0.262920	123.00
0.262940	124.00
0.262960	127.00
0.262980	130.00
0.263000	129.00
0.263020	126.00
0.263040	124.00
0.263060	125.00
0.263080	126.00
0.263100	125.00
0.263120	124.00
0.263140	123.00
0.263160	124.00
0.263180	125.00
0.263200	125.00
0.263220	125.00
0.263240	126.00
0.263260	127.00
0.263280	127.00
0.263300	126.00
0.263320	124.00
0.263340	123.00
0.263360	124.00
0.263380	124.00
0.263400	123.00
0.263420	124.00
0.263440	125.00
0.263460	126.00
0.263480	126.00
0.263500	126.00
0.263520	124.00
0.263540	125.00
0.263560	126.00
0.263580	127.00
0.263600	126.00
0.263620	125.00
0.263640	126.00
0.263660	127.00
0.263680	127.00
0.263700	126.00
0.263720	125.00
0.263740	124.00
0.263760	125.00
0.263780	125.00
0.263800	126.00
0.263820	126.00
0.263840	127.00
0.263860	127.00
0.263880	126.00
0.263900	125.00
0.263920	123.00
0.263940	123.00
0.263960	124.00
0.263980	125.00
0.264000	125.00
0.264020	124.00
0.264040	125.00
0.264060	126.00
0.264080	126.00
0.264100	126.00
0.264120	125.00
0.264140	124.00
0.264160	125.00
0.264180	125.00
0.264200	124.00
0.264220	124.00
0.264240	124.00
0.264260	125.00
0.264280	126.00
0.264300	126.00
0.264320	126.00
0.264340	125.00
0.264360	125.00
0.264380	125.00
0.264400	124.00
0.264420	123.00
0.264440	124.00
0.264460	125.00
0.264480	126.00
0.264500	125.00
0.264520	124.00
0.264540	123.00
0.264560	123.00
0.264580	125.00
0.264600	125.00
0.264620	126.00
0.264640	126.00
0.264660	125.00
0.264680	125.00
0.264700	124.00
0.264720	124.00
0.264740	125.00
0.264760	125.00
0.264780	126.00
0.264800	125.00
0.264820	125.00
0.264840	125.00
0.264860	126.00
0.264880	127.00
0.264900	127.00
0.264920	126.00
0.264940	125.00
0.264960	124.00
0.264980	124.00
0.265000	124.00
0.265020	125.00
0.265040	125.00
0.265060	125.00
0.265080	125.00
0.265100	125.00
0.265120	125.00
0.265140	125.00
0.265160	126.00
0.265180	125.00
0.265200	123.00
0.265220	122.00
0.265240	122.00
0.265260	123.00
0.265280	124.00
0.265300	124.00
0.265320	123.00
0.265340	123.00
0.265360	124.00
0.265380	125.00
0.265400	125.00
0.265420	124.00
0.265440	124.00
0.265460	123.00
0.265480	124.00
0.265500	124.00
0.265520	124.00
0.265540	124.00
0.265560	125.00
0.265580	126.00
0.265600	126.00
0.265620	126.00
0.265640	126.00
0.265660	126.00
0.265680	127.00
0.265700	126.00
0.265720	126.00
0.265740	125.00
0.265760	125.00
0.265780	124.00
0.265800	124.00
0.265820	124.00
0.265840	126.00
0.265860	127.00
0.265880	127.00
0.265900	127.00
0.265920	126.00
0.265940	125.00
0.265960	124.00
0.265980	124.00
0.266000	125.00
0.266020	125.00
0.266040	126.00
0.266060	126.00
0.266080	126.00
0.266100	126.00
0.266120	126.00
0.266140	126.00
0.266160	127.00
0.266180	127.00
0.266200	127.00
0.266220	126.00
0.266240	125.00
0.266260	125.00
0.266280	125.00
0.266300	125.00
0.266320	125.00
0.266340	124.00
0.266360	125.00
0.266380	125.00
0.266400	125.00
0.266420	125.00
0.266440	125.00
0.266460	126.00
0.266480	126.00
0.266500	125.00
0.266520	124.00
0.266540	123.00
0.266560	124.00
0.266580	125.00
0.266600	126.00
0.266620	126.00
0.266640	126.00
0.266660	126.00
0.266680	126.00
0.266700	126.00
0.266720	125.00
0.266740	125.00
0.266760	125.00
0.266780	125.00
0.266800	125.00
0.266820	125.00
0.266840	125.00
0.266860	126.00
0.266880	126.00
0.266900	126.00
0.266920	126.00
0.266940	126.00
0.266960	126.00
0.266980	126.00
0.267000	125.00
0.267020	125.00
0.267040	125.00
0.267060	126.00
0.267080	126.00
0.267100	126.00
0.267120	125.00
0.267140	124.00
0.267160	124.00
0.267180	124.00
0.267200	124.00
0.267220	124.00
0.267240	124.00
0.267260	124.00
0.267280	125.00
0.267300	126.00
0.267320	126.00
0.267340	126.00
0.267360	125.00
0.267380	125.00
0.267400	124.00
0.267420	124.00
0.267440	123.00
0.267460	123.00
0.267480	123.00
0.267500	122.00
0.267520	122.00
0.267540	123.00
0.267560	124.00
0.267580	126.00
0.267600	127.00
0.267620	126.00
0.267640	126.00
0.267660	126.00
0.267680	126.00
0.267700	126.00
0.267720	126.00
0.267740	127.00
0.267760	127.00
0.267780	126.00
0.267800	126.00
0.267820	126.00
0.267840	127.00
0.267860	128.00
0.267880	128.00
0.267900	128.00
0.267920	127.00
0.267940	126.00
0.267960	126.00
0.267980	125.00
0.268000	126.00
0.268020	126.00
0.268040	126.00
0.268060	126.00
0.268080	125.00
0.268100	125.00
0.268120	125.00
0.268140	125.00
0.268160	125.00
0.268180	124.00
0.268200	124.00
0.268220	123.00
0.268240	123.00
0.268260	124.00
0.268280	124.00
0.268300	124.00
0.268320	124.00
0.268340	124.00
0.268360	124.00
0.268380	124.00
0.268400	124.00
0.268420	124.00
0.268440	124.00
0.268460	124.00
0.268480	124.00
0.268500	123.00
0.268520	123.00
0.268540	124.00
0.268560	125.00
0.268580	126.00
0.268600	127.00
0.268620	126.00
0.268640	125.00
0.268660	125.00
0.268680	124.00
0.268700	123.00
0.268720	123.00
0.268740	122.00
0.268760	123.00
0.268780	124.00
0.268800	125.00
0.268820	126.00
0.268840	127.00
0.268860	127.00
0.268880	126.00
0.268900	125.00
0.268920	125.00
0.268940	126.00
0.268960	127.00
0.268980	127.00
0.269000	126.00
0.269020	125.00
0.269040	124.00
0.269060	124.00
0.269080	125.00
0.269100	125.00
0.269120	125.00
0.269140	126.00
0.269160	125.00
0.269180	125.00
0.269200	124.00
0.269220	123.00
0.269240	122.00
0.269260	122.00
0.269280	122.00
0.269300	122.00
0.269320	122.00
0.269340	123.00
0.269360	124.00
0.269380	125.00
0.269400	125.00
0.269420	125.00
0.269440	126.00
0.269460	126.00
0.269480	127.00
0.269500	126.00
0.269520	126.00
0.269540	125.00
0.269560	125.00
0.269580	125.00
0.269600	125.00
0.269620	125.00
0.269640	124.00
0.269660	124.00
0.269680	125.00
0.269700	127.00
0.269720	128.00
0.269740	127.00
0.269760	126.00
0.269780	126.00
0.269800	125.00
0.269820	126.00
0.269840	126.00
0.269860	126.00
0.269880	126.00
0.269900	126.00
0.269920	127.00
0.269940	128.00
0.269960	127.00
0.269980	126.00
0.270000	125.00
0.270020	124.00
0.270040	124.00
0.270060	124.00
0.270080	124.00
0.270100	125.00
0.270120	125.00
0.270140	125.00
0.270160	124.00
0.270180	123.00
0.270200	122.00
0.270220	121.00
0.270240	121.00
0.270260	122.00
0.270280	122.00
0.270300	123.00
0.270320	124.00
0.270340	125.00
0.270360	126.00
0.270380	126.00
0.270400	125.00
0.270420	125.00
0.270440	125.00
0.270460	126.00
0.270480	126.00
0.270500	125.00
0.270520	125.00
0.270540	125.00
0.270560	126.00
0.270580	126.00
0.270600	125.00
0.270620	125.00
0.270640	125.00
0.270660	125.00
0.270680	125.00
0.270700	126.00
0.270720	126.00
0.270740	126.00
0.270760	126.00
0.270780	125.00
0.270800	125.00
0.270820	126.00
0.270840	127.00
0.270860	128.00
0.270880	127.00
0.270900	127.00
0.270920	126.00
0.270940	127.00
0.270960	128.00
0.270980	128.00
0.271000	128.00
0.271020	128.00
0.271040	126.00
0.271060	125.00
0.271080	125.00
0.271100	125.00
0.271120	124.00
0.271140	124.00
0.271160	124.00
0.271180	123.00
0.271200	123.00
0.271220	123.00
0.271240	123.00
0.271260	123.00
0.271280	123.00
0.271300	122.00
0.271320	123.00
0.271340	123.00
0.271360	124.00
0.271380	124.00
0.271400	125.00
0.271420	125.00
0.271440	126.00
0.271460	126.00
0.271480	127.00
0.271500	126.00
0.271520	126.00
0.271540	126.00
0.271560	126.00
0.271580	125.00
0.271600	124.00
0.271620	124.00
0.271640	125.00
0.271660	126.00
0.271680	126.00
0.271700	126.00
0.271720	125.00
0.271740	126.00
0.271760	126.00
0.271780	126.00
0.271800	125.00
0.271820	124.00
0.271840	124.00
0.271860	124.00
0.271880	125.00
0.271900	125.00
0.271920	125.00
0.271940	125.00
0.271960	125.00
0.271980	125.00
0.272000	125.00
0.272020	125.00
0.272040	125.00
0.272060	125.00
0.272080	125.00
0.272100	125.00
0.272120	125.00
0.272140	124.00
0.272160	123.00
0.272180	123.00
0.272200	123.00
0.272220	124.00
0.272240	124.00
0.272260	125.00
0.272280	124.00
0.272300	124.00
0.272320	124.00
0.272340	124.00
0.272360	125.00
0.272380	125.00
0.272400	125.00
0.272420	126.00
0.272440	126.00
0.272460	127.00
0.272480	127.00
0.272500	127.00
0.272520	126.00
0.272540	125.00
0.272560	124.00
0.272580	124.00
0.272600	125.00
0.272620	126.00
0.272640	127.00
0.272660	127.00
0.272680	126.00
0.272700	126.00
0.272720	126.00
0.272740	127.00
0.272760	127.00
0.272780	127.00
0.272800	126.00
0.272820	126.00
0.272840	127.00
0.272860	127.00
0.272880	126.00
0.272900	125.00
0.272920	125.00
0.272940	125.00
0.272960	125.00
0.272980	124.00
0.273000	123.00
0.273020	123.00
0.273040	125.00
0.273060	125.00
0.273080	125.00
0.273100	123.00
0.273120	122.00
0.273140	122.00
0.273160	124.00
0.273180	125.00
0.273200	125.00
0.273220	124.00
0.273240	124.00
0.273260	124.00
0.273280	124.00
0.273300	125.00
0.273320	125.00
0.273340	127.00
0.273360	128.00
0.273380	128.00
0.273400	127.00
0.273420	125.00
0.273440	125.00
0.273460	125.00
0.273480	126.00
0.273500	126.00
0.273520	125.00
0.273540	125.00
0.273560	125.00
0.273580	126.00
0.273600	127.00
0.273620	126.00
0.273640	126.00
0.273660	125.00
0.273680	125.00
0.273700	125.00
0.273720	124.00
0.273740	124.00
0.273760	124.00
0.273780	125.00
0.273800	126.00
0.273820	126.00
0.273840	126.00
0.273860	125.00
0.273880	125.00
0.273900	125.00
0.273920	124.00
0.273940	124.00
0.273960	124.00
0.273980	124.00
0.274000	123.00
0.274020	123.00
0.274040	123.00
0.274060	123.00
0.274080	124.00
0.274100	124.00
0.274120	125.00
0.274140	126.00
0.274160	126.00
0.274180	125.00
0.274200	124.00
0.274220	123.00
0.274240	124.00
0.274260	126.00
0.274280	127.00
0.274300	127.00
0.274320	127.00
0.274340	127.00
0.274360	127.00
0.274380	126.00
0.274400	125.00
0.274420	124.00
0.274440	123.00
0.274460	124.00
0.274480	125.00
0.274500	125.00
0.274520	124.00
0.274540	124.00
0.274560	123.00
0.274580	124.00
0.274600	126.00
0.274620	127.00
0.274640	128.00
0.274660	128.00
0.274680	128.00
0.274700	128.00
0.274720	127.00
0.274740	126.00
0.274760	125.00
0.274780	125.00
0.274800	125.00
0.274820	124.00
0.274840	123.00
0.274860	122.00
0.274880	123.00
0.274900	124.00
0.274920	125.00
0.274940	126.00
0.274960	127.00
0.274980	127.00
0.275000	127.00
0.275020	127.00
0.275040	127.00
0.275060	126.00
0.275080	125.00
0.275100	124.00
0.275120	124.00
0.275140	124.00
0.275160	124.00
0.275180	123.00
0.275200	123.00
0.275220	123.00
0.275240	124.00
0.275260	125.00
0.275280	125.00
0.275300	125.00
0.275320	125.00
0.275340	125.00
0.275360	126.00
0.275380	126.00
0.275400	125.00
0.275420	124.00
0.275440	123.00
0.275460	124.00
0.275480	125.00
0.275500	126.00
0.275520	127.00
0.275540	127.00
0.275560	127.00
0.275580	127.00
0.275600	126.00
0.275620	126.00
0.275640	125.00
0.275660	126.00
0.275680	126.00
0.275700	127.00
0.275720	127.00
0.275740	126.00
0.275760	125.00
0.275780	125.00
0.275800	125.00
0.275820	125.00
0.275840	124.00
0.275860	124.00
0.275880	123.00
0.275900	122.00
0.275920	123.00
0.275940	124.00
0.275960	124.00
0.275980	124.00
0.276000	124.00
0.276020	124.00
0.276040	124.00
0.276060	125.00
0.276080	124.00
0.276100	123.00
0.276120	122.00
0.276140	122.00
0.276160	123.00
0.276180	123.00
0.276200	124.00
0.276220	124.00
0.276240	124.00
0.276260	126.00
0.276280	127.00
0.276300	127.00
0.276320	127.00
0.276340	127.00
0.276360	126.00
0.276380	125.00
0.276400	124.00
0.276420	124.00
0.276440	125.00
0.276460	126.00
0.276480	128.00
0.276500	128.00
0.276520	127.00
0.276540	126.00
0.276560	125.00
0.276580	125.00
0.276600	126.00
0.276620	126.00
0.276640	126.00
0.276660	126.00
0.276680	126.00
0.276700	125.00
0.276720	125.00
0.276740	125.00
0.276760	126.00
0.276780	125.00
0.276800	124.00
0.276820	124.00
0.276840	124.00
0.276860	124.00
0.276880	125.00
0.276900	124.00
0.276920	123.00
0.276940	122.00
0.276960	123.00
0.276980	124.00
0.277000	125.00
0.277020	125.00
0.277040	125.00
0.277060	125.00
0.277080	126.00
0.277100	126.00
0.277120	125.00
0.277140	125.00
0.277160	125.00
0.277180	126.00
0.277200	127.00
0.277220	126.00
0.277240	125.00
0.277260	125.00
0.277280	125.00
0.277300	127.00
0.277320	128.00
0.277340	128.00
0.277360	127.00
0.277380	125.00
0.277400	124.00
0.277420	123.00
0.277440	124.00
0.277460	124.00
0.277480	124.00
0.277500	124.00
0.277520	124.00
0.277540	126.00
0.277560	127.00
0.277580	129.00
0.277600	129.00
0.277620	128.00
0.277640	127.00
0.277660	126.00
0.277680	126.00
0.277700	126.00
0.277720	125.00
0.277740	124.00
0.277760	123.00
0.277780	123.00
0.277800	124.00
0.277820	124.00
0.277840	125.00
0.277860	125.00
0.277880	125.00
0.277900	125.00
0.277920	125.00
0.277940	125.00
0.277960	125.00
0.277980	125.00
0.278000	124.00
0.278020	124.00
0.278040	124.00
0.278060	125.00
0.278080	125.00
0.278100	125.00
0.278120	124.00
0.278140	123.00
0.278160	123.00
0.278180	124.00
0.278200	125.00
0.278220	125.00
0.278240	126.00
0.278260	126.00
0.278280	126.00
0.278300	126.00
0.278320	126.00
0.278340	125.00
0.278360	125.00
0.278380	125.00
0.278400	126.00
0.278420	126.00
0.278440	126.00
0.278460	126.00
0.278480	126.00
0.278500	126.00
0.278520	126.00
0.278540	125.00
0.278560	124.00
0.278580	123.00
0.278600	123.00
0.278620	124.00
0.278640	126.00
0.278660	128.00
0.278680	128.00
0.278700	127.00
0.278720	125.00
0.278740	123.00
0.278760	123.00
0.278780	124.00
0.278800	125.00
0.278820	125.00
0.278840	124.00
0.278860	123.00
0.278880	122.00
0.278900	122.00
0.278920	123.00
0.278940	125.00
0.278960	125.00
0.278980	125.00
0.279000	123.00
0.279020	122.00
0.279040	121.00
0.279060	122.00
0.279080	123.00
0.279100	124.00
0.279120	124.00
0.279140	123.00
0.279160	123.00
0.279180	123.00
0.279200	124.00
0.279220	125.00
0.279240	126.00
0.279260	126.00
0.279280	126.00
0.279300	126.00
0.279320	125.00
0.279340	125.00
0.279360	125.00
0.279380	125.00
0.279400	125.00
0.279420	125.00
0.279440	125.00
0.279460	126.00
0.279480	127.00
0.279500	127.00
0.279520	127.00
0.279540	126.00
0.279560	125.00
0.279580	125.00
0.279600	124.00
0.279620	124.00
0.279640	123.00
0.279660	122.00
0.279680	123.00
0.279700	124.00
0.279720	126.00
0.279740	127.00
0.279760	128.00
0.279780	128.00
0.279800	128.00
0.279820	127.00
0.279840	126.00
0.279860	124.00
0.279880	122.00
0.279900	121.00
0.279920	122.00
0.279940	123.00
0.279960	124.00
0.279980	125.00
0.280000	125.00
0.280020	125.00
0.280040	125.00
0.280060	125.00
0.280080	125.00
0.280100	125.00
0.280120	127.00
0.280140	128.00
0.280160	130.00
0.280180	131.00
0.280200	130.00
0.280220	128.00
0.280240	125.00
0.280260	123.00
0.280280	122.00
0.280300	122.00
0.280320	124.00
0.280340	127.00
0.280360	129.00
0.280380	131.00
0.280400	133.00
0.280420	133.00
0.280440	131.00
0.280460	128.00
0.280480	125.00
0.280500	122.00
0.280520	121.00
0.280540	122.00
0.280560	124.00
0.280580	126.00
0.280600	128.00
0.280620	129.00
0.280640	130.00
0.280660	129.00
0.280680	127.00
0.280700	124.00
0.280720	122.00
0.280740	121.00
0.280760	121.00
0.280780	121.00
0.280800	122.00
0.280820	124.00
0.280840	126.00
0.280860	127.00
0.280880	127.00
0.280900	125.00
0.280920	122.00
0.280940	120.00
0.280960	120.00
0.280980	121.00
0.281000	124.00
0.281020	127.00
0.281040	130.00
0.281060	132.00
0.281080	130.00
0.281100	125.00
0.281120	118.00
0.281140	112.00
0.281160	112.00
0.281180	116.00
0.281200	124.00
0.281220	132.00
0.281240	137.00
0.281260	139.00
0.281280	137.00
0.281300	131.00
0.281320	123.00
0.281340	116.00
0.281360	113.00
0.281380	114.00
0.281400	119.00
0.281420	125.00
0.281440	130.00
0.281460	133.00
0.281480	133.00
0.281500	129.00
0.281520	124.00
0.281540	119.00
0.281560	117.00
0.281580	118.00
0.281600	124.00
0.281620	130.00
0.281640	135.00
0.281660	136.00
0.281680	131.00
0.281700	122.00
0.281720	112.00
0.281740	105.00
0.281760	103.00
0.281780	110.00
0.281800	122.00
0.281820	135.00
0.281840	144.00
0.281860	148.00
0.281880	145.00
0.281900	136.00
0.281920	124.00
0.281940	111.00
0.281960	100.00
0.281980	97.00
0.282000	102.00
0.282020	115.00
0.282040	131.00
0.282060	146.00
0.282080	153.00
0.282100	152.00
0.282120	143.00
0.282140	129.00
0.282160	116.00
0.282180	106.00
0.282200	103.00
0.282220	107.00
0.282240	116.00
0.282260	128.00
0.282280	137.00
0.282300	142.00
0.282320	141.00
0.282340	136.00
0.282360	129.00
0.282380	123.00
0.282400	120.00
0.282420	119.00
0.282440	121.00
0.282460	122.00
0.282480	123.00
0.282500	122.00
0.282520	122.00
0.282540	123.00
0.282560	125.00
0.282580	127.00
0.282600	129.00
0.282620	131.00
0.282640	132.00
0.282660	131.00
0.282680	127.00
0.282700	122.00
0.282720	117.00
0.282740	114.00
0.282760	116.00
0.282780	121.00
0.282800	127.00
0.282820	133.00
0.282840	136.00
0.282860	134.00
0.282880	130.00
0.282900	123.00
0.282920	118.00
0.282940	116.00
0.282960	116.00
0.282980	119.00
0.283000	123.00
0.283020	128.00
0.283040	132.00
0.283060	135.00
0.283080	135.00
0.283100	133.00
0.283120	128.00
0.283140	123.00
0.283160	118.00
0.283180	114.00
0.283200	113.00
0.283220	116.00
0.283240	121.00
0.283260	128.00
0.283280	135.00
0.283300	139.00
0.283320	140.00
0.283340	136.00
0.283360	129.00
0.283380	121.00
0.283400	114.00
0.283420	110.00
0.283440	110.00
0.283460	115.00
0.283480	123.00
0.283500	132.00
0.283520	138.00
0.283540	140.00
0.283560	137.00
0.283580	131.00
0.283600	123.00
0.283620	115.00
0.283640	111.00
0.283660	111.00
0.283680	115.00
0.283700	122.00
0.283720	129.00
0.283740	134.00
0.283760	135.00
0.283780	133.00
0.283800	130.00
0.283820	126.00
0.283840	122.00
0.283860	119.00
0.283880	118.00
0.283900	119.00
0.283920	120.00
0.283940	123.00
0.283960	126.00
0.283980	129.00
0.284000	131.00
0.284020	132.00
0.284040	132.00
0.284060	130.00
0.284080	127.00
0.284100	123.00
0.284120	120.00
0.284140	117.00
0.284160	118.00
0.284180	120.00
0.284200	125.00
0.284220	129.00
0.284240	132.00
0.284260	132.00
0.284280	130.00
0.284300	127.00
0.284320	123.00
0.284340	121.00
0.284360	119.00
0.284380	120.00
0.284400	124.00
0.284420	128.00
0.284440	131.00
0.284460	133.00
0.284480	131.00
0.284500	127.00
0.284520	122.00
0.284540	118.00
0.284560	116.00
0.284580	116.00
0.284600	120.00
0.284620	126.00
0.284640	132.00
0.284660	135.00
0.284680	135.00
0.284700	131.00
0.284720	124.00
0.284740	117.00
0.284760	112.00
0.284780	112.00
0.284800	114.00
0.284820	119.00
0.284840	124.00
0.284860	128.00
0.284880	131.00
0.284900	131.00
0.284920	130.00
0.284940	127.00
0.284960	124.00
0.284980	123.00
0.285000	124.00
0.285020	125.00
0.285040	126.00
0.285060	126.00
0.285080	125.00
0.285100	124.00
0.285120	124.00
0.285140	124.00
0.285160	125.00
0.285180	126.00
0.285200	127.00
0.285220	129.00
0.285240	131.00
0.285260	130.00
0.285280	128.00
0.285300	125.00
0.285320	123.00
0.285340	121.00
0.285360	120.00
0.285380	119.00
0.285400	120.00
0.285420	121.00
0.285440	125.00
0.285460	128.00
0.285480	131.00
0.285500	133.00
0.285520	134.00
0.285540	132.00
0.285560	128.00
0.285580	121.00
0.285600	115.00
0.285620	111.00
0.285640	111.00
0.285660	115.00
0.285680	121.00
0.285700	127.00
0.285720	131.00
0.285740	134.00
0.285760	135.00
0.285780	134.00
0.285800	131.00
0.285820	127.00
0.285840	123.00
0.285860	120.00
0.285880	118.00
0.285900	118.00
0.285920	118.00
0.285940	120.00
0.285960	122.00
0.285980	125.00
0.286000	128.00
0.286020	132.00
0.286040	136.00
0.286060	136.00
0.286080	134.00
0.286100	128.00
0.286120	122.00
0.286140	117.00
0.286160	114.00
0.286180	114.00
0.286200	117.00
0.286220	121.00
0.286240	126.00
0.286260	131.00
0.286280	134.00
0.286300	136.00
0.286320	136.00
0.286340	134.00
0.286360	131.00
0.286380	125.00
0.286400	120.00
0.286420	117.00
0.286440	116.00
0.286460	117.00
0.286480	119.00
0.286500	121.00
0.286520	124.00
0.286540	126.00
0.286560	129.00
0.286580	130.00
0.286600	129.00
0.286620	127.00
0.286640	125.00
0.286660	123.00
0.286680	121.00
0.286700	119.00
0.286720	117.00
0.286740	117.00
0.286760	119.00
0.286780	123.00
0.286800	127.00
0.286820	130.00
0.286840	133.00
0.286860	134.00
0.286880	134.00
0.286900	132.00
0.286920	129.00
0.286940	124.00
0.286960	121.00
0.286980	119.00
0.287000	118.00
0.287020	118.00
0.287040	120.00
0.287060	124.00
0.287080	128.00
0.287100	132.00
0.287120	133.00
0.287140	131.00
0.287160	128.00
0.287180	124.00
0.287200	122.00
0.287220	121.00
0.287240	123.00
0.287260	126.00
0.287280	129.00
0.287300	131.00
0.287320	130.00
0.287340	128.00
0.287360	125.00
0.287380	121.00
0.287400	118.00
0.287420	116.00
0.287440	117.00
0.287460	120.00
0.287480	126.00
0.287500	131.00
0.287520	134.00
0.287540	134.00
0.287560	131.00
0.287580	127.00
0.287600	122.00
0.287620	118.00
0.287640	115.00
0.287660	115.00
0.287680	117.00
0.287700	121.00
0.287720	125.00
0.287740	127.00
0.287760	129.00
0.287780	130.00
0.287800	131.00
0.287820	131.00
0.287840	130.00
0.287860	127.00
0.287880	125.00
0.287900	122.00
0.287920	120.00
0.287940	119.00
0.287960	120.00
0.287980	122.00
0.288000	126.00
0.288020	129.00
0.288040	130.00
0.288060	130.00
0.288080	128.00
0.288100	126.00
0.288120	125.00
0.288140	123.00
0.288160	122.00
0.288180	122.00
0.288200	123.00
0.288220	125.00
0.288240	127.00
0.288260	128.00
0.288280	127.00
0.288300	126.00
0.288320	126.00
0.288340	127.00
0.288360	128.00
0.288380	127.00
0.288400	125.00
0.288420	123.00
0.288440	122.00
0.288460	121.00
0.288480	120.00
0.288500	119.00
0.288520	120.00
0.288540	122.00
0.288560	125.00
0.288580	128.00
0.288600	130.00
0.288620	130.00
0.288640	128.00
0.288660	125.00
0.288680	122.00
0.288700	120.00
0.288720	120.00
0.288740	121.00
0.288760	124.00
0.288780	127.00
0.288800	130.00
0.288820	130.00
0.288840	129.00
0.288860	126.00
0.288880	124.00
0.288900	123.00
0.288920	123.00
0.288940	124.00
0.288960	124.00
0.288980	124.00
0.289000	124.00
0.289020	124.00
0.289040	126.00
0.289060	126.00
0.289080	127.00
0.289100	126.00
0.289120	126.00
0.289140	126.00
0.289160	126.00
0.289180	125.00
0.289200	124.00
0.289220	123.00
0.289240	123.00
0.289260	124.00
0.289280	126.00
0.289300	127.00
0.289320	128.00
0.289340	127.00
0.289360	126.00
0.289380	124.00
0.289400	121.00
0.289420	119.00
0.289440	119.00
0.289460	120.00
0.289480	122.00
0.289500	123.00
0.289520	125.00
0.289540	126.00
0.289560	127.00
0.289580	128.00
0.289600	128.00
0.289620	126.00
0.289640	124.00
0.289660	121.00
0.289680	119.00
0.289700	119.00
0.289720	120.00
0.289740	123.00
0.289760	125.00
0.289780	126.00
0.289800	127.00
0.289820	128.00
0.289840	128.00
0.289860	128.00
0.289880	126.00
0.289900	123.00
0.289920	121.00
0.289940	121.00
0.289960	123.00
0.289980	126.00
0.290000	127.00
0.290020	128.00
0.290040	128.00
0.290060	128.00
0.290080	127.00
0.290100	126.00
0.290120	125.00
0.290140	126.00
0.290160	127.00
0.290180	129.00
0.290200	131.00
0.290220	131.00
0.290240	129.00
0.290260	125.00
0.290280	121.00
0.290300	118.00
0.290320	116.00
0.290340	118.00
0.290360	121.00
0.290380	126.00
0.290400	130.00
0.290420	133.00
0.290440	133.00
0.290460	131.00
0.290480	128.00
0.290500	122.00
0.290520	117.00
0.290540	114.00
0.290560	114.00
0.290580	116.00
0.290600	120.00
0.290620	125.00
0.290640	128.00
0.290660	129.00
0.290680	129.00
0.290700	128.00
0.290720	126.00
0.290740	125.00
0.290760	124.00
0.290780	125.00
0.290800	127.00
0.290820	128.00
0.290840	128.00
0.290860	128.00
0.290880	127.00
0.290900	126.00
0.290920	125.00
0.290940	125.00
0.290960	125.00
0.290980	125.00
0.291000	125.00
0.291020	125.00
0.291040	126.00
0.291060	126.00
0.291080	126.00
0.291100	126.00
0.291120	127.00
0.291140	127.00
0.291160	127.00
0.291180	126.00
0.291200	124.00
0.291220	121.00
0.291240	119.00
0.291260	119.00
0.291280	119.00
0.291300	121.00
0.291320	124.00
0.291340	127.00
0.291360	130.00
0.291380	130.00
0.291400	129.00
0.291420	126.00
0.291440	123.00
0.291460	121.00
0.291480	121.00
0.291500	122.00
0.291520	123.00
0.291540	124.00
0.291560	125.00
0.291580	126.00
0.291600	127.00
0.291620	127.00
0.291640	128.00
0.291660	129.00
0.291680	129.00
0.291700	129.00
0.291720	127.00
0.291740	125.00
0.291760	123.00
0.291780	122.00
0.291800	121.00
0.291820	122.00
0.291840	123.00
0.291860	126.00
0.291880	128.00
0.291900	130.00
0.291920	130.00
0.291940	129.00
0.291960	126.00
0.291980	124.00
0.292000	122.00
0.292020	122.00
0.292040	122.00
0.292060	124.00
0.292080	125.00
0.292100	126.00
0.292120	127.00
0.292140	127.00
0.292160	127.00
0.292180	125.00
0.292200	123.00
0.292220	122.00
0.292240	122.00
0.292260	124.00
0.292280	125.00
0.292300	126.00
0.292320	126.00
0.292340	125.00
0.292360	124.00
0.292380	124.00
0.292400	123.00
0.292420	122.00
0.292440	120.00
0.292460	120.00
0.292480	121.00
0.292500	123.00
0.292520	125.00
0.292540	125.00
0.292560	125.00
0.292580	126.00
0.292600	128.00
0.292620	129.00
0.292640	128.00
0.292660	126.00
0.292680	123.00
0.292700	121.00
0.292720	122.00
0.292740	124.00
0.292760	127.00
0.292780	129.00
0.292800	131.00
0.292820	131.00
0.292840	130.00
0.292860	127.00
0.292880	125.00
0.292900	123.00
0.292920	123.00
0.292940	124.00
0.292960	126.00
0.292980	127.00
0.293000	128.00
0.293020	128.00
0.293040	128.00
0.293060	127.00
0.293080	125.00
0.293100	123.00
0.293120	122.00
0.293140	123.00
0.293160	125.00
0.293180	127.00
0.293200	128.00
0.293220	129.00
0.293240	129.00
0.293260	128.00
0.293280	127.00
0.293300	125.00
0.293320	123.00
0.293340	122.00
0.293360	122.00
0.293380	122.00
0.293400	123.00
0.293420	124.00
0.293440	125.00
0.293460	126.00
0.293480	126.00
0.293500	126.00
0.293520	126.00
0.293540	126.00
0.293560	127.00
0.293580	128.00
0.293600	128.00
0.293620	126.00
0.293640	124.00
0.293660	122.00
0.293680	122.00
0.293700	121.00
0.293720	122.00
0.293740	124.00
0.293760	125.00
0.293780	127.00
0.293800	128.00
0.293820	128.00
0.293840	128.00
0.293860	127.00
0.293880	125.00
0.293900	123.00
0.293920	122.00
0.293940	121.00
0.293960	122.00
0.293980	123.00
0.294000	126.00
0.294020	128.00
0.294040	130.00
0.294060	130.00
0.294080	129.00
0.294100	127.00
0.294120	124.00
0.294140	122.00
0.294160	121.00
0.294180	122.00
0.294200	122.00
0.294220	123.00
0.294240	124.00
0.294260	125.00
0.294280	126.00
0.294300	126.00
0.294320	126.00
0.294340	125.00
0.294360	124.00
0.294380	123.00
0.294400	123.00
0.294420	123.00
0.294440	123.00
0.294460	123.00
0.294480	123.00
0.294500	122.00
0.294520	122.00
0.294540	122.00
0.294560	123.00
0.294580	124.00
0.294600	124.00
0.294620	125.00
0.294640	126.00
0.294660	127.00
0.294680	127.00
0.294700	127.00
0.294720	127.00
0.294740	126.00
0.294760	126.00
0.294780	125.00
0.294800	125.00
0.294820	123.00
0.294840	123.00
0.294860	124.00
0.294880	126.00
0.294900	129.00
0.294920	131.00
0.294940	132.00
0.294960	130.00
0.294980	127.00
0.295000	123.00
0.295020	120.00
0.295040	118.00
0.295060	118.00
0.295080	120.00
0.295100	123.00
0.295120	126.00
0.295140	127.00
0.295160	127.00
0.295180	126.00
0.295200	124.00
0.295220	122.00
0.295240	120.00
0.295260	121.00
0.295280	123.00
0.295300	125.00
0.295320	127.00
0.295340	128.00
0.295360	128.00
0.295380	127.00
0.295400	125.00
0.295420	123.00
0.295440	122.00
0.295460	123.00
0.295480	124.00
0.295500	126.00
0.295520	127.00
0.295540	128.00
0.295560	128.00
0.295580	127.00
0.295600	127.00
0.295620	126.00
0.295640	125.00
0.295660	125.00
0.295680	125.00
0.295700	126.00
0.295720	126.00
0.295740	127.00
0.295760	126.00
0.295780	126.00
0.295800	125.00
0.295820	125.00
0.295840	125.00
0.295860	126.00
0.295880	128.00
0.295900	128.00
0.295920	128.00
0.295940	127.00
0.295960	126.00
0.295980	125.00
0.296000	125.00
0.296020	125.00
0.296040	124.00
0.296060	124.00
0.296080	124.00
0.296100	125.00
0.296120	125.00
0.296140	125.00
0.296160	124.00
0.296180	123.00
0.296200	124.00
0.296220	124.00
0.296240	125.00
0.296260	124.00
0.296280	124.00
0.296300	124.00
0.296320	125.00
0.296340	125.00
0.296360	125.00
0.296380	124.00
0.296400	122.00
0.296420	121.00
0.296440	121.00
0.296460	123.00
0.296480	125.00
0.296500	126.00
0.296520	127.00
0.296540	127.00
0.296560	127.00
0.296580	126.00
0.296600	126.00
0.296620	125.00
0.296640	123.00
0.296660	122.00
0.296680	121.00
0.296700	121.00
0.296720	122.00
0.296740	124.00
0.296760	126.00
0.296780	127.00
0.296800	128.00
0.296820	128.00
0.296840	128.00
0.296860	128.00
0.296880	127.00
0.296900	126.00
0.296920	124.00
0.296940	123.00
0.296960	121.00
0.296980	121.00
0.297000	122.00
0.297020	123.00
0.297040	125.00
0.297060	127.00
0.297080	128.00
0.297100	129.00
0.297120	127.00
0.297140	124.00
0.297160	121.00
0.297180	119.00
0.297200	119.00
0.297220	121.00
0.297240	123.00
0.297260	124.00
0.297280	126.00
0.297300	127.00
0.297320	128.00
0.297340	128.00
0.297360	126.00
0.297380	123.00
0.297400	122.00
0.297420	122.00
0.297440	124.00
0.297460	126.00
0.297480	127.00
0.297500	126.00
0.297520	125.00
0.297540	125.00
0.297560	124.00
0.297580	124.00
0.297600	123.00
0.297620	122.00
0.297640	123.00
0.297660	125.00
0.297680	127.00
0.297700	130.00
0.297720	130.00
0.297740	130.00
0.297760	127.00
0.297780	125.00
0.297800	122.00
0.297820	122.00
0.297840	122.00
0.297860	125.00
0.297880	128.00
0.297900	130.00
0.297920	130.00
0.297940	129.00
0.297960	127.00
0.297980	125.00
0.298000	123.00
0.298020	121.00
0.298040	120.00
0.298060	120.00
0.298080	122.00
0.298100	123.00
0.298120	124.00
0.298140	125.00
0.298160	127.00
0.298180	128.00
0.298200	128.00
0.298220	127.00
0.298240	124.00
0.298260	121.00
0.298280	119.00
0.298300	118.00
0.298320	119.00
0.298340	121.00
0.298360	124.00
0.298380	127.00
0.298400	129.00
0.298420	130.00
0.298440	130.00
0.298460	129.00
0.298480	127.00
0.298500	125.00
0.298520	124.00
0.298540	122.00
0.298560	122.00
0.298580	123.00
0.298600	125.00
0.298620	126.00
0.298640	127.00
0.298660	126.00
0.298680	125.00
0.298700	125.00
0.298720	124.00
0.298740	124.00
0.298760	125.00
0.298780	127.00
0.298800	129.00
0.298820	131.00
0.298840	131.00
0.298860	130.00
0.298880	128.00
0.298900	126.00
0.298920	124.00
0.298940	121.00
0.298960	119.00
0.298980	119.00
0.299000	120.00
0.299020	122.00
0.299040	125.00
0.299060	128.00
0.299080	130.00
0.299100	131.00
0.299120	130.00
0.299140	128.00
0.299160	124.00
0.299180	120.00
0.299200	118.00
0.299220	118.00
0.299240	119.00
0.299260	122.00
0.299280	125.00
0.299300	127.00
0.299320	129.00
0.299340	130.00
0.299360	129.00
0.299380	127.00
0.299400	124.00
0.299420	121.00
0.299440	120.00
0.299460	120.00
0.299480	122.00
0.299500	125.00
0.299520	127.00
0.299540	127.00
0.299560	125.00
0.299580	124.00
0.299600	123.00
0.299620	123.00
0.299640	124.00
0.299660	126.00
0.299680	128.00
0.299700	130.00
0.299720	132.00
0.299740	132.00
0.299760	130.00
0.299780	125.00
0.299800	121.00
0.299820	119.00
0.299840	118.00
0.299860	120.00
0.299880	121.00
0.299900	124.00
0.299920	126.00
0.299940	128.00
0.299960	129.00
0.299980	128.00
0.300000	127.00
0.300020	126.00
0.300040	125.00
0.300060	125.00
0.300080	124.00
0.300100	123.00
0.300120	123.00
0.300140	123.00
0.300160	123.00
0.300180	123.00
0.300200	124.00
0.300220	125.00
0.300240	126.00
0.300260	126.00
0.300280	126.00
0.300300	126.00
0.300320	127.00
0.300340	128.00
0.300360	130.00
0.300380	129.00
0.300400	127.00
0.300420	124.00
0.300440	122.00
0.300460	123.00
0.300480	125.00
0.300500	128.00
0.300520	129.00
0.300540	130.00
0.300560	129.00
0.300580	127.00
0.300600	126.00
0.300620	125.00
0.300640	124.00
0.300660	124.00
0.300680	124.00
0.300700	124.00
0.300720	125.00
0.300740	126.00
0.300760	127.00
0.300780	127.00
0.300800	127.00
0.300820	127.00
0.300840	125.00
0.300860	124.00
0.300880	122.00
0.300900	121.00
0.300920	121.00
0.300940	122.00
0.300960	124.00
0.300980	126.00
0.301000	128.00
0.301020	128.00
0.301040	128.00
0.301060	126.00
0.301080	125.00
0.301100	123.00
0.301120	122.00
0.301140	121.00
0.301160	121.00
0.301180	121.00
0.301200	121.00
0.301220	122.00
0.301240	124.00
0.301260	126.00
0.301280	127.00
0.301300	127.00
0.301320	125.00
0.301340	124.00
0.301360	123.00
0.301380	124.00
0.301400	125.00
0.301420	126.00
0.301440	126.00
0.301460	126.00
0.301480	127.00
0.301500	128.00
0.301520	128.00
0.301540	128.00
0.301560	128.00
0.301580	127.00
0.301600	127.00
0.301620	126.00
0.301640	124.00
0.301660	123.00
0.301680	123.00
0.301700	124.00
0.301720	126.00
0.301740	127.00
0.301760	127.00
0.301780	128.00
0.301800	127.00
0.301820	126.00
0.301840	124.00
0.301860	122.00
0.301880	121.00
0.301900	121.00
0.301920	123.00
0.301940	126.00
0.301960	127.00
0.301980	127.00
0.302000	127.00
0.302020	126.00
0.302040	124.00
0.302060	123.00
0.302080	122.00
0.302100	121.00
0.302120	122.00
0.302140	122.00
0.302160	123.00
0.302180	124.00
0.302200	125.00
0.302220	127.00
0.302240	128.00
0.302260	127.00
0.302280	126.00
0.302300	124.00
0.302320	124.00
0.302340	124.00
0.302360	124.00
0.302380	123.00
0.302400	123.00
0.302420	123.00
0.302440	124.00
0.302460	126.00
0.302480	128.00
0.302500	129.00
0.302520	129.00
0.302540	129.00
0.302560	128.00
0.302580	128.00
0.302600	127.00
0.302620	126.00
0.302640	124.00
0.302660	123.00
0.302680	124.00
0.302700	125.00
0.302720	126.00
0.302740	127.00
0.302760	128.00
0.302780	128.00
0.302800	127.00
0.302820	126.00
0.302840	124.00
0.302860	123.00
0.302880	123.00
0.302900	123.00
0.302920	124.00
0.302940	124.00
0.302960	124.00
0.302980	124.00
0.303000	124.00
0.303020	125.00
0.303040	124.00
0.303060	123.00
0.303080	122.00
0.303100	122.00
0.303120	122.00
0.303140	123.00
0.303160	123.00
0.303180	124.00
0.303200	124.00
0.303220	125.00
0.303240	125.00
0.303260	125.00
0.303280	125.00
0.303300	124.00
0.303320	123.00
0.303340	123.00
0.303360	124.00
0.303380	126.00
0.303400	126.00
0.303420	126.00
0.303440	126.00
0.303460	125.00
0.303480	125.00
0.303500	126.00
0.303520	127.00
0.303540	128.00
0.303560	128.00
0.303580	127.00
0.303600	126.00
0.303620	125.00
0.303640	125.00
0.303660	125.00
0.303680	124.00
0.303700	123.00
0.303720	124.00
0.303740	125.00
0.303760	126.00
0.303780	127.00
0.303800	127.00
0.303820	126.00
0.303840	126.00
0.303860	125.00
0.303880	125.00
0.303900	125.00
0.303920	124.00
0.303940	124.00
0.303960	124.00
0.303980	125.00
0.304000	125.00
0.304020	124.00
0.304040	123.00
0.304060	123.00
0.304080	123.00
0.304100	124.00
0.304120	125.00
0.304140	125.00
0.304160	124.00
0.304180	123.00
0.304200	123.00
0.304220	124.00
0.304240	125.00
0.304260	126.00
0.304280	126.00
0.304300	126.00
0.304320	125.00
0.304340	125.00
0.304360	125.00
0.304380	125.00
0.304400	125.00
0.304420	125.00
0.304440	125.00
0.304460	125.00
0.304480	124.00
0.304500	123.00
0.304520	123.00
0.304540	124.00
0.304560	124.00
0.304580	124.00
0.304600	125.00
0.304620	126.00
0.304640	127.00
0.304660	127.00
0.304680	127.00
0.304700	125.00
0.304720	124.00
0.304740	123.00
0.304760	123.00
0.304780	124.00
0.304800	125.00
0.304820	125.00
0.304840	125.00
0.304860	125.00
0.304880	125.00
0.304900	125.00
0.304920	125.00
0.304940	124.00
0.304960	124.00
0.304980	123.00
0.305000	123.00
0.305020	124.00
0.305040	124.00
0.305060	125.00
0.305080	125.00
0.305100	125.00
0.305120	125.00
0.305140	126.00
0.305160	126.00
0.305180	126.00
0.305200	125.00
0.305220	125.00
0.305240	125.00
0.305260	125.00
0.305280	126.00
0.305300	126.00
0.305320	126.00
0.305340	126.00
0.305360	126.00
0.305380	124.00
0.305400	123.00
0.305420	123.00
0.305440	123.00
0.305460	124.00
0.305480	124.00
0.305500	125.00
0.305520	125.00
0.305540	126.00
0.305560	127.00
0.305580	127.00
0.305600	127.00
0.305620	127.00
0.305640	126.00
0.305660	125.00
0.305680	124.00
0.305700	124.00
0.305720	124.00
0.305740	124.00
0.305760	125.00
0.305780	126.00
0.305800	126.00
0.305820	126.00
0.305840	126.00
0.305860	126.00
0.305880	125.00
0.305900	125.00
0.305920	124.00
0.305940	123.00
0.305960	122.00
0.305980	122.00
0.306000	122.00
0.306020	122.00
0.306040	123.00
0.306060	124.00
0.306080	125.00
0.306100	126.00
0.306120	126.00
0.306140	126.00
0.306160	126.00
0.306180	125.00
0.306200	125.00
0.306220	124.00
0.306240	124.00
0.306260	123.00
0.306280	122.00
0.306300	122.00
0.306320	122.00
0.306340	123.00
0.306360	125.00
0.306380	126.00
0.306400	127.00
0.306420	128.00
0.306440	128.00
0.306460	129.00
0.306480	128.00
0.306500	128.00
0.306520	126.00
0.306540	125.00
0.306560	125.00
0.306580	125.00
0.306600	125.00
0.306620	124.00
0.306640	123.00
0.306660	123.00
0.306680	124.00
0.306700	125.00
0.306720	126.00
0.306740	126.00
0.306760	125.00
0.306780	125.00
0.306800	124.00
0.306820	124.00
0.306840	124.00
0.306860	124.00
0.306880	123.00
0.306900	123.00
0.306920	122.00
0.306940	122.00
0.306960	123.00
0.306980	125.00
0.307000	125.00
0.307020	125.00
0.307040	124.00
0.307060	124.00
0.307080	124.00
0.307100	126.00
0.307120	126.00
0.307140	126.00
0.307160	125.00
0.307180	124.00
0.307200	124.00
0.307220	125.00
0.307240	125.00
0.307260	125.00
0.307280	125.00
0.307300	125.00
0.307320	125.00
0.307340	125.00
0.307360	125.00
0.307380	124.00
0.307400	125.00
0.307420	126.00
0.307440	127.00
0.307460	127.00
0.307480	127.00
0.307500	126.00
0.307520	125.00
0.307540	125.00
0.307560	125.00
0.307580	125.00
0.307600	125.00
0.307620	125.00
0.307640	126.00
0.307660	125.00
0.307680	125.00
0.307700	124.00
0.307720	124.00
0.307740	123.00
0.307760	123.00
0.307780	123.00
0.307800	125.00
0.307820	126.00
0.307840	126.00
0.307860	124.00
0.307880	123.00
0.307900	122.00
0.307920	123.00
0.307940	125.00
0.307960	125.00
0.307980	125.00
0.308000	124.00
0.308020	125.00
0.308040	127.00
0.308060	128.00
0.308080	128.00
0.308100	126.00
0.308120	125.00
0.308140	125.00
0.308160	126.00
0.308180	126.00
0.308200	126.00
0.308220	126.00
0.308240	126.00
0.308260	126.00
0.308280	125.00
0.308300	125.00
0.308320	125.00
0.308340	126.00
0.308360	127.00
0.308380	127.00
0.308400	126.00
0.308420	126.00
0.308440	126.00
0.308460	126.00
0.308480	125.00
0.308500	124.00
0.308520	124.00
0.308540	124.00
0.308560	125.00
0.308580	126.00
0.308600	126.00
0.308620	126.00
0.308640	126.00
0.308660	126.00
0.308680	125.00
0.308700	125.00
0.308720	125.00
0.308740	125.00
0.308760	125.00
0.308780	125.00
0.308800	124.00
0.308820	123.00
0.308840	122.00
0.308860	123.00
0.308880	123.00
0.308900	123.00
0.308920	123.00
0.308940	123.00
0.308960	124.00
0.308980	125.00
0.309000	125.00
0.309020	125.00
0.309040	125.00
0.309060	125.00
0.309080	126.00
0.309100	126.00
0.309120	127.00
0.309140	127.00
0.309160	126.00
0.309180	126.00
0.309200	125.00
0.309220	125.00
0.309240	126.00
0.309260	126.00
0.309280	126.00
0.309300	126.00
0.309320	127.00
0.309340	127.00
0.309360	127.00
0.309380	127.00
0.309400	126.00
0.309420	125.00
0.309440	124.00
0.309460	124.00
0.309480	124.00
0.309500	123.00
0.309520	123.00
0.309540	123.00
0.309560	123.00
0.309580	124.00
0.309600	125.00
0.309620	126.00
0.309640	124.00
0.309660	123.00
0.309680	123.00
0.309700	123.00
0.309720	125.00
0.309740	126.00
0.309760	125.00
0.309780	125.00
0.309800	124.00
0.309820	124.00
0.309840	125.00
0.309860	126.00
0.309880	126.00
0.309900	126.00
0.309920	125.00
0.309940	125.00
0.309960	125.00
0.309980	125.00
0.310000	124.00
0.310020	124.00
0.310040	124.00
0.310060	125.00
0.310080	125.00
0.310100	126.00
0.310120	126.00
0.310140	125.00
0.310160	124.00
0.310180	123.00
0.310200	124.00
0.310220	124.00
0.310240	125.00
0.310260	125.00
0.310280	125.00
0.310300	125.00
0.310320	126.00
0.310340	126.00
0.310360	126.00
0.310380	125.00
0.310400	125.00
0.310420	126.00
0.310440	126.00
0.310460	126.00
0.310480	126.00
0.310500	125.00
0.310520	125.00
0.310540	125.00
0.310560	125.00
0.310580	124.00
0.310600	123.00
0.310620	123.00
0.310640	124.00
0.310660	125.00
0.310680	126.00
0.310700	125.00
0.310720	124.00
0.310740	124.00
0.310760	124.00
0.310780	124.00
0.310800	124.00
0.310820	124.00
0.310840	125.00
0.310860	125.00
0.310880	126.00
0.310900	126.00
0.310920	126.00
0.310940	125.00
0.310960	125.00
0.310980	125.00
0.311000	125.00
0.311020	124.00
0.311040	124.00
0.311060	124.00
0.311080	124.00
0.311100	124.00
0.311120	124.00
0.311140	124.00
0.311160	124.00
0.311180	125.00
0.311200	125.00
0.311220	126.00
0.311240	126.00
0.311260	126.00
0.311280	126.00
0.311300	126.00
0.311320	126.00
0.311340	127.00
0.311360	128.00
0.311380	128.00
0.311400	127.00
0.311420	126.00
0.311440	124.00
0.311460	123.00
0.311480	123.00
0.311500	123.00
0.311520	123.00
0.311540	123.00
0.311560	124.00
0.311580	124.00
0.311600	124.00
0.311620	124.00
0.311640	124.00
0.311660	124.00
0.311680	125.00
