0.217300	101.00
0.217320	48.00
0.217340	98.00
0.217360	137.00
0.217380	143.00
0.217400	126.00
0.217420	112.00
0.217440	115.00
0.217460	128.00
0.217480	135.00
0.217500	133.00
0.217520	129.00
0.217540	132.00
0.217560	137.00
0.217580	137.00
0.217600	131.00
0.217620	125.00
0.217640	124.00
0.217660	125.00
0.217680	124.00
0.217700	120.00
0.217720	117.00
0.217740	117.00
0.217760	118.00
0.217780	119.00
0.217800	120.00
0.217820	124.00
0.217840	131.00
0.217860	136.00
0.217880	133.00
0.217900	126.00
0.217920	122.00
0.217940	124.00
0.217960	128.00
0.217980	128.00
0.218000	124.00
0.218020	120.00
0.218040	121.00
0.218060	127.00
0.218080	130.00
0.218100	129.00
0.218120	127.00
0.218140	129.00
0.218160	133.00
0.218180	134.00
0.218200	130.00
0.218220	124.00
0.218240	123.00
0.218260	129.00
0.218280	137.00
0.218300	142.00
0.218320	141.00
0.218340	132.00
0.218360	118.00
0.218380	102.00
0.218400	90.00
0.218420	88.00
0.218440	100.00
0.218460	123.00
0.218480	148.00
0.218500	165.00
0.218520	167.00
0.218540	153.00
0.218560	128.00
0.218580	100.00
0.218600	79.00
0.218620	70.00
0.218640	76.00
0.218660	95.00
0.218680	120.00
0.218700	145.00
0.218720	164.00
0.218740	171.00
0.218760	163.00
0.218780	143.00
0.218800	117.00
0.218820	94.00
0.218840	82.00
0.218860	83.00
0.218880	95.00
0.218900	114.00
0.218920	135.00
0.218940	152.00
0.218960	162.00
0.218980	162.00
0.219000	156.00
0.219020	146.00
0.219040	134.00
0.219060	120.00
0.219080	107.00
0.219100	98.00
0.219120	95.00
0.219140	99.00
0.219160	106.00
0.219180	116.00
0.219200	128.00
0.219220	142.00
0.219240	154.00
0.219260	158.00
0.219280	149.00
0.219300	132.00
0.219320	114.00
0.219340	102.00
0.219360	97.00
0.219380	96.00
0.219400	97.00
0.219420	101.00
0.219440	110.00
0.219460	123.00
0.219480	136.00
0.219500	144.00
0.219520	147.00
0.219540	146.00
0.219560	142.00
0.219580	135.00
0.219600	127.00
0.219620	120.00
0.219640	115.00
0.219660	111.00
0.219680	109.00
0.219700	109.00
0.219720	114.00
0.219740	124.00
0.219760	134.00
0.219780	139.00
0.219800	136.00
0.219820	131.00
0.219840	129.00
0.219860	131.00
0.219880	133.00
0.219900	129.00
0.219920	121.00
0.219940	115.00
0.219960	116.00
0.219980	122.00
0.220000	129.00
0.220020	132.00
0.220040	131.00
0.220060	131.00
0.220080	132.00
0.220100	134.00
0.220120	134.00
0.220140	132.00
0.220160	131.00
0.220180	132.00
0.220200	135.00
0.220220	137.00
0.220240	138.00
0.220260	138.00
0.220280	135.00
0.220300	130.00
0.220320	124.00
0.220340	120.00
0.220360	116.00
0.220380	113.00
0.220400	109.00
0.220420	107.00
0.220440	107.00
0.220460	111.00
0.220480	118.00
0.220500	124.00
0.220520	127.00
0.220540	127.00
0.220560	127.00
0.220580	129.00
0.220600	131.00
0.220620	130.00
0.220640	126.00
0.220660	121.00
0.220680	118.00
0.220700	119.00
0.220720	121.00
0.220740	122.00
0.220760	122.00
0.220780	122.00
0.220800	125.00
0.220820	129.00
0.220840	132.00
0.220860	134.00
0.220880	135.00
0.220900	137.00
0.220920	139.00
0.220940	140.00
0.220960	139.00
0.220980	136.00
0.221000	133.00
0.221020	132.00
0.221040	131.00
0.221060	130.00
0.221080	129.00
0.221100	128.00
0.221120	128.00
0.221140	129.00
0.221160	129.00
0.221180	130.00
0.221200	132.00
0.221220	135.00
0.221240	136.00
0.221260	134.00
0.221280	129.00
0.221300	124.00
0.221320	121.00
0.221340	120.00
0.221360	119.00
0.221380	115.00
0.221400	111.00
0.221420	109.00
0.221440	110.00
0.221460	113.00
0.221480	114.00
0.221500	116.00
0.221520	118.00
0.221540	122.00
0.221560	125.00
0.221580	125.00
0.221600	122.00
0.221620	119.00
0.221640	120.00
0.221660	125.00
0.221680	130.00
0.221700	133.00
0.221720	132.00
0.221740	130.00
0.221760	126.00
0.221780	125.00
0.221800	126.00
0.221820	130.00
0.221840	134.00
0.221860	137.00
0.221880	137.00
0.221900	133.00
0.221920	130.00
0.221940	129.00
0.221960	132.00
0.221980	136.00
0.222000	138.00
0.222020	137.00
0.222040	135.00
0.222060	133.00
0.222080	131.00
0.222100	129.00
0.222120	128.00
0.222140	125.00
0.222160	123.00
0.222180	122.00
0.222200	121.00
0.222220	120.00
0.222240	119.00
0.222260	117.00
0.222280	115.00
0.222300	115.00
0.222320	118.00
0.222340	123.00
0.222360	126.00
0.222380	124.00
0.222400	121.00
0.222420	119.00
0.222440	120.00
0.222460	122.00
0.222480	121.00
0.222500	117.00
0.222520	112.00
0.222540	111.00
0.222560	114.00
0.222580	119.00
0.222600	124.00
0.222620	127.00
0.222640	129.00
0.222660	130.00
0.222680	128.00
0.222700	125.00
0.222720	123.00
0.222740	125.00
0.222760	129.00
0.222780	132.00
0.222800	132.00
0.222820	129.00
0.222840	126.00
0.222860	126.00
0.222880	129.00
0.222900	133.00
0.222920	134.00
0.222940	134.00
0.222960	133.00
0.222980	134.00
0.223000	135.00
0.223020	136.00
0.223040	135.00
0.223060	132.00
0.223080	129.00
0.223100	126.00
0.223120	125.00
0.223140	125.00
0.223160	126.00
0.223180	126.00
0.223200	125.00
0.223220	123.00
0.223240	120.00
0.223260	119.00
0.223280	118.00
0.223300	118.00
0.223320	119.00
0.223340	119.00
0.223360	120.00
0.223380	121.00
0.223400	121.00
0.223420	121.00
0.223440	123.00
0.223460	126.00
0.223480	128.00
0.223500	128.00
0.223520	125.00
0.223540	122.00
0.223560	124.00
0.223580	128.00
0.223600	134.00
0.223620	135.00
0.223640	131.00
0.223660	124.00
0.223680	121.00
0.223700	122.00
0.223720	127.00
0.223740	131.00
0.223760	132.00
0.223780	130.00
0.223800	128.00
0.223820	129.00
0.223840	131.00
0.223860	133.00
0.223880	132.00
0.223900	130.00
0.223920	127.00
0.223940	126.00
0.223960	126.00
0.223980	127.00
0.224000	128.00
0.224020	129.00
0.224040	128.00
0.224060	125.00
0.224080	123.00
0.224100	123.00
0.224120	124.00
0.224140	126.00
0.224160	124.00
0.224180	120.00
0.224200	116.00
0.224220	117.00
0.224240	122.00
0.224260	127.00
0.224280	128.00
0.224300	125.00
0.224320	120.00
0.224340	118.00
0.224360	119.00
0.224380	121.00
0.224400	121.00
0.224420	120.00
0.224440	119.00
0.224460	119.00
0.224480	119.00
0.224500	120.00
0.224520	121.00
0.224540	126.00
0.224560	132.00
0.224580	136.00
0.224600	137.00
0.224620	134.00
0.224640	131.00
0.224660	129.00
0.224680	128.00
0.224700	127.00
0.224720	126.00
0.224740	125.00
0.224760	126.00
0.224780	128.00
0.224800	127.00
0.224820	125.00
0.224840	125.00
0.224860	127.00
0.224880	130.00
0.224900	131.00
0.224920	128.00
0.224940	123.00
0.224960	120.00
0.224980	122.00
0.225000	125.00
0.225020	126.00
0.225040	124.00
0.225060	122.00
0.225080	122.00
0.225100	124.00
0.225120	124.00
0.225140	122.00
0.225160	120.00
0.225180	119.00
0.225200	120.00
0.225220	122.00
0.225240	123.00
0.225260	122.00
0.225280	121.00
0.225300	122.00
0.225320	123.00
0.225340	123.00
0.225360	122.00
0.225380	121.00
0.225400	120.00
0.225420	119.00
0.225440	119.00
0.225460	120.00
0.225480	121.00
0.225500	124.00
0.225520	126.00
0.225540	127.00
0.225560	129.00
0.225580	131.00
0.225600	134.00
0.225620	135.00
0.225640	134.00
0.225660	132.00
0.225680	131.00
0.225700	131.00
0.225720	133.00
0.225740	134.00
0.225760	134.00
0.225780	134.00
0.225800	134.00
0.225820	134.00
0.225840	134.00
0.225860	132.00
0.225880	130.00
0.225900	129.00
0.225920	129.00
0.225940	130.00
0.225960	130.00
0.225980	128.00
0.226000	126.00
0.226020	124.00
0.226040	122.00
0.226060	120.00
0.226080	120.00
0.226100	120.00
0.226120	121.00
0.226140	122.00
0.226160	121.00
0.226180	119.00
0.226200	118.00
0.226220	118.00
0.226240	118.00
0.226260	118.00
0.226280	117.00
0.226300	118.00
0.226320	119.00
0.226340	119.00
0.226360	119.00
0.226380	119.00
0.226400	120.00
0.226420	121.00
0.226440	124.00
0.226460	126.00
0.226480	128.00
0.226500	130.00
0.226520	132.00
0.226540	131.00
0.226560	128.00
0.226580	125.00
0.226600	125.00
0.226620	128.00
0.226640	132.00
0.226660	135.00
0.226680	134.00
0.226700	131.00
0.226720	130.00
0.226740	130.00
0.226760	131.00
0.226780	130.00
0.226800	130.00
0.226820	130.00
0.226840	130.00
0.226860	129.00
0.226880	128.00
0.226900	126.00
0.226920	126.00
0.226940	127.00
0.226960	128.00
0.226980	127.00
0.227000	126.00
0.227020	124.00
0.227040	123.00
0.227060	123.00
0.227080	122.00
0.227100	121.00
0.227120	121.00
0.227140	121.00
0.227160	120.00
0.227180	120.00
0.227200	121.00
0.227220	123.00
0.227240	124.00
0.227260	122.00
0.227280	116.00
0.227300	111.00
0.227320	110.00
0.227340	115.00
0.227360	120.00
0.227380	123.00
0.227400	123.00
0.227420	124.00
0.227440	128.00
0.227460	133.00
0.227480	134.00
0.227500	130.00
0.227520	126.00
0.227540	124.00
0.227560	124.00
0.227580	125.00
0.227600	123.00
0.227620	122.00
0.227640	125.00
0.227660	131.00
0.227680	135.00
0.227700	133.00
0.227720	127.00
0.227740	123.00
0.227760	125.00
0.227780	130.00
0.227800	135.00
0.227820	134.00
0.227840	132.00
0.227860	130.00
0.227880	130.00
0.227900	130.00
0.227920	128.00
0.227940	125.00
0.227960	124.00
0.227980	126.00
0.228000	128.00
0.228020	127.00
0.228040	125.00
0.228060	123.00
0.228080	123.00
0.228100	124.00
0.228120	123.00
0.228140	122.00
0.228160	122.00
0.228180	123.00
0.228200	124.00
0.228220	124.00
0.228240	121.00
0.228260	119.00
0.228280	118.00
0.228300	120.00
0.228320	122.00
0.228340	124.00
0.228360	124.00
0.228380	125.00
0.228400	125.00
0.228420	126.00
0.228440	127.00
0.228460	128.00
0.228480	129.00
0.228500	129.00
0.228520	127.00
0.228540	124.00
0.228560	123.00
0.228580	124.00
0.228600	127.00
0.228620	128.00
0.228640	129.00
0.228660	129.00
0.228680	129.00
0.228700	130.00
0.228720	130.00
0.228740	129.00
0.228760	128.00
0.228780	128.00
0.228800	129.00
0.228820	131.00
0.228840	131.00
0.228860	130.00
0.228880	129.00
0.228900	128.00
0.228920	127.00
0.228940	126.00
0.228960	126.00
0.228980	126.00
0.229000	126.00
0.229020	126.00
0.229040	125.00
0.229060	123.00
0.229080	122.00
0.229100	122.00
0.229120	123.00
0.229140	122.00
0.229160	122.00
0.229180	121.00
0.229200	122.00
0.229220	121.00
0.229240	119.00
0.229260	116.00
0.229280	116.00
0.229300	119.00
0.229320	123.00
0.229340	125.00
0.229360	126.00
0.229380	125.00
0.229400	124.00
0.229420	123.00
0.229440	122.00
0.229460	121.00
0.229480	122.00
0.229500	126.00
0.229520	129.00
0.229540	130.00
0.229560	127.00
0.229580	125.00
0.229600	125.00
0.229620	129.00
0.229640	133.00
0.229660	135.00
0.229680	134.00
0.229700	132.00
0.229720	132.00
0.229740	132.00
0.229760	133.00
0.229780	133.00
0.229800	132.00
0.229820	132.00
0.229840	132.00
0.229860	130.00
0.229880	127.00
0.229900	124.00
0.229920	122.00
0.229940	123.00
0.229960	125.00
0.229980	125.00
0.230000	123.00
0.230020	119.00
0.230040	115.00
0.230060	115.00
0.230080	116.00
0.230100	119.00
0.230120	122.00
0.230140	121.00
0.230160	119.00
0.230180	118.00
0.230200	119.00
0.230220	122.00
0.230240	126.00
0.230260	126.00
0.230280	124.00
0.230300	123.00
0.230320	125.00
0.230340	130.00
0.230360	135.00
0.230380	135.00
0.230400	131.00
0.230420	127.00
0.230440	125.00
0.230460	126.00
0.230480	128.00
0.230500	129.00
0.230520	129.00
0.230540	133.00
0.230560	138.00
0.230580	142.00
0.230600	141.00
0.230620	134.00
0.230640	128.00
0.230660	126.00
0.230680	131.00
0.230700	138.00
0.230720	141.00
0.230740	137.00
0.230760	129.00
0.230780	122.00
0.230800	121.00
0.230820	126.00
0.230840	131.00
0.230860	134.00
0.230880	133.00
0.230900	131.00
0.230920	128.00
0.230940	126.00
0.230960	124.00
0.230980	121.00
0.231000	118.00
0.231020	116.00
0.231040	116.00
0.231060	117.00
0.231080	117.00
0.231100	117.00
0.231120	116.00
0.231140	117.00
0.231160	119.00
0.231180	121.00
0.231200	120.00
0.231220	119.00
0.231240	117.00
0.231260	119.00
0.231280	123.00
0.231300	128.00
0.231320	130.00
0.231340	130.00
0.231360	127.00
0.231380	124.00
0.231400	123.00
0.231420	125.00
0.231440	127.00
0.231460	128.00
0.231480	127.00
0.231500	126.00
0.231520	127.00
0.231540	130.00
0.231560	133.00
0.231580	134.00
0.231600	134.00
0.231620	132.00
0.231640	129.00
0.231660	125.00
0.231680	122.00
0.231700	120.00
0.231720	119.00
0.231740	120.00
0.231760	120.00
0.231780	119.00
0.231800	118.00
0.231820	119.00
0.231840	122.00
0.231860	126.00
0.231880	128.00
0.231900	127.00
0.231920	124.00
0.231940	121.00
0.231960	122.00
0.231980	124.00
0.232000	124.00
0.232020	123.00
0.232040	121.00
0.232060	121.00
0.232080	121.00
0.232100	122.00
0.232120	120.00
0.232140	118.00
0.232160	118.00
0.232180	120.00
0.232200	121.00
0.232220	120.00
0.232240	120.00
0.232260	123.00
0.232280	130.00
0.232300	136.00
0.232320	135.00
0.232340	127.00
0.232360	119.00
0.232380	119.00
0.232400	126.00
0.232420	135.00
0.232440	137.00
0.232460	132.00
0.232480	126.00
0.232500	124.00
0.232520	127.00
0.232540	131.00
0.232560	133.00
0.232580	132.00
0.232600	131.00
0.232620	133.00
0.232640	137.00
0.232660	138.00
0.232680	136.00
0.232700	131.00
0.232720	125.00
0.232740	120.00
0.232760	117.00
0.232780	119.00
0.232800	124.00
0.232820	127.00
0.232840	126.00
0.232860	121.00
0.232880	117.00
0.232900	116.00
0.232920	120.00
0.232940	124.00
0.232960	126.00
0.232980	126.00
0.233000	126.00
0.233020	126.00
0.233040	124.00
0.233060	121.00
0.233080	118.00
0.233100	117.00
0.233120	119.00
0.233140	121.00
0.233160	120.00
0.233180	119.00
0.233200	121.00
0.233220	127.00
0.233240	134.00
0.233260	136.00
0.233280	133.00
0.233300	129.00
0.233320	130.00
0.233340	133.00
0.233360	134.00
0.233380	130.00
0.233400	124.00
0.233420	121.00
0.233440	122.00
0.233460	126.00
0.233480	128.00
0.233500	127.00
0.233520	126.00
0.233540	127.00
0.233560	131.00
0.233580	133.00
0.233600	130.00
0.233620	127.00
0.233640	125.00
0.233660	127.00
0.233680	129.00
0.233700	129.00
0.233720	126.00
0.233740	123.00
0.233760	121.00
0.233780	122.00
0.233800	122.00
0.233820	121.00
0.233840	119.00
0.233860	119.00
0.233880	120.00
0.233900	120.00
0.233920	120.00
0.233940	119.00
0.233960	119.00
0.233980	119.00
0.234000	120.00
0.234020	119.00
0.234040	119.00
0.234060	120.00
0.234080	122.00
0.234100	124.00
0.234120	125.00
0.234140	126.00
0.234160	128.00
0.234180	130.00
0.234200	133.00
0.234220	133.00
0.234240	130.00
0.234260	126.00
0.234280	124.00
0.234300	123.00
0.234320	125.00
0.234340	127.00
0.234360	128.00
0.234380	128.00
0.234400	128.00
0.234420	128.00
0.234440	129.00
0.234460	129.00
0.234480	130.00
0.234500	129.00
0.234520	128.00
0.234540	127.00
0.234560	128.00
0.234580	131.00
0.234600	134.00
0.234620	133.00
0.234640	128.00
0.234660	122.00
0.234680	120.00
0.234700	123.00
0.234720	127.00
0.234740	129.00
0.234760	126.00
0.234780	122.00
0.234800	120.00
0.234820	123.00
0.234840	125.00
0.234860	124.00
0.234880	120.00
0.234900	115.00
0.234920	115.00
0.234940	119.00
0.234960	125.00
0.234980	127.00
0.235000	125.00
0.235020	120.00
0.235040	116.00
0.235060	115.00
0.235080	118.00
0.235100	121.00
0.235120	125.00
0.235140	128.00
0.235160	131.00
0.235180	134.00
0.235200	136.00
0.235220	135.00
0.235240	132.00
0.235260	129.00
0.235280	128.00
0.235300	130.00
0.235320	132.00
0.235340	134.00
0.235360	134.00
0.235380	134.00
0.235400	134.00
0.235420	133.00
0.235440	131.00
0.235460	128.00
0.235480	128.00
0.235500	130.00
0.235520	133.00
0.235540	133.00
0.235560	131.00
0.235580	128.00
0.235600	128.00
0.235620	129.00
0.235640	128.00
0.235660	124.00
0.235680	119.00
0.235700	117.00
0.235720	118.00
0.235740	120.00
0.235760	119.00
0.235780	115.00
0.235800	111.00
0.235820	111.00
0.235840	117.00
0.235860	125.00
0.235880	131.00
0.235900	132.00
0.235920	129.00
0.235940	124.00
0.235960	119.00
0.235980	117.00
0.236000	119.00
0.236020	121.00
0.236040	122.00
0.236060	120.00
0.236080	119.00
0.236100	122.00
0.236120	130.00
0.236140	137.00
0.236160	139.00
0.236180	135.00
0.236200	130.00
0.236220	129.00
0.236240	132.00
0.236260	135.00
0.236280	133.00
0.236300	127.00
0.236320	122.00
0.236340	122.00
0.236360	126.00
0.236380	131.00
0.236400	133.00
0.236420	134.00
0.236440	135.00
0.236460	136.00
0.236480	134.00
0.236500	128.00
0.236520	120.00
0.236540	113.00
0.236560	112.00
0.236580	117.00
0.236600	126.00
0.236620	135.00
0.236640	141.00
0.236660	143.00
0.236680	143.00
0.236700	139.00
0.236720	133.00
0.236740	125.00
0.236760	117.00
0.236780	111.00
0.236800	110.00
0.236820	111.00
0.236840	114.00
0.236860	117.00
0.236880	121.00
0.236900	125.00
0.236920	129.00
0.236940	131.00
0.236960	132.00
0.236980	130.00
0.237000	126.00
0.237020	121.00
0.237040	116.00
0.237060	112.00
0.237080	112.00
0.237100	115.00
0.237120	121.00
0.237140	128.00
0.237160	135.00
0.237180	141.00
0.237200	146.00
0.237220	145.00
0.237240	138.00
0.237260	128.00
0.237280	118.00
0.237300	113.00
0.237320	113.00
0.237340	117.00
0.237360	123.00
0.237380	130.00
0.237400	138.00
0.237420	145.00
0.237440	148.00
0.237460	145.00
0.237480	139.00
0.237500	132.00
0.237520	125.00
0.237540	119.00
0.237560	113.00
0.237580	109.00
0.237600	111.00
0.237620	119.00
0.237640	128.00
0.237660	132.00
0.237680	130.00
0.237700	129.00
0.237720	130.00
0.237740	132.00
0.237760	129.00
0.237780	118.00
0.237800	104.00
0.237820	93.00
0.237840	91.00
0.237860	96.00
0.237880	105.00
0.237900	115.00
0.237920	126.00
0.237940	135.00
0.237960	142.00
0.237980	141.00
0.238000	135.00
0.238020	126.00
0.238040	119.00
0.238060	116.00
0.238080	116.00
0.238100	117.00
0.238120	119.00
0.238140	122.00
0.238160	127.00
0.238180	133.00
0.238200	139.00
0.238220	142.00
0.238240	140.00
0.238260	132.00
0.238280	124.00
0.238300	120.00
0.238320	122.00
0.238340	129.00
0.238360	136.00
0.238380	138.00
0.238400	137.00
0.238420	134.00
0.238440	132.00
0.238460	131.00
0.238480	130.00
0.238500	129.00
0.238520	129.00
0.238540	130.00
0.238560	130.00
0.238580	127.00
0.238600	120.00
0.238620	114.00
0.238640	111.00
0.238660	114.00
0.238680	121.00
0.238700	129.00
0.238720	135.00
0.238740	137.00
0.238760	133.00
0.238780	124.00
0.238800	115.00
0.238820	109.00
0.238840	108.00
0.238860	110.00
0.238880	112.00
0.238900	114.00
0.238920	116.00
0.238940	120.00
0.238960	123.00
0.238980	125.00
0.239000	125.00
0.239020	126.00
0.239040	129.00
0.239060	131.00
0.239080	130.00
0.239100	127.00
0.239120	124.00
0.239140	125.00
0.239160	128.00
0.239180	130.00
0.239200	130.00
0.239220	130.00
0.239240	132.00
0.239260	137.00
0.239280	142.00
0.239300	140.00
0.239320	133.00
0.239340	125.00
0.239360	120.00
0.239380	122.00
0.239400	127.00
0.239420	133.00
0.239440	135.00
0.239460	133.00
0.239480	130.00
0.239500	126.00
0.239520	124.00
0.239540	125.00
0.239560	127.00
0.239580	128.00
0.239600	127.00
0.239620	125.00
0.239640	122.00
0.239660	121.00
0.239680	122.00
0.239700	123.00
0.239720	122.00
0.239740	121.00
0.239760	121.00
0.239780	122.00
0.239800	123.00
0.239820	123.00
0.239840	121.00
0.239860	120.00
0.239880	118.00
0.239900	118.00
0.239920	118.00
0.239940	119.00
0.239960	122.00
0.239980	127.00
0.240000	132.00
0.240020	135.00
0.240040	135.00
0.240060	133.00
0.240080	132.00
0.240100	133.00
0.240120	135.00
0.240140	135.00
0.240160	132.00
0.240180	128.00
0.240200	125.00
0.240220	126.00
0.240240	128.00
0.240260	129.00
0.240280	130.00
0.240300	131.00
0.240320	132.00
0.240340	134.00
0.240360	133.00
0.240380	131.00
0.240400	129.00
0.240420	128.00
0.240440	129.00
0.240460	129.00
0.240480	126.00
0.240500	122.00
0.240520	119.00
0.240540	119.00
0.240560	120.00
0.240580	120.00
0.240600	118.00
0.240620	116.00
0.240640	117.00
0.240660	120.00
0.240680	123.00
0.240700	124.00
0.240720	123.00
0.240740	122.00
0.240760	122.00
0.240780	121.00
0.240800	121.00
0.240820	122.00
0.240840	124.00
0.240860	126.00
0.240880	126.00
0.240900	123.00
0.240920	119.00
0.240940	118.00
0.240960	121.00
0.240980	127.00
0.241000	130.00
0.241020	128.00
0.241040	125.00
0.241060	122.00
0.241080	124.00
0.241100	127.00
0.241120	128.00
0.241140	127.00
0.241160	126.00
0.241180	128.00
0.241200	134.00
0.241220	140.00
0.241240	140.00
0.241260	137.00
0.241280	132.00
0.241300	129.00
0.241320	128.00
0.241340	127.00
0.241360	125.00
0.241380	125.00
0.241400	127.00
0.241420	133.00
0.241440	136.00
0.241460	134.00
0.241480	126.00
0.241500	118.00
0.241520	115.00
0.241540	117.00
0.241560	121.00
0.241580	123.00
0.241600	121.00
0.241620	119.00
0.241640	117.00
0.241660	116.00
0.241680	116.00
0.241700	117.00
0.241720	118.00
0.241740	118.00
0.241760	115.00
0.241780	112.00
0.241800	113.00
0.241820	118.00
0.241840	126.00
0.241860	131.00
0.241880	131.00
0.241900	128.00
0.241920	126.00
0.241940	129.00
0.241960	131.00
0.241980	130.00
0.242000	126.00
0.242020	123.00
0.242040	124.00
0.242060	129.00
0.242080	131.00
0.242100	129.00
0.242120	126.00
0.242140	126.00
0.242160	130.00
0.242180	136.00
0.242200	138.00
0.242220	137.00
0.242240	135.00
0.242260	133.00
0.242280	133.00
0.242300	133.00
0.242320	131.00
0.242340	130.00
0.242360	130.00
0.242380	130.00
0.242400	130.00
0.242420	127.00
0.242440	123.00
0.242460	121.00
0.242480	120.00
0.242500	120.00
0.242520	119.00
0.242540	117.00
0.242560	116.00
0.242580	117.00
0.242600	120.00
0.242620	122.00
0.242640	122.00
0.242660	120.00
0.242680	118.00
0.242700	117.00
0.242720	117.00
0.242740	119.00
0.242760	120.00
0.242780	119.00
0.242800	116.00
0.242820	115.00
0.242840	118.00
0.242860	125.00
0.242880	132.00
0.242900	135.00
0.242920	134.00
0.242940	131.00
0.242960	129.00
0.242980	128.00
0.243000	129.00
0.243020	129.00
0.243040	128.00
0.243060	129.00
0.243080	131.00
0.243100	134.00
0.243120	137.00
0.243140	136.00
0.243160	134.00
0.243180	131.00
0.243200	130.00
0.243220	131.00
0.243240	133.00
0.243260	133.00
0.243280	131.00
0.243300	127.00
0.243320	125.00
0.243340	126.00
0.243360	129.00
0.243380	130.00
0.243400	127.00
0.243420	123.00
0.243440	121.00
0.243460	124.00
0.243480	128.00
0.243500	129.00
0.243520	126.00
0.243540	122.00
0.243560	120.00
0.243580	122.00
0.243600	126.00
0.243620	128.00
0.243640	127.00
0.243660	123.00
0.243680	120.00
0.243700	119.00
0.243720	120.00
0.243740	122.00
0.243760	124.00
0.243780	126.00
0.243800	127.00
0.243820	127.00
0.243840	127.00
0.243860	127.00
0.243880	127.00
0.243900	125.00
0.243920	122.00
0.243940	119.00
0.243960	119.00
0.243980	122.00
0.244000	126.00
0.244020	130.00
0.244040	131.00
0.244060	131.00
0.244080	131.00
0.244100	132.00
0.244120	132.00
0.244140	130.00
0.244160	128.00
0.244180	126.00
0.244200	127.00
0.244220	130.00
0.244240	133.00
0.244260	134.00
0.244280	132.00
0.244300	128.00
0.244320	125.00
0.244340	124.00
0.244360	124.00
0.244380	123.00
0.244400	122.00
0.244420	119.00
0.244440	118.00
0.244460	119.00
0.244480	121.00
0.244500	120.00
0.244520	118.00
0.244540	117.00
0.244560	118.00
0.244580	123.00
0.244600	127.00
0.244620	127.00
0.244640	123.00
0.244660	116.00
0.244680	112.00
0.244700	113.00
0.244720	117.00
0.244740	121.00
0.244760	123.00
0.244780	125.00
0.244800	128.00
0.244820	131.00
0.244840	132.00
0.244860	130.00
0.244880	126.00
0.244900	125.00
0.244920	127.00
0.244940	131.00
0.244960	133.00
0.244980	131.00
0.245000	126.00
0.245020	123.00
0.245040	122.00
0.245060	122.00
0.245080	123.00
0.245100	121.00
0.245120	119.00
0.245140	119.00
0.245160	123.00
0.245180	129.00
0.245200	136.00
0.245220	141.00
0.245240	144.00
0.245260	144.00
0.245280	141.00
0.245300	136.00
0.245320	131.00
0.245340	125.00
0.245360	121.00
0.245380	116.00
0.245400	112.00
0.245420	109.00
0.245440	109.00
0.245460	112.00
0.245480	117.00
0.245500	122.00
0.245520	127.00
0.245540	130.00
0.245560	131.00
0.245580	130.00
0.245600	128.00
0.245620	125.00
0.245640	121.00
0.245660	117.00
0.245680	115.00
0.245700	114.00
0.245720	115.00
0.245740	117.00
0.245760	121.00
0.245780	125.00
0.245800	130.00
0.245820	134.00
0.245840	134.00
0.245860	131.00
0.245880	128.00
0.245900	126.00
0.245920	130.00
0.245940	136.00
0.245960	140.00
0.245980	139.00
0.246000	134.00
0.246020	127.00
0.246040	123.00
0.246060	123.00
0.246080	125.00
0.246100	128.00
0.246120	132.00
0.246140	137.00
0.246160	142.00
0.246180	145.00
0.246200	142.00
0.246220	135.00
0.246240	128.00
0.246260	125.00
0.246280	126.00
0.246300	128.00
0.246320	127.00
0.246340	122.00
0.246360	117.00
0.246380	115.00
0.246400	117.00
0.246420	118.00
0.246440	116.00
0.246460	113.00
0.246480	112.00
0.246500	117.00
0.246520	124.00
0.246540	127.00
0.246560	124.00
0.246580	117.00
0.246600	112.00
0.246620	110.00
0.246640	111.00
0.246660	112.00
0.246680	114.00
0.246700	119.00
0.246720	127.00
0.246740	135.00
0.246760	138.00
0.246780	135.00
0.246800	130.00
0.246820	128.00
0.246840	131.00
0.246860	135.00
0.246880	137.00
0.246900	135.00
0.246920	132.00
0.246940	131.00
0.246960	131.00
0.246980	131.00
0.247000	130.00
0.247020	128.00
0.247040	128.00
0.247060	131.00
0.247080	136.00
0.247100	138.00
0.247120	138.00
0.247140	136.00
0.247160	133.00
0.247180	130.00
0.247200	128.00
0.247220	126.00
0.247240	125.00
0.247260	125.00
0.247280	124.00
0.247300	123.00
0.247320	120.00
0.247340	118.00
0.247360	116.00
0.247380	115.00
0.247400	114.00
0.247420	113.00
0.247440	112.00
0.247460	113.00
0.247480	114.00
0.247500	116.00
0.247520	116.00
0.247540	117.00
0.247560	117.00
0.247580	119.00
0.247600	121.00
0.247620	123.00
0.247640	125.00
0.247660	126.00
0.247680	127.00
0.247700	127.00
0.247720	129.00
0.247740	130.00
0.247760	131.00
0.247780	131.00
0.247800	130.00
0.247820	131.00
0.247840	132.00
0.247860	133.00
0.247880	130.00
0.247900	126.00
0.247920	124.00
0.247940	125.00
0.247960	129.00
0.247980	133.00
0.248000	133.00
0.248020	130.00
0.248040	125.00
0.248060	122.00
0.248080	123.00
0.248100	126.00
0.248120	130.00
0.248140	131.00
0.248160	129.00
0.248180	125.00
0.248200	122.00
0.248220	122.00
0.248240	126.00
0.248260	131.00
0.248280	133.00
0.248300	130.00
0.248320	124.00
0.248340	122.00
0.248360	125.00
0.248380	128.00
0.248400	128.00
0.248420	122.00
0.248440	114.00
0.248460	111.00
0.248480	113.00
0.248500	117.00
0.248520	120.00
0.248540	119.00
0.248560	119.00
0.248580	120.00
0.248600	123.00
0.248620	125.00
0.248640	127.00
0.248660	129.00
0.248680	131.00
0.248700	132.00
0.248720	131.00
0.248740	128.00
0.248760	126.00
0.248780	125.00
0.248800	126.00
0.248820	127.00
0.248840	126.00
0.248860	125.00
0.248880	124.00
0.248900	125.00
0.248920	126.00
0.248940	128.00
0.248960	131.00
0.248980	134.00
0.249000	137.00
0.249020	137.00
0.249040	133.00
0.249060	129.00
0.249080	128.00
0.249100	132.00
0.249120	135.00
0.249140	134.00
0.249160	129.00
0.249180	125.00
0.249200	125.00
0.249220	128.00
0.249240	129.00
0.249260	126.00
0.249280	121.00
0.249300	119.00
0.249320	121.00
0.249340	125.00
0.249360	125.00
0.249380	121.00
0.249400	117.00
0.249420	116.00
0.249440	121.00
0.249460	125.00
0.249480	126.00
0.249500	123.00
0.249520	120.00
0.249540	120.00
0.249560	123.00
0.249580	126.00
0.249600	127.00
0.249620	127.00
0.249640	127.00
0.249660	129.00
0.249680	130.00
0.249700	128.00
0.249720	124.00
0.249740	121.00
0.249760	121.00
0.249780	124.00
0.249800	126.00
0.249820	126.00
0.249840	125.00
0.249860	124.00
0.249880	125.00
0.249900	128.00
0.249920	131.00
0.249940	133.00
0.249960	133.00
0.249980	132.00
0.250000	131.00
0.250020	131.00
0.250040	131.00
0.250060	129.00
0.250080	126.00
0.250100	123.00
0.250120	120.00
0.250140	120.00
0.250160	123.00
0.250180	126.00
0.250200	126.00
0.250220	123.00
0.250240	119.00
0.250260	118.00
0.250280	120.00
0.250300	121.00
0.250320	119.00
0.250340	116.00
0.250360	116.00
0.250380	120.00
0.250400	125.00
0.250420	126.00
0.250440	123.00
0.250460	118.00
0.250480	116.00
0.250500	118.00
0.250520	121.00
0.250540	124.00
0.250560	124.00
0.250580	126.00
0.250600	128.00
0.250620	131.00
0.250640	131.00
0.250660	128.00
0.250680	126.00
0.250700	125.00
0.250720	126.00
0.250740	126.00
0.250760	125.00
0.250780	124.00
0.250800	126.00
0.250820	130.00
0.250840	133.00
0.250860	134.00
0.250880	133.00
0.250900	133.00
0.250920	133.00
0.250940	133.00
0.250960	129.00
0.250980	123.00
0.251000	121.00
0.251020	123.00
0.251040	127.00
0.251060	129.00
0.251080	126.00
0.251100	121.00
0.251120	118.00
0.251140	119.00
0.251160	122.00
0.251180	125.00
0.251200	127.00
0.251220	126.00
0.251240	125.00
0.251260	124.00
0.251280	121.00
0.251300	119.00
0.251320	118.00
0.251340	119.00
0.251360	122.00
0.251380	124.00
0.251400	123.00
0.251420	120.00
0.251440	118.00
0.251460	118.00
0.251480	120.00
0.251500	124.00
0.251520	127.00
0.251540	129.00
0.251560	130.00
0.251580	129.00
0.251600	128.00
0.251620	125.00
0.251640	124.00
0.251660	124.00
0.251680	127.00
0.251700	130.00
0.251720	131.00
0.251740	128.00
0.251760	125.00
0.251780	125.00
0.251800	129.00
0.251820	135.00
0.251840	137.00
0.251860	135.00
0.251880	131.00
0.251900	128.00
0.251920	130.00
0.251940	133.00
0.251960	135.00
0.251980	133.00
0.252000	128.00
0.252020	123.00
0.252040	120.00
0.252060	118.00
0.252080	118.00
0.252100	119.00
0.252120	122.00
0.252140	126.00
0.252160	128.00
0.252180	127.00
0.252200	122.00
0.252220	117.00
0.252240	114.00
0.252260	114.00
0.252280	116.00
0.252300	118.00
0.252320	118.00
0.252340	117.00
0.252360	116.00
0.252380	116.00
0.252400	119.00
0.252420	123.00
0.252440	125.00
0.252460	126.00
0.252480	124.00
0.252500	124.00
0.252520	127.00
0.252540	131.00
0.252560	133.00
0.252580	130.00
0.252600	123.00
0.252620	118.00
0.252640	118.00
0.252660	124.00
0.252680	131.00
0.252700	134.00
0.252720	133.00
0.252740	129.00
0.252760	129.00
0.252780	131.00
0.252800	135.00
0.252820	137.00
0.252840	137.00
0.252860	135.00
0.252880	134.00
0.252900	133.00
0.252920	133.00
0.252940	132.00
0.252960	128.00
0.252980	124.00
0.253000	120.00
0.253020	120.00
0.253040	124.00
0.253060	129.00
0.253080	131.00
0.253100	128.00
0.253120	121.00
0.253140	116.00
0.253160	116.00
0.253180	122.00
0.253200	129.00
0.253220	131.00
0.253240	128.00
0.253260	122.00
0.253280	117.00
0.253300	117.00
0.253320	118.00
0.253340	120.00
0.253360	119.00
0.253380	118.00
0.253400	118.00
0.253420	122.00
0.253440	126.00
0.253460	129.00
0.253480	130.00
0.253500	129.00
0.253520	129.00
0.253540	129.00
0.253560	130.00
0.253580	131.00
0.253600	131.00
0.253620	130.00
0.253640	129.00
0.253660	127.00
0.253680	125.00
0.253700	124.00
0.253720	123.00
0.253740	125.00
0.253760	130.00
0.253780	134.00
0.253800	137.00
0.253820	136.00
0.253840	133.00
0.253860	131.00
0.253880	130.00
0.253900	133.00
0.253920	137.00
0.253940	137.00
0.253960	132.00
0.253980	124.00
0.254000	117.00
0.254020	116.00
0.254040	121.00
0.254060	127.00
0.254080	131.00
0.254100	129.00
0.254120	122.00
0.254140	116.00
0.254160	114.00
0.254180	115.00
0.254200	118.00
0.254220	122.00
0.254240	124.00
0.254260	123.00
0.254280	121.00
0.254300	118.00
0.254320	117.00
0.254340	118.00
0.254360	120.00
0.254380	122.00
0.254400	122.00
0.254420	122.00
0.254440	124.00
0.254460	129.00
0.254480	135.00
0.254500	137.00
0.254520	134.00
0.254540	130.00
0.254560	129.00
0.254580	132.00
0.254600	135.00
0.254620	136.00
0.254640	134.00
0.254660	132.00
0.254680	131.00
0.254700	129.00
0.254720	127.00
0.254740	124.00
0.254760	124.00
0.254780	127.00
0.254800	130.00
0.254820	130.00
0.254840	125.00
0.254860	120.00
0.254880	121.00
0.254900	127.00
0.254920	132.00
0.254940	131.00
0.254960	126.00
0.254980	122.00
0.255000	123.00
0.255020	125.00
0.255040	125.00
0.255060	121.00
0.255080	117.00
0.255100	116.00
0.255120	119.00
0.255140	122.00
0.255160	124.00
0.255180	124.00
0.255200	124.00
0.255220	123.00
0.255240	121.00
0.255260	118.00
0.255280	115.00
0.255300	114.00
0.255320	115.00
0.255340	118.00
0.255360	121.00
0.255380	126.00
0.255400	132.00
0.255420	138.00
0.255440	141.00
0.255460	138.00
0.255480	132.00
0.255500	127.00
0.255520	126.00
0.255540	127.00
0.255560	127.00
0.255580	126.00
0.255600	124.00
0.255620	123.00
0.255640	124.00
0.255660	127.00
0.255680	130.00
0.255700	133.00
0.255720	135.00
0.255740	135.00
0.255760	133.00
0.255780	132.00
0.255800	131.00
0.255820	130.00
0.255840	129.00
0.255860	127.00
0.255880	126.00
0.255900	125.00
0.255920	125.00
0.255940	125.00
0.255960	124.00
0.255980	123.00
0.256000	122.00
0.256020	121.00
0.256040	119.00
0.256060	117.00
0.256080	117.00
0.256100	119.00
0.256120	122.00
0.256140	121.00
0.256160	118.00
0.256180	115.00
0.256200	114.00
0.256220	118.00
0.256240	121.00
0.256260	123.00
0.256280	123.00
0.256300	124.00
0.256320	124.00
0.256340	125.00
0.256360	126.00
0.256380	127.00
0.256400	129.00
0.256420	131.00
0.256440	131.00
0.256460	129.00
0.256480	127.00
0.256500	128.00
0.256520	131.00
0.256540	132.00
0.256560	130.00
0.256580	126.00
0.256600	127.00
0.256620	131.00
0.256640	134.00
0.256660	133.00
0.256680	128.00
0.256700	124.00
0.256720	126.00
0.256740	132.00
0.256760	134.00
0.256780	133.00
0.256800	129.00
0.256820	127.00
0.256840	127.00
0.256860	127.00
0.256880	124.00
0.256900	120.00
0.256920	120.00
0.256940	122.00
0.256960	122.00
0.256980	119.00
0.257000	114.00
0.257020	112.00
0.257040	115.00
0.257060	122.00
0.257080	126.00
0.257100	125.00
0.257120	122.00
0.257140	120.00
0.257160	121.00
0.257180	123.00
0.257200	125.00
0.257220	124.00
0.257240	123.00
0.257260	122.00
0.257280	123.00
