0.217300	99.00
0.217320	43.00
0.217340	100.00
0.217360	143.00
0.217380	146.00
0.217400	122.00
0.217420	104.00
0.217440	108.00
0.217460	124.00
0.217480	133.00
0.217500	128.00
0.217520	121.00
0.217540	120.00
0.217560	125.00
0.217580	128.00
0.217600	127.00
0.217620	124.00
0.217640	125.00
0.217660	127.00
0.217680	126.00
0.217700	122.00
0.217720	120.00
0.217740	124.00
0.217760	128.00
0.217780	127.00
0.217800	122.00
0.217820	120.00
0.217840	125.00
0.217860	131.00
0.217880	133.00
0.217900	129.00
0.217920	126.00
0.217940	129.00
0.217960	137.00
0.217980	142.00
0.218000	139.00
0.218020	132.00
0.218040	127.00
0.218060	128.00
0.218080	132.00
0.218100	134.00
0.218120	134.00
0.218140	134.00
0.218160	134.00
0.218180	132.00
0.218200	127.00
0.218220	121.00
0.218240	118.00
0.218260	119.00
0.218280	120.00
0.218300	121.00
0.218320	119.00
0.218340	118.00
0.218360	118.00
0.218380	118.00
0.218400	117.00
0.218420	114.00
0.218440	112.00
0.218460	114.00
0.218480	117.00
0.218500	120.00
0.218520	122.00
0.218540	121.00
0.218560	121.00
0.218580	120.00
0.218600	120.00
0.218620	123.00
0.218640	126.00
0.218660	130.00
0.218680	132.00
0.218700	132.00
0.218720	129.00
0.218740	127.00
0.218760	126.00
0.218780	127.00
0.218800	127.00
0.218820	128.00
0.218840	128.00
0.218860	130.00
0.218880	132.00
0.218900	134.00
0.218920	134.00
0.218940	132.00
0.218960	127.00
0.218980	123.00
0.219000	121.00
0.219020	124.00
0.219040	129.00
0.219060	133.00
0.219080	133.00
0.219100	131.00
0.219120	129.00
0.219140	128.00
0.219160	126.00
0.219180	124.00
0.219200	122.00
0.219220	122.00
0.219240	125.00
0.219260	127.00
0.219280	127.00
0.219300	124.00
0.219320	121.00
0.219340	122.00
0.219360	124.00
0.219380	126.00
0.219400	124.00
0.219420	119.00
0.219440	115.00
0.219460	114.00
0.219480	114.00
0.219500	117.00
0.219520	119.00
0.219540	123.00
0.219560	126.00
0.219580	129.00
0.219600	129.00
0.219620	128.00
0.219640	128.00
0.219660	129.00
0.219680	130.00
0.219700	130.00
0.219720	131.00
0.219740	131.00
0.219760	132.00
0.219780	131.00
0.219800	129.00
0.219820	126.00
0.219840	124.00
0.219860	126.00
0.219880	128.00
0.219900	128.00
0.219920	125.00
0.219940	124.00
0.219960	125.00
0.219980	130.00
0.220000	133.00
0.220020	134.00
0.220040	132.00
0.220060	129.00
0.220080	127.00
0.220100	125.00
0.220120	124.00
0.220140	121.00
0.220160	119.00
0.220180	119.00
0.220200	119.00
0.220220	120.00
0.220240	119.00
0.220260	117.00
0.220280	114.00
0.220300	113.00
0.220320	114.00
0.220340	117.00
0.220360	120.00
0.220380	121.00
0.220400	119.00
0.220420	116.00
0.220440	115.00
0.220460	116.00
0.220480	119.00
0.220500	121.00
0.220520	122.00
0.220540	122.00
0.220560	122.00
0.220580	126.00
0.220600	131.00
0.220620	133.00
0.220640	132.00
0.220660	127.00
0.220680	123.00
0.220700	122.00
0.220720	125.00
0.220740	129.00
0.220760	132.00
0.220780	132.00
0.220800	131.00
0.220820	130.00
0.220840	130.00
0.220860	133.00
0.220880	136.00
0.220900	140.00
0.220920	142.00
0.220940	140.00
0.220960	135.00
0.220980	130.00
0.221000	129.00
0.221020	131.00
0.221040	135.00
0.221060	135.00
0.221080	131.00
0.221100	126.00
0.221120	125.00
0.221140	126.00
0.221160	129.00
0.221180	131.00
0.221200	129.00
0.221220	127.00
0.221240	123.00
0.221260	121.00
0.221280	118.00
0.221300	117.00
0.221320	118.00
0.221340	120.00
0.221360	120.00
0.221380	119.00
0.221400	118.00
0.221420	116.00
0.221440	117.00
0.221460	117.00
0.221480	117.00
0.221500	119.00
0.221520	122.00
0.221540	127.00
0.221560	132.00
0.221580	134.00
0.221600	133.00
0.221620	131.00
0.221640	129.00
0.221660	127.00
0.221680	123.00
0.221700	121.00
0.221720	121.00
0.221740	125.00
0.221760	129.00
0.221780	131.00
0.221800	129.00
0.221820	127.00
0.221840	127.00
0.221860	128.00
0.221880	128.00
0.221900	127.00
0.221920	126.00
0.221940	127.00
0.221960	129.00
0.221980	130.00
0.222000	129.00
0.222020	125.00
0.222040	122.00
0.222060	121.00
0.222080	122.00
0.222100	123.00
0.222120	124.00
0.222140	123.00
0.222160	122.00
0.222180	121.00
0.222200	119.00
0.222220	120.00
0.222240	121.00
0.222260	124.00
0.222280	127.00
0.222300	127.00
0.222320	125.00
0.222340	122.00
0.222360	120.00
0.222380	122.00
0.222400	125.00
0.222420	127.00
0.222440	126.00
0.222460	124.00
0.222480	122.00
0.222500	124.00
0.222520	129.00
0.222540	134.00
0.222560	135.00
0.222580	132.00
0.222600	127.00
0.222620	126.00
0.222640	128.00
0.222660	131.00
0.222680	131.00
0.222700	128.00
0.222720	125.00
0.222740	126.00
0.222760	129.00
0.222780	130.00
0.222800	127.00
0.222820	123.00
0.222840	122.00
0.222860	125.00
0.222880	131.00
0.222900	136.00
0.222920	136.00
0.222940	134.00
0.222960	132.00
0.222980	132.00
0.223000	132.00
0.223020	133.00
0.223040	132.00
0.223060	131.00
0.223080	128.00
0.223100	125.00
0.223120	121.00
0.223140	119.00
0.223160	118.00
0.223180	119.00
0.223200	119.00
0.223220	120.00
0.223240	120.00
0.223260	121.00
0.223280	122.00
0.223300	123.00
0.223320	122.00
0.223340	120.00
0.223360	118.00
0.223380	116.00
0.223400	116.00
0.223420	117.00
0.223440	119.00
0.223460	121.00
0.223480	121.00
0.223500	122.00
0.223520	123.00
0.223540	125.00
0.223560	125.00
0.223580	125.00
0.223600	125.00
0.223620	126.00
0.223640	127.00
0.223660	129.00
0.223680	129.00
0.223700	128.00
0.223720	127.00
0.223740	129.00
0.223760	131.00
0.223780	134.00
0.223800	135.00
0.223820	134.00
0.223840	133.00
0.223860	132.00
0.223880	130.00
0.223900	128.00
0.223920	126.00
0.223940	125.00
0.223960	128.00
0.223980	131.00
0.224000	134.00
0.224020	133.00
0.224040	129.00
0.224060	123.00
0.224080	118.00
0.224100	116.00
0.224120	117.00
0.224140	120.00
0.224160	121.00
0.224180	120.00
0.224200	118.00
0.224220	117.00
0.224240	119.00
0.224260	122.00
0.224280	123.00
0.224300	121.00
0.224320	117.00
0.224340	116.00
0.224360	117.00
0.224380	121.00
0.224400	123.00
0.224420	125.00
0.224440	128.00
0.224460	132.00
0.224480	135.00
0.224500	134.00
0.224520	129.00
0.224540	123.00
0.224560	120.00
0.224580	121.00
0.224600	125.00
0.224620	128.00
0.224640	130.00
0.224660	131.00
0.224680	131.00
0.224700	131.00
0.224720	131.00
0.224740	131.00
0.224760	131.00
0.224780	131.00
0.224800	128.00
0.224820	127.00
0.224840	127.00
0.224860	131.00
0.224880	136.00
0.224900	139.00
0.224920	137.00
0.224940	133.00
0.224960	130.00
0.224980	129.00
0.225000	130.00
0.225020	129.00
0.225040	126.00
0.225060	123.00
0.225080	121.00
0.225100	121.00
0.225120	122.00
0.225140	123.00
0.225160	123.00
0.225180	123.00
0.225200	121.00
0.225220	120.00
0.225240	119.00
0.225260	119.00
0.225280	119.00
0.225300	121.00
0.225320	122.00
0.225340	123.00
0.225360	124.00
0.225380	124.00
0.225400	124.00
0.225420	125.00
0.225440	126.00
0.225460	125.00
0.225480	123.00
0.225500	122.00
0.225520	123.00
0.225540	126.00
0.225560	129.00
0.225580	130.00
0.225600	129.00
0.225620	128.00
0.225640	129.00
0.225660	132.00
0.225680	134.00
0.225700	132.00
0.225720	129.00
0.225740	127.00
0.225760	129.00
0.225780	133.00
0.225800	135.00
0.225820	134.00
0.225840	132.00
0.225860	129.00
0.225880	127.00
0.225900	126.00
0.225920	123.00
0.225940	120.00
0.225960	118.00
0.225980	118.00
0.226000	119.00
0.226020	120.00
0.226040	121.00
0.226060	121.00
0.226080	121.00
0.226100	120.00
0.226120	119.00
0.226140	120.00
0.226160	123.00
0.226180	126.00
0.226200	125.00
0.226220	122.00
0.226240	119.00
0.226260	120.00
0.226280	123.00
0.226300	124.00
0.226320	122.00
0.226340	118.00
0.226360	117.00
0.226380	123.00
0.226400	130.00
0.226420	134.00
0.226440	132.00
0.226460	127.00
0.226480	124.00
0.226500	125.00
0.226520	128.00
0.226540	130.00
0.226560	130.00
0.226580	131.00
0.226600	132.00
0.226620	132.00
0.226640	131.00
0.226660	128.00
0.226680	127.00
0.226700	128.00
0.226720	130.00
0.226740	132.00
0.226760	134.00
0.226780	136.00
0.226800	137.00
0.226820	136.00
0.226840	132.00
0.226860	128.00
0.226880	124.00
0.226900	122.00
0.226920	121.00
0.226940	120.00
0.226960	120.00
0.226980	121.00
0.227000	122.00
0.227020	122.00
0.227040	122.00
0.227060	121.00
0.227080	120.00
0.227100	120.00
0.227120	120.00
0.227140	121.00
0.227160	123.00
0.227180	124.00
0.227200	124.00
0.227220	122.00
0.227240	118.00
0.227260	116.00
0.227280	119.00
0.227300	125.00
0.227320	131.00
0.227340	135.00
0.227360	136.00
0.227380	135.00
0.227400	134.00
0.227420	131.00
0.227440	126.00
0.227460	122.00
0.227480	121.00
0.227500	124.00
0.227520	128.00
0.227540	130.00
0.227560	130.00
0.227580	128.00
0.227600	129.00
0.227620	131.00
0.227640	135.00
0.227660	138.00
0.227680	138.00
0.227700	136.00
0.227720	134.00
0.227740	130.00
0.227760	128.00
0.227780	126.00
0.227800	125.00
0.227820	125.00
0.227840	125.00
0.227860	124.00
0.227880	123.00
0.227900	121.00
0.227920	120.00
0.227940	118.00
0.227960	118.00
0.227980	119.00
0.228000	120.00
0.228020	120.00
0.228040	119.00
0.228060	117.00
0.228080	117.00
0.228100	119.00
0.228120	120.00
0.228140	119.00
0.228160	117.00
0.228180	116.00
0.228200	118.00
0.228220	119.00
0.228240	120.00
0.228260	120.00
0.228280	121.00
0.228300	126.00
0.228320	130.00
0.228340	130.00
0.228360	127.00
0.228380	124.00
0.228400	125.00
0.228420	128.00
0.228440	131.00
0.228460	132.00
0.228480	130.00
0.228500	128.00
0.228520	128.00
0.228540	129.00
0.228560	130.00
0.228580	131.00
0.228600	132.00
0.228620	133.00
0.228640	133.00
0.228660	131.00
0.228680	128.00
0.228700	127.00
0.228720	127.00
0.228740	127.00
0.228760	127.00
0.228780	125.00
0.228800	124.00
0.228820	123.00
0.228840	123.00
0.228860	121.00
0.228880	119.00
0.228900	119.00
0.228920	121.00
0.228940	124.00
0.228960	125.00
0.228980	123.00
0.229000	122.00
0.229020	122.00
0.229040	122.00
0.229060	122.00
0.229080	120.00
0.229100	118.00
0.229120	117.00
0.229140	119.00
0.229160	121.00
0.229180	124.00
0.229200	125.00
0.229220	125.00
0.229240	125.00
0.229260	127.00
0.229280	130.00
0.229300	134.00
0.229320	134.00
0.229340	128.00
0.229360	120.00
0.229380	114.00
0.229400	113.00
0.229420	118.00
0.229440	123.00
0.229460	125.00
0.229480	124.00
0.229500	124.00
0.229520	129.00
0.229540	136.00
0.229560	141.00
0.229580	140.00
0.229600	135.00
0.229620	129.00
0.229640	125.00
0.229660	124.00
0.229680	125.00
0.229700	128.00
0.229720	129.00
0.229740	129.00
0.229760	126.00
0.229780	122.00
0.229800	119.00
0.229820	118.00
0.229840	120.00
0.229860	122.00
0.229880	124.00
0.229900	124.00
0.229920	124.00
0.229940	124.00
0.229960	124.00
0.229980	125.00
0.230000	127.00
0.230020	127.00
0.230040	125.00
0.230060	121.00
0.230080	118.00
0.230100	118.00
0.230120	121.00
0.230140	125.00
0.230160	127.00
0.230180	126.00
0.230200	125.00
0.230220	126.00
0.230240	131.00
0.230260	136.00
0.230280	136.00
0.230300	132.00
0.230320	126.00
0.230340	122.00
0.230360	122.00
0.230380	123.00
0.230400	124.00
0.230420	124.00
0.230440	125.00
0.230460	127.00
0.230480	129.00
0.230500	130.00
0.230520	130.00
0.230540	132.00
0.230560	135.00
0.230580	140.00
0.230600	142.00
0.230620	140.00
0.230640	135.00
0.230660	129.00
0.230680	125.00
0.230700	123.00
0.230720	124.00
0.230740	125.00
0.230760	127.00
0.230780	128.00
0.230800	127.00
0.230820	124.00
0.230840	120.00
0.230860	118.00
0.230880	120.00
0.230900	123.00
0.230920	124.00
0.230940	123.00
0.230960	122.00
0.230980	122.00
0.231000	124.00
0.231020	126.00
0.231040	123.00
0.231060	116.00
0.231080	111.00
0.231100	112.00
0.231120	118.00
0.231140	123.00
0.231160	125.00
0.231180	121.00
0.231200	118.00
0.231220	119.00
0.231240	123.00
0.231260	127.00
0.231280	128.00
0.231300	126.00
0.231320	124.00
0.231340	125.00
0.231360	126.00
0.231380	127.00
0.231400	127.00
0.231420	126.00
0.231440	127.00
0.231460	130.00
0.231480	132.00
0.231500	134.00
0.231520	134.00
0.231540	133.00
0.231560	134.00
0.231580	134.00
0.231600	135.00
0.231620	133.00
0.231640	129.00
0.231660	125.00
0.231680	122.00
0.231700	121.00
0.231720	121.00
0.231740	122.00
0.231760	122.00
0.231780	121.00
0.231800	119.00
0.231820	117.00
0.231840	117.00
0.231860	117.00
0.231880	117.00
0.231900	118.00
0.231920	120.00
0.231940	122.00
0.231960	123.00
0.231980	124.00
0.232000	123.00
0.232020	124.00
0.232040	124.00
0.232060	125.00
0.232080	126.00
0.232100	126.00
0.232120	126.00
0.232140	126.00
0.232160	127.00
0.232180	127.00
0.232200	126.00
0.232220	123.00
0.232240	122.00
0.232260	122.00
0.232280	125.00
0.232300	128.00
0.232320	131.00
0.232340	132.00
0.232360	133.00
0.232380	134.00
0.232400	136.00
0.232420	137.00
0.232440	135.00
0.232460	131.00
0.232480	129.00
0.232500	129.00
0.232520	131.00
0.232540	132.00
0.232560	132.00
0.232580	130.00
0.232600	128.00
0.232620	128.00
0.232640	127.00
0.232660	124.00
0.232680	121.00
0.232700	119.00
0.232720	121.00
0.232740	124.00
0.232760	125.00
0.232780	124.00
0.232800	124.00
0.232820	126.00
0.232840	130.00
0.232860	132.00
0.232880	130.00
0.232900	125.00
0.232920	119.00
0.232940	115.00
0.232960	113.00
0.232980	109.00
0.233000	106.00
0.233020	103.00
0.233040	106.00
0.233060	114.00
0.233080	123.00
0.233100	130.00
0.233120	134.00
0.233140	136.00
0.233160	138.00
0.233180	139.00
0.233200	138.00
0.233220	135.00
0.233240	132.00
0.233260	131.00
0.233280	131.00
0.233300	130.00
0.233320	128.00
0.233340	125.00
0.233360	123.00
0.233380	125.00
0.233400	128.00
0.233420	131.00
0.233440	135.00
0.233460	139.00
0.233480	143.00
0.233500	145.00
0.233520	142.00
0.233540	137.00
0.233560	133.00
0.233580	133.00
0.233600	134.00
0.233620	132.00
0.233640	127.00
0.233660	122.00
0.233680	120.00
0.233700	121.00
0.233720	121.00
0.233740	117.00
0.233760	112.00
0.233780	109.00
0.233800	110.00
0.233820	114.00
0.233840	116.00
0.233860	118.00
0.233880	121.00
0.233900	123.00
0.233920	123.00
0.233940	119.00
0.233960	114.00
0.233980	112.00
0.234000	115.00
0.234020	121.00
0.234040	124.00
0.234060	123.00
0.234080	122.00
0.234100	124.00
0.234120	129.00
0.234140	132.00
0.234160	131.00
0.234180	127.00
0.234200	123.00
0.234220	122.00
0.234240	124.00
0.234260	126.00
0.234280	127.00
0.234300	129.00
0.234320	130.00
0.234340	130.00
0.234360	128.00
0.234380	127.00
0.234400	128.00
0.234420	132.00
0.234440	134.00
0.234460	135.00
0.234480	134.00
0.234500	134.00
0.234520	135.00
0.234540	134.00
0.234560	131.00
0.234580	125.00
0.234600	120.00
0.234620	120.00
0.234640	122.00
0.234660	123.00
0.234680	124.00
0.234700	124.00
0.234720	126.00
0.234740	127.00
0.234760	126.00
0.234780	122.00
0.234800	119.00
0.234820	119.00
0.234840	120.00
0.234860	120.00
0.234880	118.00
0.234900	115.00
0.234920	116.00
0.234940	119.00
0.234960	121.00
0.234980	120.00
0.235000	116.00
0.235020	116.00
0.235040	120.00
0.235060	127.00
0.235080	132.00
0.235100	133.00
0.235120	132.00
0.235140	130.00
0.235160	130.00
0.235180	129.00
0.235200	127.00
0.235220	127.00
0.235240	127.00
0.235260	127.00
0.235280	127.00
0.235300	127.00
0.235320	128.00
0.235340	132.00
0.235360	137.00
0.235380	139.00
0.235400	136.00
0.235420	131.00
0.235440	127.00
0.235460	127.00
0.235480	129.00
0.235500	133.00
0.235520	135.00
0.235540	133.00
0.235560	129.00
0.235580	125.00
0.235600	122.00
0.235620	122.00
0.235640	123.00
0.235660	122.00
0.235680	120.00
0.235700	118.00
0.235720	119.00
0.235740	122.00
0.235760	125.00
0.235780	126.00
0.235800	123.00
0.235820	119.00
0.235840	115.00
0.235860	112.00
0.235880	110.00
0.235900	109.00
0.235920	110.00
0.235940	113.00
0.235960	120.00
0.235980	129.00
0.236000	135.00
0.236020	139.00
0.236040	139.00
0.236060	137.00
0.236080	134.00
0.236100	129.00
0.236120	124.00
0.236140	120.00
0.236160	119.00
0.236180	122.00
0.236200	128.00
0.236220	134.00
0.236240	136.00
0.236260	136.00
0.236280	133.00
0.236300	130.00
0.236320	129.00
0.236340	127.00
0.236360	126.00
0.236380	124.00
0.236400	124.00
0.236420	127.00
0.236440	133.00
0.236460	141.00
0.236480	148.00
0.236500	152.00
0.236520	152.00
0.236540	146.00
0.236560	136.00
0.236580	122.00
0.236600	106.00
0.236620	94.00
0.236640	91.00
0.236660	99.00
0.236680	117.00
0.236700	135.00
0.236720	147.00
0.236740	148.00
0.236760	138.00
0.236780	124.00
0.236800	108.00
0.236820	96.00
0.236840	92.00
0.236860	96.00
0.236880	109.00
0.236900	127.00
0.236920	141.00
0.236940	146.00
0.236960	142.00
0.236980	134.00
0.237000	125.00
0.237020	117.00
0.237040	112.00
0.237060	109.00
0.237080	112.00
0.237100	121.00
0.237120	133.00
0.237140	143.00
0.237160	146.00
0.237180	143.00
0.237200	136.00
0.237220	130.00
0.237240	126.00
0.237260	124.00
0.237280	125.00
0.237300	128.00
0.237320	132.00
0.237340	135.00
0.237360	136.00
0.237380	133.00
0.237400	130.00
0.237420	127.00
0.237440	126.00
0.237460	125.00
0.237480	125.00
0.237500	124.00
0.237520	124.00
0.237540	125.00
0.237560	127.00
0.237580	129.00
0.237600	131.00
0.237620	132.00
0.237640	130.00
0.237660	125.00
0.237680	117.00
0.237700	109.00
0.237720	105.00
0.237740	105.00
0.237760	109.00
0.237780	116.00
0.237800	123.00
0.237820	127.00
0.237840	130.00
0.237860	129.00
0.237880	128.00
0.237900	126.00
0.237920	125.00
0.237940	123.00
0.237960	122.00
0.237980	123.00
0.238000	125.00
0.238020	129.00
0.238040	133.00
0.238060	135.00
0.238080	136.00
0.238100	135.00
0.238120	134.00
0.238140	134.00
0.238160	133.00
0.238180	132.00
0.238200	130.00
0.238220	127.00
0.238240	125.00
0.238260	124.00
0.238280	127.00
0.238300	133.00
0.238320	140.00
0.238340	142.00
0.238360	140.00
0.238380	134.00
0.238400	130.00
0.238420	130.00
0.238440	130.00
0.238460	127.00
0.238480	123.00
0.238500	119.00
0.238520	118.00
0.238540	120.00
0.238560	122.00
0.238580	122.00
0.238600	122.00
0.238620	123.00
0.238640	126.00
0.238660	127.00
0.238680	124.00
0.238700	120.00
0.238720	116.00
0.238740	115.00
0.238760	114.00
0.238780	113.00
0.238800	113.00
0.238820	114.00
0.238840	119.00
0.238860	124.00
0.238880	128.00
0.238900	130.00
0.238920	130.00
0.238940	130.00
0.238960	129.00
0.238980	126.00
0.239000	122.00
0.239020	119.00
0.239040	118.00
0.239060	119.00
0.239080	121.00
0.239100	123.00
0.239120	125.00
0.239140	127.00
0.239160	130.00
0.239180	131.00
0.239200	132.00
0.239220	131.00
0.239240	131.00
0.239260	131.00
0.239280	131.00
0.239300	130.00
0.239320	129.00
0.239340	128.00
0.239360	129.00
0.239380	129.00
0.239400	128.00
0.239420	127.00
0.239440	127.00
0.239460	128.00
0.239480	130.00
0.239500	130.00
0.239520	128.00
0.239540	125.00
0.239560	123.00
0.239580	123.00
0.239600	123.00
0.239620	123.00
0.239640	122.00
0.239660	121.00
0.239680	120.00
0.239700	120.00
0.239720	121.00
0.239740	123.00
0.239760	124.00
0.239780	124.00
0.239800	122.00
0.239820	121.00
0.239840	120.00
0.239860	121.00
0.239880	125.00
0.239900	130.00
0.239920	132.00
0.239940	131.00
0.239960	127.00
0.239980	123.00
0.240000	125.00
0.240020	129.00
0.240040	131.00
0.240060	130.00
0.240080	126.00
0.240100	122.00
0.240120	124.00
0.240140	128.00
0.240160	132.00
0.240180	133.00
0.240200	129.00
0.240220	126.00
0.240240	124.00
0.240260	124.00
0.240280	125.00
0.240300	128.00
0.240320	130.00
0.240340	130.00
0.240360	129.00
0.240380	125.00
0.240400	122.00
0.240420	121.00
0.240440	122.00
0.240460	122.00
0.240480	121.00
0.240500	119.00
0.240520	119.00
0.240540	123.00
0.240560	128.00
0.240580	133.00
0.240600	134.00
0.240620	131.00
0.240640	124.00
0.240660	118.00
0.240680	115.00
0.240700	115.00
0.240720	117.00
0.240740	118.00
0.240760	118.00
0.240780	119.00
0.240800	122.00
0.240820	127.00
0.240840	133.00
0.240860	136.00
0.240880	136.00
0.240900	134.00
0.240920	134.00
0.240940	133.00
0.240960	131.00
0.240980	128.00
0.241000	124.00
0.241020	121.00
0.241040	121.00
0.241060	124.00
0.241080	126.00
0.241100	128.00
0.241120	129.00
0.241140	129.00
0.241160	128.00
0.241180	127.00
0.241200	128.00
0.241220	129.00
0.241240	131.00
0.241260	131.00
0.241280	131.00
0.241300	130.00
0.241320	131.00
0.241340	133.00
0.241360	132.00
0.241380	129.00
0.241400	124.00
0.241420	120.00
0.241440	119.00
0.241460	121.00
0.241480	124.00
0.241500	127.00
0.241520	127.00
0.241540	125.00
0.241560	122.00
0.241580	118.00
0.241600	115.00
0.241620	114.00
0.241640	114.00
0.241660	115.00
0.241680	116.00
0.241700	119.00
0.241720	122.00
0.241740	125.00
0.241760	125.00
0.241780	125.00
0.241800	126.00
0.241820	130.00
0.241840	133.00
0.241860	132.00
0.241880	127.00
0.241900	122.00
0.241920	121.00
0.241940	124.00
0.241960	129.00
0.241980	132.00
0.242000	132.00
0.242020	132.00
0.242040	134.00
0.242060	135.00
0.242080	134.00
0.242100	131.00
0.242120	128.00
0.242140	124.00
0.242160	119.00
0.242180	115.00
0.242200	113.00
0.242220	116.00
0.242240	123.00
0.242260	128.00
0.242280	129.00
0.242300	126.00
0.242320	127.00
0.242340	131.00
0.242360	138.00
0.242380	139.00
0.242400	134.00
0.242420	126.00
0.242440	122.00
0.242460	122.00
0.242480	122.00
0.242500	119.00
0.242520	114.00
0.242540	111.00
0.242560	112.00
0.242580	116.00
0.242600	118.00
0.242620	119.00
0.242640	119.00
0.242660	122.00
0.242680	127.00
0.242700	130.00
0.242720	130.00
0.242740	128.00
0.242760	129.00
0.242780	131.00
0.242800	133.00
0.242820	131.00
0.242840	126.00
0.242860	120.00
0.242880	118.00
0.242900	119.00
0.242920	122.00
0.242940	125.00
0.242960	127.00
0.242980	130.00
0.243000	132.00
0.243020	134.00
0.243040	134.00
0.243060	131.00
0.243080	129.00
0.243100	129.00
0.243120	130.00
0.243140	131.00
0.243160	129.00
0.243180	125.00
0.243200	121.00
0.243220	121.00
0.243240	125.00
0.243260	128.00
0.243280	129.00
0.243300	128.00
0.243320	128.00
0.243340	129.00
0.243360	129.00
0.243380	127.00
0.243400	121.00
0.243420	115.00
0.243440	114.00
0.243460	117.00
0.243480	120.00
0.243500	120.00
0.243520	118.00
0.243540	117.00
0.243560	117.00
0.243580	118.00
0.243600	118.00
0.243620	118.00
0.243640	118.00
0.243660	119.00
0.243680	120.00
0.243700	121.00
0.243720	122.00
0.243740	124.00
0.243760	127.00
0.243780	129.00
0.243800	128.00
0.243820	126.00
0.243840	125.00
0.243860	128.00
0.243880	132.00
0.243900	134.00
0.243920	133.00
0.243940	130.00
0.243960	129.00
0.243980	131.00
0.244000	133.00
0.244020	134.00
0.244040	133.00
0.244060	130.00
0.244080	128.00
0.244100	126.00
0.244120	125.00
0.244140	126.00
0.244160	128.00
0.244180	130.00
0.244200	129.00
0.244220	124.00
0.244240	120.00
0.244260	120.00
0.244280	123.00
0.244300	127.00
0.244320	127.00
0.244340	123.00
0.244360	121.00
0.244380	121.00
0.244400	124.00
0.244420	125.00
0.244440	122.00
0.244460	119.00
0.244480	119.00
0.244500	123.00
0.244520	126.00
0.244540	125.00
0.244560	122.00
0.244580	121.00
0.244600	124.00
0.244620	128.00
0.244640	129.00
0.244660	126.00
0.244680	123.00
0.244700	124.00
0.244720	129.00
0.244740	135.00
0.244760	136.00
0.244780	133.00
0.244800	129.00
0.244820	127.00
0.244840	127.00
0.244860	129.00
0.244880	132.00
0.244900	134.00
0.244920	135.00
0.244940	134.00
0.244960	130.00
0.244980	126.00
0.245000	125.00
0.245020	128.00
0.245040	131.00
0.245060	132.00
0.245080	131.00
0.245100	130.00
0.245120	130.00
0.245140	132.00
0.245160	133.00
0.245180	132.00
0.245200	130.00
0.245220	128.00
0.245240	128.00
0.245260	126.00
0.245280	123.00
0.245300	120.00
0.245320	118.00
0.245340	119.00
0.245360	121.00
0.245380	122.00
0.245400	122.00
0.245420	122.00
0.245440	123.00
0.245460	124.00
0.245480	122.00
0.245500	118.00
0.245520	114.00
0.245540	111.00
0.245560	110.00
0.245580	112.00
0.245600	114.00
0.245620	116.00
0.245640	119.00
0.245660	123.00
0.245680	129.00
0.245700	133.00
0.245720	134.00
0.245740	131.00
0.245760	126.00
0.245780	124.00
0.245800	126.00
0.245820	130.00
0.245840	133.00
0.245860	132.00
0.245880	129.00
0.245900	126.00
0.245920	127.00
0.245940	129.00
0.245960	131.00
0.245980	131.00
0.246000	130.00
0.246020	130.00
0.246040	131.00
0.246060	130.00
0.246080	128.00
0.246100	126.00
0.246120	125.00
0.246140	127.00
0.246160	128.00
0.246180	127.00
0.246200	125.00
0.246220	124.00
0.246240	126.00
0.246260	128.00
0.246280	128.00
0.246300	126.00
0.246320	122.00
0.246340	120.00
0.246360	119.00
0.246380	118.00
0.246400	118.00
0.246420	119.00
0.246440	121.00
0.246460	122.00
0.246480	122.00
0.246500	120.00
0.246520	119.00
0.246540	120.00
0.246560	124.00
0.246580	127.00
0.246600	128.00
0.246620	129.00
0.246640	130.00
0.246660	131.00
0.246680	130.00
0.246700	128.00
0.246720	124.00
0.246740	122.00
0.246760	122.00
0.246780	124.00
0.246800	127.00
0.246820	131.00
0.246840	135.00
0.246860	138.00
0.246880	139.00
0.246900	136.00
0.246920	131.00
0.246940	128.00
0.246960	129.00
0.246980	131.00
0.247000	132.00
0.247020	131.00
0.247040	129.00
0.247060	128.00
0.247080	128.00
0.247100	128.00
0.247120	128.00
0.247140	128.00
0.247160	128.00
0.247180	129.00
0.247200	130.00
0.247220	129.00
0.247240	125.00
0.247260	120.00
0.247280	115.00
0.247300	112.00
0.247320	114.00
0.247340	118.00
0.247360	120.00
0.247380	120.00
0.247400	117.00
0.247420	114.00
0.247440	112.00
0.247460	112.00
0.247480	114.00
0.247500	116.00
0.247520	118.00
0.247540	120.00
0.247560	121.00
0.247580	122.00
0.247600	123.00
0.247620	125.00
0.247640	128.00
0.247660	130.00
0.247680	130.00
0.247700	127.00
0.247720	125.00
0.247740	124.00
0.247760	124.00
0.247780	123.00
0.247800	122.00
0.247820	122.00
0.247840	125.00
0.247860	130.00
0.247880	132.00
0.247900	131.00
0.247920	128.00
0.247940	128.00
0.247960	132.00
0.247980	136.00
0.248000	136.00
0.248020	133.00
0.248040	128.00
0.248060	127.00
0.248080	127.00
0.248100	127.00
0.248120	126.00
0.248140	124.00
0.248160	123.00
0.248180	123.00
0.248200	122.00
0.248220	121.00
0.248240	121.00
0.248260	122.00
0.248280	122.00
0.248300	118.00
0.248320	112.00
0.248340	109.00
0.248360	111.00
0.248380	117.00
0.248400	120.00
0.248420	119.00
0.248440	118.00
0.248460	119.00
0.248480	124.00
0.248500	129.00
0.248520	130.00
0.248540	128.00
0.248560	128.00
0.248580	130.00
0.248600	133.00
0.248620	133.00
0.248640	129.00
0.248660	127.00
0.248680	128.00
0.248700	132.00
0.248720	133.00
0.248740	130.00
0.248760	126.00
0.248780	125.00
0.248800	128.00
0.248820	132.00
0.248840	134.00
0.248860	133.00
0.248880	130.00
0.248900	129.00
0.248920	128.00
0.248940	129.00
0.248960	131.00
0.248980	134.00
0.249000	136.00
0.249020	135.00
0.249040	131.00
0.249060	126.00
0.249080	122.00
0.249100	120.00
0.249120	119.00
0.249140	118.00
0.249160	118.00
0.249180	121.00
0.249200	126.00
0.249220	130.00
0.249240	130.00
0.249260	128.00
0.249280	125.00
0.249300	123.00
0.249320	122.00
0.249340	121.00
0.249360	119.00
0.249380	118.00
0.249400	118.00
0.249420	117.00
0.249440	117.00
0.249460	117.00
0.249480	118.00
0.249500	122.00
0.249520	127.00
0.249540	130.00
0.249560	132.00
0.249580	131.00
0.249600	129.00
0.249620	128.00
0.249640	127.00
0.249660	126.00
0.249680	124.00
0.249700	122.00
0.249720	122.00
0.249740	124.00
0.249760	127.00
0.249780	129.00
0.249800	130.00
0.249820	130.00
0.249840	130.00
0.249860	132.00
0.249880	135.00
0.249900	139.00
0.249920	140.00
0.249940	138.00
0.249960	134.00
0.249980	131.00
0.250000	131.00
0.250020	130.00
0.250040	130.00
0.250060	129.00
0.250080	127.00
0.250100	124.00
0.250120	122.00
0.250140	120.00
0.250160	119.00
0.250180	119.00
0.250200	119.00
0.250220	117.00
0.250240	114.00
0.250260	113.00
0.250280	115.00
0.250300	120.00
0.250320	125.00
0.250340	128.00
0.250360	128.00
0.250380	127.00
0.250400	125.00
0.250420	124.00
0.250440	122.00
0.250460	123.00
0.250480	126.00
0.250500	132.00
0.250520	136.00
0.250540	135.00
0.250560	130.00
0.250580	127.00
0.250600	128.00
0.250620	132.00
0.250640	135.00
0.250660	133.00
0.250680	128.00
0.250700	124.00
0.250720	123.00
0.250740	124.00
0.250760	124.00
0.250780	124.00
0.250800	125.00
0.250820	127.00
0.250840	128.00
0.250860	128.00
0.250880	128.00
0.250900	129.00
0.250920	132.00
0.250940	135.00
0.250960	134.00
0.250980	130.00
0.251000	125.00
0.251020	124.00
0.251040	123.00
0.251060	122.00
0.251080	119.00
0.251100	118.00
0.251120	120.00
0.251140	124.00
0.251160	127.00
0.251180	126.00
0.251200	123.00
0.251220	122.00
0.251240	124.00
0.251260	127.00
0.251280	126.00
0.251300	121.00
0.251320	116.00
0.251340	114.00
0.251360	115.00
0.251380	117.00
0.251400	119.00
0.251420	120.00
0.251440	124.00
0.251460	128.00
0.251480	132.00
0.251500	132.00
0.251520	129.00
0.251540	126.00
0.251560	124.00
0.251580	124.00
0.251600	126.00
0.251620	128.00
0.251640	132.00
0.251660	134.00
0.251680	133.00
0.251700	130.00
0.251720	126.00
0.251740	125.00
0.251760	128.00
0.251780	131.00
0.251800	130.00
0.251820	126.00
0.251840	122.00
0.251860	121.00
0.251880	124.00
0.251900	126.00
0.251920	125.00
0.251940	122.00
0.251960	121.00
0.251980	124.00
0.252000	130.00
0.252020	132.00
0.252040	130.00
0.252060	124.00
0.252080	119.00
0.252100	118.00
0.252120	122.00
0.252140	126.00
0.252160	126.00
0.252180	123.00
0.252200	120.00
0.252220	118.00
0.252240	119.00
0.252260	121.00
0.252280	121.00
0.252300	120.00
0.252320	121.00
0.252340	124.00
0.252360	129.00
0.252380	133.00
0.252400	133.00
0.252420	131.00
0.252440	128.00
0.252460	128.00
0.252480	128.00
0.252500	128.00
0.252520	126.00
0.252540	124.00
0.252560	122.00
0.252580	122.00
0.252600	122.00
0.252620	122.00
0.252640	123.00
0.252660	126.00
0.252680	129.00
0.252700	130.00
0.252720	129.00
0.252740	127.00
0.252760	128.00
0.252780	132.00
0.252800	136.00
0.252820	136.00
0.252840	133.00
0.252860	128.00
0.252880	127.00
0.252900	129.00
0.252920	131.00
0.252940	130.00
0.252960	127.00
0.252980	123.00
0.253000	122.00
0.253020	121.00
0.253040	120.00
0.253060	118.00
0.253080	117.00
0.253100	117.00
0.253120	119.00
0.253140	121.00
0.253160	122.00
0.253180	123.00
0.253200	125.00
0.253220	126.00
0.253240	124.00
0.253260	119.00
0.253280	115.00
0.253300	113.00
0.253320	114.00
0.253340	117.00
0.253360	120.00
0.253380	122.00
0.253400	126.00
0.253420	131.00
0.253440	133.00
0.253460	133.00
0.253480	130.00
0.253500	127.00
0.253520	126.00
0.253540	126.00
0.253560	126.00
0.253580	126.00
0.253600	127.00
0.253620	130.00
0.253640	133.00
0.253660	134.00
0.253680	133.00
0.253700	130.00
0.253720	127.00
0.253740	125.00
0.253760	127.00
0.253780	131.00
0.253800	135.00
0.253820	136.00
0.253840	132.00
0.253860	125.00
0.253880	119.00
0.253900	115.00
0.253920	115.00
0.253940	116.00
0.253960	117.00
0.253980	118.00
0.254000	122.00
0.254020	126.00
0.254040	128.00
0.254060	125.00
0.254080	120.00
0.254100	117.00
0.254120	118.00
0.254140	122.00
0.254160	123.00
0.254180	121.00
0.254200	117.00
0.254220	115.00
0.254240	118.00
0.254260	123.00
0.254280	128.00
0.254300	130.00
0.254320	132.00
0.254340	133.00
0.254360	136.00
0.254380	137.00
0.254400	136.00
0.254420	134.00
0.254440	130.00
0.254460	128.00
0.254480	127.00
0.254500	128.00
0.254520	129.00
0.254540	128.00
0.254560	126.00
0.254580	123.00
0.254600	122.00
0.254620	124.00
0.254640	127.00
0.254660	130.00
0.254680	134.00
0.254700	136.00
0.254720	136.00
0.254740	133.00
0.254760	126.00
0.254780	121.00
0.254800	120.00
0.254820	124.00
0.254840	129.00
0.254860	130.00
0.254880	126.00
0.254900	120.00
0.254920	117.00
0.254940	120.00
0.254960	123.00
0.254980	124.00
0.255000	122.00
0.255020	119.00
0.255040	117.00
0.255060	117.00
0.255080	116.00
0.255100	115.00
0.255120	115.00
0.255140	117.00
0.255160	120.00
0.255180	122.00
0.255200	123.00
0.255220	123.00
0.255240	123.00
0.255260	123.00
0.255280	123.00
0.255300	123.00
0.255320	125.00
0.255340	129.00
0.255360	133.00
0.255380	135.00
0.255400	133.00
0.255420	130.00
0.255440	126.00
0.255460	125.00
0.255480	125.00
0.255500	127.00
0.255520	129.00
0.255540	132.00
0.255560	134.00
0.255580	135.00
0.255600	133.00
0.255620	130.00
0.255640	129.00
0.255660	130.00
0.255680	131.00
0.255700	132.00
0.255720	131.00
0.255740	132.00
0.255760	134.00
0.255780	137.00
0.255800	138.00
0.255820	135.00
0.255840	130.00
0.255860	126.00
0.255880	126.00
0.255900	128.00
0.255920	128.00
0.255940	127.00
0.255960	124.00
0.255980	122.00
0.256000	121.00
0.256020	119.00
0.256040	115.00
0.256060	111.00
0.256080	112.00
0.256100	116.00
0.256120	122.00
0.256140	123.00
0.256160	120.00
0.256180	115.00
0.256200	114.00
0.256220	118.00
0.256240	122.00
0.256260	125.00
0.256280	125.00
0.256300	125.00
0.256320	126.00
0.256340	126.00
0.256360	125.00
0.256380	122.00
0.256400	120.00
0.256420	123.00
0.256440	130.00
0.256460	135.00
0.256480	137.00
0.256500	135.00
0.256520	132.00
0.256540	130.00
0.256560	130.00
0.256580	130.00
0.256600	129.00
0.256620	129.00
0.256640	128.00
0.256660	128.00
0.256680	127.00
0.256700	126.00
0.256720	125.00
0.256740	123.00
0.256760	120.00
0.256780	118.00
0.256800	118.00
0.256820	121.00
0.256840	125.00
0.256860	126.00
0.256880	124.00
0.256900	121.00
0.256920	119.00
0.256940	120.00
0.256960	122.00
0.256980	122.00
0.257000	121.00
0.257020	120.00
0.257040	119.00
0.257060	120.00
0.257080	121.00
0.257100	122.00
0.257120	123.00
0.257140	124.00
0.257160	124.00
0.257180	124.00
0.257200	123.00
0.257220	122.00
0.257240	124.00
0.257260	126.00
0.257280	128.00
