0.217300	100.00
0.217320	45.00
0.217340	94.00
0.217360	134.00
0.217380	141.00
0.217400	127.00
0.217420	114.00
0.217440	116.00
0.217460	127.00
0.217480	135.00
0.217500	136.00
0.217520	136.00
0.217540	139.00
0.217560	140.00
0.217580	137.00
0.217600	132.00
0.217620	131.00
0.217640	135.00
0.217660	137.00
0.217680	131.00
0.217700	120.00
0.217720	115.00
0.217740	119.00
0.217760	127.00
0.217780	133.00
0.217800	134.00
0.217820	133.00
0.217840	134.00
0.217860	134.00
0.217880	131.00
0.217900	126.00
0.217920	124.00
0.217940	126.00
0.217960	128.00
0.217980	125.00
0.218000	121.00
0.218020	119.00
0.218040	122.00
0.218060	125.00
0.218080	124.00
0.218100	118.00
0.218120	113.00
0.218140	113.00
0.218160	118.00
0.218180	120.00
0.218200	118.00
0.218220	116.00
0.218240	116.00
0.218260	118.00
0.218280	119.00
0.218300	116.00
0.218320	113.00
0.218340	113.00
0.218360	118.00
0.218380	123.00
0.218400	125.00
0.218420	125.00
0.218440	126.00
0.218460	130.00
0.218480	133.00
0.218500	132.00
0.218520	129.00
0.218540	126.00
0.218560	127.00
0.218580	129.00
0.218600	131.00
0.218620	131.00
0.218640	132.00
0.218660	134.00
0.218680	136.00
0.218700	138.00
0.218720	136.00
0.218740	133.00
0.218760	128.00
0.218780	126.00
0.218800	126.00
0.218820	129.00
0.218840	132.00
0.218860	132.00
0.218880	130.00
0.218900	127.00
0.218920	126.00
0.218940	127.00
0.218960	128.00
0.218980	125.00
0.219000	121.00
0.219020	119.00
0.219040	121.00
0.219060	125.00
0.219080	127.00
0.219100	124.00
0.219120	121.00
0.219140	119.00
0.219160	120.00
0.219180	121.00
0.219200	120.00
0.219220	118.00
0.219240	118.00
0.219260	120.00
0.219280	123.00
0.219300	124.00
0.219320	123.00
0.219340	121.00
0.219360	120.00
0.219380	121.00
0.219400	124.00
0.219420	127.00
0.219440	130.00
0.219460	130.00
0.219480	127.00
0.219500	125.00
0.219520	124.00
0.219540	125.00
0.219560	128.00
0.219580	130.00
0.219600	131.00
0.219620	130.00
0.219640	130.00
0.219660	130.00
0.219680	130.00
0.219700	129.00
0.219720	128.00
0.219740	127.00
0.219760	128.00
0.219780	129.00
0.219800	130.00
0.219820	132.00
0.219840	134.00
0.219860	134.00
0.219880	131.00
0.219900	126.00
0.219920	122.00
0.219940	122.00
0.219960	125.00
0.219980	130.00
0.220000	131.00
0.220020	130.00
0.220040	127.00
0.220060	124.00
0.220080	123.00
0.220100	123.00
0.220120	123.00
0.220140	124.00
0.220160	124.00
0.220180	122.00
0.220200	119.00
0.220220	116.00
0.220240	115.00
0.220260	117.00
0.220280	120.00
0.220300	122.00
0.220320	121.00
0.220340	119.00
0.220360	119.00
0.220380	121.00
0.220400	125.00
0.220420	130.00
0.220440	133.00
0.220460	133.00
0.220480	132.00
0.220500	130.00
0.220520	129.00
0.220540	128.00
0.220560	128.00
0.220580	128.00
0.220600	129.00
0.220620	129.00
0.220640	127.00
0.220660	125.00
0.220680	124.00
0.220700	125.00
0.220720	127.00
0.220740	129.00
0.220760	128.00
0.220780	127.00
0.220800	127.00
0.220820	129.00
0.220840	131.00
0.220860	130.00
0.220880	126.00
0.220900	121.00
0.220920	119.00
0.220940	120.00
0.220960	123.00
0.220980	125.00
0.221000	123.00
0.221020	121.00
0.221040	120.00
0.221060	122.00
0.221080	125.00
0.221100	127.00
0.221120	126.00
0.221140	123.00
0.221160	119.00
0.221180	116.00
0.221200	115.00
0.221220	117.00
0.221240	121.00
0.221260	124.00
0.221280	125.00
0.221300	125.00
0.221320	126.00
0.221340	129.00
0.221360	132.00
0.221380	132.00
0.221400	129.00
0.221420	124.00
0.221440	121.00
0.221460	124.00
0.221480	128.00
0.221500	132.00
0.221520	132.00
0.221540	129.00
0.221560	127.00
0.221580	128.00
0.221600	131.00
0.221620	132.00
0.221640	133.00
0.221660	132.00
0.221680	132.00
0.221700	134.00
0.221720	136.00
0.221740	138.00
0.221760	138.00
0.221780	137.00
0.221800	133.00
0.221820	128.00
0.221840	123.00
0.221860	119.00
0.221880	117.00
0.221900	116.00
0.221920	115.00
0.221940	115.00
0.221960	116.00
0.221980	120.00
0.222000	126.00
0.222020	132.00
0.222040	137.00
0.222060	137.00
0.222080	134.00
0.222100	130.00
0.222120	125.00
0.222140	122.00
0.222160	122.00
0.222180	123.00
0.222200	126.00
0.222220	128.00
0.222240	128.00
0.222260	126.00
0.222280	124.00
0.222300	121.00
0.222320	121.00
0.222340	120.00
0.222360	120.00
0.222380	120.00
0.222400	121.00
0.222420	124.00
0.222440	127.00
0.222460	129.00
0.222480	131.00
0.222500	133.00
0.222520	135.00
0.222540	138.00
0.222560	139.00
0.222580	140.00
0.222600	138.00
0.222620	135.00
0.222640	132.00
0.222660	128.00
0.222680	124.00
0.222700	122.00
0.222720	120.00
0.222740	119.00
0.222760	119.00
0.222780	119.00
0.222800	120.00
0.222820	122.00
0.222840	122.00
0.222860	122.00
0.222880	123.00
0.222900	125.00
0.222920	126.00
0.222940	124.00
0.222960	119.00
0.222980	114.00
0.223000	110.00
0.223020	110.00
0.223040	112.00
0.223060	114.00
0.223080	115.00
0.223100	116.00
0.223120	118.00
0.223140	120.00
0.223160	121.00
0.223180	120.00
0.223200	121.00
0.223220	124.00
0.223240	128.00
0.223260	130.00
0.223280	130.00
0.223300	129.00
0.223320	128.00
0.223340	129.00
0.223360	129.00
0.223380	128.00
0.223400	127.00
0.223420	127.00
0.223440	128.00
0.223460	130.00
0.223480	130.00
0.223500	129.00
0.223520	127.00
0.223540	126.00
0.223560	126.00
0.223580	126.00
0.223600	125.00
0.223620	125.00
0.223640	125.00
0.223660	127.00
0.223680	128.00
0.223700	128.00
0.223720	128.00
0.223740	128.00
0.223760	129.00
0.223780	130.00
0.223800	130.00
0.223820	130.00
0.223840	130.00
0.223860	129.00
0.223880	128.00
0.223900	126.00
0.223920	122.00
0.223940	119.00
0.223960	117.00
0.223980	117.00
0.224000	117.00
0.224020	119.00
0.224040	121.00
0.224060	122.00
0.224080	124.00
0.224100	125.00
0.224120	126.00
0.224140	127.00
0.224160	127.00
0.224180	127.00
0.224200	126.00
0.224220	126.00
0.224240	128.00
0.224260	130.00
0.224280	131.00
0.224300	129.00
0.224320	125.00
0.224340	123.00
0.224360	125.00
0.224380	129.00
0.224400	133.00
0.224420	134.00
0.224440	132.00
0.224460	129.00
0.224480	128.00
0.224500	130.00
0.224520	132.00
0.224540	132.00
0.224560	131.00
0.224580	130.00
0.224600	130.00
0.224620	131.00
0.224640	131.00
0.224660	128.00
0.224680	124.00
0.224700	122.00
0.224720	123.00
0.224740	126.00
0.224760	128.00
0.224780	129.00
0.224800	127.00
0.224820	124.00
0.224840	121.00
0.224860	118.00
0.224880	118.00
0.224900	119.00
0.224920	120.00
0.224940	119.00
0.224960	118.00
0.224980	118.00
0.225000	119.00
0.225020	120.00
0.225040	120.00
0.225060	118.00
0.225080	116.00
0.225100	117.00
0.225120	120.00
0.225140	123.00
0.225160	125.00
0.225180	126.00
0.225200	128.00
0.225220	129.00
0.225240	129.00
0.225260	128.00
0.225280	128.00
0.225300	130.00
0.225320	134.00
0.225340	137.00
0.225360	135.00
0.225380	130.00
0.225400	125.00
0.225420	123.00
0.225440	125.00
0.225460	128.00
0.225480	128.00
0.225500	127.00
0.225520	127.00
0.225540	127.00
0.225560	128.00
0.225580	129.00
0.225600	131.00
0.225620	134.00
0.225640	137.00
0.225660	137.00
0.225680	134.00
0.225700	130.00
0.225720	129.00
0.225740	129.00
0.225760	129.00
0.225780	126.00
0.225800	121.00
0.225820	117.00
0.225840	116.00
0.225860	118.00
0.225880	120.00
0.225900	122.00
0.225920	122.00
0.225940	122.00
0.225960	121.00
0.225980	121.00
0.226000	122.00
0.226020	123.00
0.226040	122.00
0.226060	121.00
0.226080	122.00
0.226100	124.00
0.226120	127.00
0.226140	130.00
0.226160	130.00
0.226180	129.00
0.226200	127.00
0.226220	126.00
0.226240	124.00
0.226260	122.00
0.226280	121.00
0.226300	121.00
0.226320	123.00
0.226340	125.00
0.226360	127.00
0.226380	129.00
0.226400	130.00
0.226420	132.00
0.226440	133.00
0.226460	133.00
0.226480	132.00
0.226500	132.00
0.226520	133.00
0.226540	134.00
0.226560	132.00
0.226580	128.00
0.226600	125.00
0.226620	126.00
0.226640	129.00
0.226660	132.00
0.226680	132.00
0.226700	130.00
0.226720	127.00
0.226740	122.00
0.226760	118.00
0.226780	114.00
0.226800	114.00
0.226820	115.00
0.226840	116.00
0.226860	115.00
0.226880	114.00
0.226900	116.00
0.226920	121.00
0.226940	125.00
0.226960	122.00
0.226980	114.00
0.227000	107.00
0.227020	106.00
0.227040	113.00
0.227060	121.00
0.227080	126.00
0.227100	126.00
0.227120	126.00
0.227140	128.00
0.227160	130.00
0.227180	130.00
0.227200	127.00
0.227220	124.00
0.227240	124.00
0.227260	127.00
0.227280	129.00
0.227300	131.00
0.227320	131.00
0.227340	132.00
0.227360	132.00
0.227380	132.00
0.227400	132.00
0.227420	132.00
0.227440	132.00
0.227460	132.00
0.227480	131.00
0.227500	130.00
0.227520	132.00
0.227540	135.00
0.227560	136.00
0.227580	133.00
0.227600	127.00
0.227620	122.00
0.227640	120.00
0.227660	120.00
0.227680	120.00
0.227700	119.00
0.227720	119.00
0.227740	120.00
0.227760	122.00
0.227780	124.00
0.227800	123.00
0.227820	122.00
0.227840	120.00
0.227860	120.00
0.227880	119.00
0.227900	117.00
0.227920	115.00
0.227940	113.00
0.227960	114.00
0.227980	116.00
0.228000	118.00
0.228020	120.00
0.228040	122.00
0.228060	125.00
0.228080	127.00
0.228100	131.00
0.228120	134.00
0.228140	135.00
0.228160	133.00
0.228180	129.00
0.228200	126.00
0.228220	126.00
0.228240	129.00
0.228260	133.00
0.228280	133.00
0.228300	131.00
0.228320	129.00
0.228340	129.00
0.228360	130.00
0.228380	131.00
0.228400	132.00
0.228420	132.00
0.228440	134.00
0.228460	135.00
0.228480	135.00
0.228500	132.00
0.228520	128.00
0.228540	124.00
0.228560	124.00
0.228580	125.00
0.228600	126.00
0.228620	127.00
0.228640	125.00
0.228660	123.00
0.228680	119.00
0.228700	117.00
0.228720	117.00
0.228740	120.00
0.228760	123.00
0.228780	124.00
0.228800	121.00
0.228820	117.00
0.228840	115.00
0.228860	117.00
0.228880	121.00
0.228900	123.00
0.228920	123.00
0.228940	122.00
0.228960	122.00
0.228980	124.00
0.229000	127.00
0.229020	132.00
0.229040	136.00
0.229060	137.00
0.229080	136.00
0.229100	131.00
0.229120	125.00
0.229140	122.00
0.229160	122.00
0.229180	125.00
0.229200	128.00
0.229220	129.00
0.229240	128.00
0.229260	128.00
0.229280	130.00
0.229300	132.00
0.229320	133.00
0.229340	131.00
0.229360	129.00
0.229380	129.00
0.229400	130.00
0.229420	133.00
0.229440	135.00
0.229460	136.00
0.229480	135.00
0.229500	134.00
0.229520	131.00
0.229540	129.00
0.229560	127.00
0.229580	125.00
0.229600	125.00
0.229620	124.00
0.229640	123.00
0.229660	122.00
0.229680	120.00
0.229700	119.00
0.229720	117.00
0.229740	115.00
0.229760	114.00
0.229780	116.00
0.229800	119.00
0.229820	123.00
0.229840	124.00
0.229860	123.00
0.229880	122.00
0.229900	121.00
0.229920	120.00
0.229940	119.00
0.229960	116.00
0.229980	114.00
0.230000	115.00
0.230020	120.00
0.230040	126.00
0.230060	129.00
0.230080	129.00
0.230100	128.00
0.230120	127.00
0.230140	126.00
0.230160	123.00
0.230180	122.00
0.230200	124.00
0.230220	129.00
0.230240	133.00
0.230260	133.00
0.230280	130.00
0.230300	127.00
0.230320	129.00
0.230340	133.00
0.230360	134.00
0.230380	131.00
0.230400	125.00
0.230420	122.00
0.230440	124.00
0.230460	127.00
0.230480	128.00
0.230500	128.00
0.230520	129.00
0.230540	131.00
0.230560	132.00
0.230580	129.00
0.230600	123.00
0.230620	117.00
0.230640	118.00
0.230660	122.00
0.230680	126.00
0.230700	125.00
0.230720	120.00
0.230740	117.00
0.230760	119.00
0.230780	126.00
0.230800	132.00
0.230820	132.00
0.230840	126.00
0.230860	117.00
0.230880	112.00
0.230900	112.00
0.230920	115.00
0.230940	120.00
0.230960	124.00
0.230980	128.00
0.231000	130.00
0.231020	131.00
0.231040	128.00
0.231060	124.00
0.231080	122.00
0.231100	124.00
0.231120	128.00
0.231140	131.00
0.231160	131.00
0.231180	128.00
0.231200	128.00
0.231220	129.00
0.231240	132.00
0.231260	134.00
0.231280	135.00
0.231300	135.00
0.231320	135.00
0.231340	134.00
0.231360	131.00
0.231380	129.00
0.231400	129.00
0.231420	133.00
0.231440	136.00
0.231460	136.00
0.231480	131.00
0.231500	125.00
0.231520	121.00
0.231540	121.00
0.231560	122.00
0.231580	122.00
0.231600	121.00
0.231620	122.00
0.231640	123.00
0.231660	122.00
0.231680	119.00
0.231700	117.00
0.231720	117.00
0.231740	120.00
0.231760	123.00
0.231780	122.00
0.231800	120.00
0.231820	119.00
0.231840	121.00
0.231860	122.00
0.231880	121.00
0.231900	119.00
0.231920	121.00
0.231940	126.00
0.231960	132.00
0.231980	135.00
0.232000	134.00
0.232020	131.00
0.232040	129.00
0.232060	129.00
0.232080	128.00
0.232100	127.00
0.232120	126.00
0.232140	126.00
0.232160	129.00
0.232180	131.00
0.232200	133.00
0.232220	134.00
0.232240	135.00
0.232260	135.00
0.232280	133.00
0.232300	132.00
0.232320	131.00
0.232340	131.00
0.232360	132.00
0.232380	131.00
0.232400	130.00
0.232420	127.00
0.232440	126.00
0.232460	124.00
0.232480	122.00
0.232500	120.00
0.232520	119.00
0.232540	119.00
0.232560	118.00
0.232580	117.00
0.232600	116.00
0.232620	117.00
0.232640	121.00
0.232660	124.00
0.232680	124.00
0.232700	122.00
0.232720	120.00
0.232740	121.00
0.232760	124.00
0.232780	127.00
0.232800	126.00
0.232820	123.00
0.232840	120.00
0.232860	119.00
0.232880	122.00
0.232900	130.00
0.232920	137.00
0.232940	139.00
0.232960	135.00
0.232980	125.00
0.233000	119.00
0.233020	119.00
0.233040	127.00
0.233060	134.00
0.233080	134.00
0.233100	129.00
0.233120	123.00
0.233140	121.00
0.233160	124.00
0.233180	128.00
0.233200	130.00
0.233220	130.00
0.233240	129.00
0.233260	128.00
0.233280	125.00
0.233300	123.00
0.233320	123.00
0.233340	125.00
0.233360	128.00
0.233380	127.00
0.233400	124.00
0.233420	121.00
0.233440	121.00
0.233460	123.00
0.233480	124.00
0.233500	122.00
0.233520	118.00
0.233540	117.00
0.233560	120.00
0.233580	124.00
0.233600	128.00
0.233620	128.00
0.233640	127.00
0.233660	125.00
0.233680	123.00
0.233700	120.00
0.233720	119.00
0.233740	118.00
0.233760	119.00
0.233780	120.00
0.233800	120.00
0.233820	121.00
0.233840	122.00
0.233860	125.00
0.233880	127.00
0.233900	129.00
0.233920	131.00
0.233940	132.00
0.233960	131.00
0.233980	128.00
0.234000	124.00
0.234020	122.00
0.234040	123.00
0.234060	126.00
0.234080	128.00
0.234100	129.00
0.234120	130.00
0.234140	130.00
0.234160	129.00
0.234180	127.00
0.234200	125.00
0.234220	126.00
0.234240	129.00
0.234260	130.00
0.234280	127.00
0.234300	123.00
0.234320	120.00
0.234340	123.00
0.234360	129.00
0.234380	132.00
0.234400	131.00
0.234420	126.00
0.234440	123.00
0.234460	122.00
0.234480	123.00
0.234500	123.00
0.234520	123.00
0.234540	123.00
0.234560	124.00
0.234580	124.00
0.234600	123.00
0.234620	121.00
0.234640	120.00
0.234660	120.00
0.234680	119.00
0.234700	118.00
0.234720	116.00
0.234740	117.00
0.234760	120.00
0.234780	122.00
0.234800	123.00
0.234820	124.00
0.234840	126.00
0.234860	130.00
0.234880	134.00
0.234900	135.00
0.234920	132.00
0.234940	129.00
0.234960	127.00
0.234980	127.00
0.235000	127.00
0.235020	127.00
0.235040	127.00
0.235060	128.00
0.235080	129.00
0.235100	130.00
0.235120	131.00
0.235140	132.00
0.235160	132.00
0.235180	131.00
0.235200	127.00
0.235220	123.00
0.235240	122.00
0.235260	124.00
0.235280	129.00
0.235300	132.00
0.235320	134.00
0.235340	134.00
0.235360	132.00
0.235380	129.00
0.235400	126.00
0.235420	122.00
0.235440	119.00
0.235460	117.00
0.235480	115.00
0.235500	112.00
0.235520	110.00
0.235540	111.00
0.235560	116.00
0.235580	122.00
0.235600	126.00
0.235620	129.00
0.235640	129.00
0.235660	128.00
0.235680	126.00
0.235700	125.00
0.235720	125.00
0.235740	126.00
0.235760	127.00
0.235780	127.00
0.235800	126.00
0.235820	123.00
0.235840	121.00
0.235860	121.00
0.235880	123.00
0.235900	126.00
0.235920	129.00
0.235940	131.00
0.235960	133.00
0.235980	133.00
0.236000	132.00
0.236020	132.00
0.236040	132.00
0.236060	132.00
0.236080	131.00
0.236100	129.00
0.236120	127.00
0.236140	126.00
0.236160	129.00
0.236180	133.00
0.236200	138.00
0.236220	140.00
0.236240	138.00
0.236260	132.00
0.236280	124.00
0.236300	115.00
0.236320	109.00
0.236340	110.00
0.236360	116.00
0.236380	124.00
0.236400	133.00
0.236420	140.00
0.236440	146.00
0.236460	147.00
0.236480	141.00
0.236500	128.00
0.236520	110.00
0.236540	96.00
0.236560	89.00
0.236580	90.00
0.236600	98.00
0.236620	110.00
0.236640	125.00
0.236660	140.00
0.236680	149.00
0.236700	147.00
0.236720	134.00
0.236740	118.00
0.236760	110.00
0.236780	113.00
0.236800	123.00
0.236820	133.00
0.236840	138.00
0.236860	139.00
0.236880	137.00
0.236900	132.00
0.236920	125.00
0.236940	118.00
0.236960	114.00
0.236980	116.00
0.237000	124.00
0.237020	132.00
0.237040	136.00
0.237060	135.00
0.237080	131.00
0.237100	128.00
0.237120	127.00
0.237140	129.00
0.237160	132.00
0.237180	136.00
0.237200	139.00
0.237220	139.00
0.237240	134.00
0.237260	125.00
0.237280	117.00
0.237300	111.00
0.237320	110.00
0.237340	111.00
0.237360	113.00
0.237380	115.00
0.237400	119.00
0.237420	124.00
0.237440	129.00
0.237460	132.00
0.237480	130.00
0.237500	127.00
0.237520	124.00
0.237540	123.00
0.237560	122.00
0.237580	119.00
0.237600	115.00
0.237620	114.00
0.237640	116.00
0.237660	122.00
0.237680	129.00
0.237700	132.00
0.237720	134.00
0.237740	134.00
0.237760	134.00
0.237780	134.00
0.237800	134.00
0.237820	131.00
0.237840	129.00
0.237860	127.00
0.237880	128.00
0.237900	130.00
0.237920	131.00
0.237940	131.00
0.237960	131.00
0.237980	130.00
0.238000	131.00
0.238020	131.00
0.238040	130.00
0.238060	128.00
0.238080	126.00
0.238100	125.00
0.238120	126.00
0.238140	129.00
0.238160	132.00
0.238180	132.00
0.238200	130.00
0.238220	129.00
0.238240	127.00
0.238260	126.00
0.238280	123.00
0.238300	120.00
0.238320	117.00
0.238340	116.00
0.238360	117.00
0.238380	118.00
0.238400	118.00
0.238420	117.00
0.238440	117.00
0.238460	120.00
0.238480	122.00
0.238500	121.00
0.238520	118.00
0.238540	114.00
0.238560	113.00
0.238580	116.00
0.238600	119.00
0.238620	121.00
0.238640	120.00
0.238660	121.00
0.238680	125.00
0.238700	133.00
0.238720	139.00
0.238740	141.00
0.238760	140.00
0.238780	138.00
0.238800	138.00
0.238820	138.00
0.238840	136.00
0.238860	131.00
0.238880	123.00
0.238900	119.00
0.238920	118.00
0.238940	121.00
0.238960	124.00
0.238980	126.00
0.239000	127.00
0.239020	130.00
0.239040	132.00
0.239060	133.00
0.239080	132.00
0.239100	131.00
0.239120	130.00
0.239140	130.00
0.239160	129.00
0.239180	126.00
0.239200	121.00
0.239220	119.00
0.239240	121.00
0.239260	125.00
0.239280	128.00
0.239300	128.00
0.239320	124.00
0.239340	120.00
0.239360	118.00
0.239380	119.00
0.239400	121.00
0.239420	124.00
0.239440	124.00
0.239460	122.00
0.239480	118.00
0.239500	114.00
0.239520	112.00
0.239540	112.00
0.239560	113.00
0.239580	116.00
0.239600	119.00
0.239620	122.00
0.239640	125.00
0.239660	128.00
0.239680	130.00
0.239700	132.00
0.239720	132.00
0.239740	131.00
0.239760	129.00
0.239780	127.00
0.239800	126.00
0.239820	126.00
0.239840	126.00
0.239860	125.00
0.239880	125.00
0.239900	127.00
0.239920	131.00
0.239940	135.00
0.239960	136.00
0.239980	132.00
0.240000	128.00
0.240020	126.00
0.240040	128.00
0.240060	130.00
0.240080	130.00
0.240100	127.00
0.240120	124.00
0.240140	124.00
0.240160	125.00
0.240180	126.00
0.240200	127.00
0.240220	127.00
0.240240	126.00
0.240260	124.00
0.240280	121.00
0.240300	119.00
0.240320	120.00
0.240340	125.00
0.240360	129.00
0.240380	130.00
0.240400	127.00
0.240420	124.00
0.240440	124.00
0.240460	125.00
0.240480	125.00
0.240500	123.00
0.240520	120.00
0.240540	117.00
0.240560	114.00
0.240580	113.00
0.240600	114.00
0.240620	120.00
0.240640	129.00
0.240660	135.00
0.240680	136.00
0.240700	131.00
0.240720	127.00
0.240740	128.00
0.240760	131.00
0.240780	131.00
0.240800	125.00
0.240820	119.00
0.240840	119.00
0.240860	126.00
0.240880	133.00
0.240900	136.00
0.240920	132.00
0.240940	127.00
0.240960	126.00
0.240980	128.00
0.241000	131.00
0.241020	132.00
0.241040	132.00
0.241060	133.00
0.241080	133.00
0.241100	132.00
0.241120	128.00
0.241140	125.00
0.241160	122.00
0.241180	122.00
0.241200	122.00
0.241220	122.00
0.241240	122.00
0.241260	124.00
0.241280	126.00
0.241300	125.00
0.241320	121.00
0.241340	118.00
0.241360	118.00
0.241380	119.00
0.241400	119.00
0.241420	117.00
0.241440	114.00
0.241460	114.00
0.241480	117.00
0.241500	122.00
0.241520	124.00
0.241540	123.00
0.241560	122.00
0.241580	123.00
0.241600	125.00
0.241620	127.00
0.241640	128.00
0.241660	129.00
0.241680	129.00
0.241700	128.00
0.241720	128.00
0.241740	128.00
0.241760	130.00
0.241780	134.00
0.241800	136.00
0.241820	136.00
0.241840	133.00
0.241860	129.00
0.241880	127.00
0.241900	127.00
0.241920	129.00
0.241940	132.00
0.241960	134.00
0.241980	136.00
0.242000	137.00
0.242020	135.00
0.242040	131.00
0.242060	126.00
0.242080	125.00
0.242100	126.00
0.242120	127.00
0.242140	127.00
0.242160	125.00
0.242180	124.00
0.242200	125.00
0.242220	126.00
0.242240	126.00
0.242260	123.00
0.242280	118.00
0.242300	114.00
0.242320	113.00
0.242340	116.00
0.242360	119.00
0.242380	122.00
0.242400	124.00
0.242420	123.00
0.242440	122.00
0.242460	121.00
0.242480	121.00
0.242500	121.00
0.242520	123.00
0.242540	125.00
0.242560	127.00
0.242580	129.00
0.242600	129.00
0.242620	128.00
0.242640	127.00
0.242660	125.00
0.242680	124.00
0.242700	126.00
0.242720	130.00
0.242740	134.00
0.242760	135.00
0.242780	133.00
0.242800	130.00
0.242820	129.00
0.242840	132.00
0.242860	134.00
0.242880	134.00
0.242900	131.00
0.242920	126.00
0.242940	124.00
0.242960	124.00
0.242980	124.00
0.243000	125.00
0.243020	126.00
0.243040	125.00
0.243060	125.00
0.243080	123.00
0.243100	121.00
0.243120	121.00
0.243140	122.00
0.243160	125.00
0.243180	126.00
0.243200	124.00
0.243220	122.00
0.243240	121.00
0.243260	121.00
0.243280	121.00
0.243300	120.00
0.243320	118.00
0.243340	116.00
0.243360	117.00
0.243380	119.00
0.243400	119.00
0.243420	119.00
0.243440	120.00
0.243460	123.00
0.243480	127.00
0.243500	128.00
0.243520	127.00
0.243540	124.00
0.243560	123.00
0.243580	125.00
0.243600	127.00
0.243620	128.00
0.243640	127.00
0.243660	127.00
0.243680	126.00
0.243700	125.00
0.243720	124.00
0.243740	123.00
0.243760	124.00
0.243780	126.00
0.243800	128.00
0.243820	128.00
0.243840	127.00
0.243860	128.00
0.243880	133.00
0.243900	138.00
0.243920	140.00
0.243940	138.00
0.243960	132.00
0.243980	127.00
0.244000	126.00
0.244020	128.00
0.244040	128.00
0.244060	126.00
0.244080	123.00
0.244100	120.00
0.244120	121.00
0.244140	122.00
0.244160	123.00
0.244180	122.00
0.244200	120.00
0.244220	120.00
0.244240	121.00
0.244260	122.00
0.244280	121.00
0.244300	119.00
0.244320	118.00
0.244340	117.00
0.244360	118.00
0.244380	117.00
0.244400	116.00
0.244420	115.00
0.244440	116.00
0.244460	119.00
0.244480	123.00
0.244500	128.00
0.244520	132.00
0.244540	134.00
0.244560	134.00
0.244580	131.00
0.244600	128.00
0.244620	126.00
0.244640	127.00
0.244660	129.00
0.244680	129.00
0.244700	127.00
0.244720	126.00
0.244740	128.00
0.244760	130.00
0.244780	132.00
0.244800	131.00
0.244820	128.00
0.244840	127.00
0.244860	128.00
0.244880	130.00
0.244900	130.00
0.244920	129.00
0.244940	128.00
0.244960	127.00
0.244980	126.00
0.245000	124.00
0.245020	120.00
0.245040	118.00
0.245060	119.00
0.245080	122.00
0.245100	126.00
0.245120	127.00
0.245140	126.00
0.245160	125.00
0.245180	124.00
0.245200	123.00
0.245220	122.00
0.245240	119.00
0.245260	117.00
0.245280	116.00
0.245300	116.00
0.245320	118.00
0.245340	121.00
0.245360	123.00
0.245380	124.00
0.245400	123.00
0.245420	122.00
0.245440	124.00
0.245460	128.00
0.245480	132.00
0.245500	134.00
0.245520	132.00
0.245540	127.00
0.245560	122.00
0.245580	120.00
0.245600	121.00
0.245620	123.00
0.245640	125.00
0.245660	127.00
0.245680	130.00
0.245700	132.00
0.245720	133.00
0.245740	133.00
0.245760	132.00
0.245780	132.00
0.245800	131.00
0.245820	129.00
0.245840	126.00
0.245860	124.00
0.245880	125.00
0.245900	127.00
0.245920	129.00
0.245940	130.00
0.245960	130.00
0.245980	130.00
0.246000	131.00
0.246020	130.00
0.246040	128.00
0.246060	127.00
0.246080	126.00
0.246100	127.00
0.246120	127.00
0.246140	126.00
0.246160	124.00
0.246180	123.00
0.246200	124.00
0.246220	127.00
0.246240	127.00
0.246260	124.00
0.246280	121.00
0.246300	121.00
0.246320	123.00
0.246340	126.00
0.246360	127.00
0.246380	126.00
0.246400	125.00
0.246420	127.00
0.246440	131.00
0.246460	134.00
0.246480	134.00
0.246500	131.00
0.246520	125.00
0.246540	118.00
0.246560	112.00
0.246580	110.00
0.246600	112.00
0.246620	117.00
0.246640	122.00
0.246660	125.00
0.246680	125.00
0.246700	126.00
0.246720	131.00
0.246740	137.00
0.246760	142.00
0.246780	143.00
0.246800	140.00
0.246820	136.00
0.246840	132.00
0.246860	129.00
0.246880	126.00
0.246900	123.00
0.246920	124.00
0.246940	125.00
0.246960	126.00
0.246980	124.00
0.247000	121.00
0.247020	117.00
0.247040	115.00
0.247060	114.00
0.247080	113.00
0.247100	112.00
0.247120	113.00
0.247140	117.00
0.247160	122.00
0.247180	125.00
0.247200	126.00
0.247220	126.00
0.247240	127.00
0.247260	129.00
0.247280	128.00
0.247300	124.00
0.247320	117.00
0.247340	113.00
0.247360	114.00
0.247380	118.00
0.247400	121.00
0.247420	122.00
0.247440	122.00
0.247460	123.00
0.247480	126.00
0.247500	131.00
0.247520	134.00
0.247540	137.00
0.247560	139.00
0.247580	142.00
0.247600	145.00
0.247620	146.00
0.247640	142.00
0.247660	135.00
0.247680	127.00
0.247700	122.00
0.247720	121.00
0.247740	123.00
0.247760	127.00
0.247780	130.00
0.247800	133.00
0.247820	134.00
0.247840	135.00
0.247860	135.00
0.247880	134.00
0.247900	131.00
0.247920	126.00
0.247940	122.00
0.247960	120.00
0.247980	119.00
0.248000	120.00
0.248020	120.00
0.248040	118.00
0.248060	114.00
0.248080	112.00
0.248100	113.00
0.248120	119.00
0.248140	125.00
0.248160	126.00
0.248180	123.00
0.248200	120.00
0.248220	123.00
0.248240	129.00
0.248260	135.00
0.248280	133.00
0.248300	126.00
0.248320	119.00
0.248340	119.00
0.248360	123.00
0.248380	127.00
0.248400	126.00
0.248420	121.00
0.248440	120.00
0.248460	123.00
0.248480	129.00
0.248500	132.00
0.248520	131.00
0.248540	129.00
0.248560	129.00
0.248580	131.00
0.248600	131.00
0.248620	130.00
0.248640	128.00
0.248660	126.00
0.248680	126.00
0.248700	127.00
0.248720	129.00
0.248740	130.00
0.248760	130.00
0.248780	129.00
0.248800	128.00
0.248820	128.00
0.248840	130.00
0.248860	135.00
0.248880	136.00
0.248900	132.00
0.248920	125.00
0.248940	121.00
0.248960	121.00
0.248980	123.00
0.249000	125.00
0.249020	123.00
0.249040	121.00
0.249060	121.00
0.249080	123.00
0.249100	123.00
0.249120	120.00
0.249140	116.00
0.249160	116.00
0.249180	120.00
0.249200	126.00
0.249220	126.00
0.249240	121.00
0.249260	114.00
0.249280	111.00
0.249300	113.00
0.249320	119.00
0.249340	125.00
0.249360	127.00
0.249380	126.00
0.249400	126.00
0.249420	127.00
0.249440	129.00
0.249460	132.00
0.249480	133.00
0.249500	130.00
0.249520	125.00
0.249540	121.00
0.249560	121.00
0.249580	124.00
0.249600	129.00
0.249620	132.00
0.249640	132.00
0.249660	130.00
0.249680	128.00
0.249700	127.00
0.249720	126.00
0.249740	126.00
0.249760	126.00
0.249780	125.00
0.249800	125.00
0.249820	125.00
0.249840	126.00
0.249860	128.00
0.249880	129.00
0.249900	126.00
0.249920	121.00
0.249940	115.00
0.249960	114.00
0.249980	117.00
0.250000	123.00
0.250020	126.00
0.250040	124.00
0.250060	121.00
0.250080	118.00
0.250100	118.00
0.250120	119.00
0.250140	121.00
0.250160	122.00
0.250180	123.00
0.250200	124.00
0.250220	125.00
0.250240	126.00
0.250260	127.00
0.250280	129.00
0.250300	131.00
0.250320	131.00
0.250340	127.00
0.250360	121.00
0.250380	118.00
0.250400	120.00
0.250420	125.00
0.250440	130.00
0.250460	131.00
0.250480	130.00
0.250500	129.00
0.250520	129.00
0.250540	132.00
0.250560	134.00
0.250580	135.00
0.250600	135.00
0.250620	133.00
0.250640	130.00
0.250660	128.00
0.250680	126.00
0.250700	128.00
0.250720	132.00
0.250740	136.00
0.250760	137.00
0.250780	135.00
0.250800	130.00
0.250820	125.00
0.250840	122.00
0.250860	119.00
0.250880	118.00
0.250900	118.00
0.250920	118.00
0.250940	120.00
0.250960	120.00
0.250980	120.00
0.251000	120.00
0.251020	120.00
0.251040	121.00
0.251060	122.00
0.251080	124.00
0.251100	125.00
0.251120	126.00
0.251140	125.00
0.251160	123.00
0.251180	121.00
0.251200	121.00
0.251220	124.00
0.251240	129.00
0.251260	133.00
0.251280	132.00
0.251300	129.00
0.251320	126.00
0.251340	126.00
0.251360	130.00
0.251380	133.00
0.251400	134.00
0.251420	132.00
0.251440	130.00
0.251460	131.00
0.251480	132.00
0.251500	134.00
0.251520	134.00
0.251540	133.00
0.251560	132.00
0.251580	130.00
0.251600	128.00
0.251620	126.00
0.251640	126.00
0.251660	127.00
0.251680	130.00
0.251700	132.00
0.251720	131.00
0.251740	127.00
0.251760	122.00
0.251780	119.00
0.251800	118.00
0.251820	120.00
0.251840	123.00
0.251860	126.00
0.251880	125.00
0.251900	122.00
0.251920	119.00
0.251940	118.00
0.251960	120.00
0.251980	123.00
0.252000	123.00
0.252020	121.00
0.252040	117.00
0.252060	115.00
0.252080	116.00
0.252100	119.00
0.252120	122.00
0.252140	123.00
0.252160	123.00
0.252180	125.00
0.252200	127.00
0.252220	129.00
0.252240	130.00
0.252260	130.00
0.252280	131.00
0.252300	132.00
0.252320	132.00
0.252340	131.00
0.252360	128.00
0.252380	124.00
0.252400	123.00
0.252420	126.00
0.252440	130.00
0.252460	132.00
0.252480	131.00
0.252500	128.00
0.252520	124.00
0.252540	124.00
0.252560	126.00
0.252580	128.00
0.252600	130.00
0.252620	129.00
0.252640	128.00
0.252660	127.00
0.252680	127.00
0.252700	128.00
0.252720	129.00
0.252740	129.00
0.252760	126.00
0.252780	122.00
0.252800	119.00
0.252820	118.00
0.252840	119.00
0.252860	121.00
0.252880	122.00
0.252900	123.00
0.252920	125.00
0.252940	125.00
0.252960	124.00
0.252980	121.00
0.253000	117.00
0.253020	115.00
0.253040	116.00
0.253060	119.00
0.253080	122.00
0.253100	124.00
0.253120	124.00
0.253140	125.00
0.253160	128.00
0.253180	131.00
0.253200	132.00
0.253220	132.00
0.253240	129.00
0.253260	126.00
0.253280	124.00
0.253300	125.00
0.253320	128.00
0.253340	133.00
0.253360	136.00
0.253380	136.00
0.253400	133.00
0.253420	130.00
0.253440	128.00
0.253460	129.00
0.253480	131.00
0.253500	132.00
0.253520	132.00
0.253540	131.00
0.253560	131.00
0.253580	130.00
0.253600	127.00
0.253620	122.00
0.253640	119.00
0.253660	119.00
0.253680	122.00
0.253700	125.00
0.253720	125.00
0.253740	123.00
0.253760	122.00
0.253780	123.00
0.253800	127.00
0.253820	129.00
0.253840	127.00
0.253860	122.00
0.253880	116.00
0.253900	113.00
0.253920	113.00
0.253940	115.00
0.253960	116.00
0.253980	116.00
0.254000	116.00
0.254020	117.00
0.254040	121.00
0.254060	126.00
0.254080	130.00
0.254100	131.00
0.254120	129.00
0.254140	127.00
0.254160	127.00
0.254180	129.00
0.254200	130.00
0.254220	130.00
0.254240	130.00
0.254260	130.00
0.254280	130.00
0.254300	131.00
0.254320	132.00
0.254340	133.00
0.254360	135.00
0.254380	136.00
0.254400	136.00
0.254420	134.00
0.254440	132.00
0.254460	131.00
0.254480	132.00
0.254500	133.00
0.254520	133.00
0.254540	131.00
0.254560	128.00
0.254580	128.00
0.254600	129.00
0.254620	131.00
0.254640	132.00
0.254660	132.00
0.254680	130.00
0.254700	127.00
0.254720	124.00
0.254740	122.00
0.254760	120.00
0.254780	119.00
0.254800	119.00
0.254820	120.00
0.254840	119.00
0.254860	117.00
0.254880	114.00
0.254900	113.00
0.254920	115.00
0.254940	119.00
0.254960	121.00
0.254980	119.00
0.255000	115.00
0.255020	113.00
0.255040	115.00
0.255060	122.00
0.255080	128.00
0.255100	132.00
0.255120	132.00
0.255140	129.00
0.255160	126.00
0.255180	124.00
0.255200	123.00
0.255220	124.00
0.255240	126.00
0.255260	129.00
0.255280	130.00
0.255300	128.00
0.255320	126.00
0.255340	125.00
0.255360	127.00
0.255380	129.00
0.255400	131.00
0.255420	131.00
0.255440	131.00
0.255460	132.00
0.255480	135.00
0.255500	137.00
0.255520	136.00
0.255540	133.00
0.255560	128.00
0.255580	124.00
0.255600	122.00
0.255620	123.00
0.255640	125.00
0.255660	127.00
0.255680	125.00
0.255700	122.00
0.255720	119.00
0.255740	118.00
0.255760	119.00
0.255780	119.00
0.255800	117.00
0.255820	114.00
0.255840	113.00
0.255860	116.00
0.255880	120.00
0.255900	122.00
0.255920	122.00
0.255940	120.00
0.255960	121.00
0.255980	122.00
0.256000	124.00
0.256020	126.00
0.256040	128.00
0.256060	131.00
0.256080	133.00
0.256100	131.00
0.256120	127.00
0.256140	122.00
0.256160	120.00
0.256180	122.00
0.256200	124.00
0.256220	126.00
0.256240	126.00
0.256260	127.00
0.256280	127.00
0.256300	127.00
0.256320	126.00
0.256340	125.00
0.256360	125.00
0.256380	126.00
0.256400	126.00
0.256420	125.00
0.256440	126.00
0.256460	129.00
0.256480	133.00
0.256500	133.00
0.256520	126.00
0.256540	117.00
0.256560	113.00
0.256580	117.00
0.256600	127.00
0.256620	133.00
0.256640	132.00
0.256660	125.00
0.256680	120.00
0.256700	120.00
0.256720	124.00
0.256740	127.00
0.256760	127.00
0.256780	126.00
0.256800	125.00
0.256820	126.00
0.256840	128.00
0.256860	129.00
0.256880	128.00
0.256900	124.00
0.256920	121.00
0.256940	118.00
0.256960	118.00
0.256980	120.00
0.257000	124.00
0.257020	127.00
0.257040	129.00
0.257060	130.00
0.257080	129.00
0.257100	128.00
0.257120	127.00
0.257140	125.00
0.257160	123.00
0.257180	121.00
0.257200	121.00
0.257220	122.00
0.257240	125.00
0.257260	128.00
0.257280	130.00
