0.217300	101.00
0.217320	50.00
0.217340	102.00
0.217360	141.00
0.217380	144.00
0.217400	125.00
0.217420	112.00
0.217440	119.00
0.217460	132.00
0.217480	134.00
0.217500	126.00
0.217520	118.00
0.217540	121.00
0.217560	128.00
0.217580	130.00
0.217600	125.00
0.217620	121.00
0.217640	123.00
0.217660	128.00
0.217680	130.00
0.217700	126.00
0.217720	122.00
0.217740	123.00
0.217760	127.00
0.217780	128.00
0.217800	125.00
0.217820	122.00
0.217840	123.00
0.217860	127.00
0.217880	128.00
0.217900	126.00
0.217920	123.00
0.217940	124.00
0.217960	127.00
0.217980	127.00
0.218000	125.00
0.218020	124.00
0.218040	125.00
0.218060	128.00
0.218080	128.00
0.218100	125.00
0.218120	123.00
0.218140	124.00
0.218160	126.00
0.218180	127.00
0.218200	125.00
0.218220	124.00
0.218240	124.00
0.218260	126.00
0.218280	127.00
0.218300	126.00
0.218320	124.00
0.218340	124.00
0.218360	126.00
0.218380	127.00
0.218400	126.00
0.218420	124.00
0.218440	125.00
0.218460	126.00
0.218480	127.00
0.218500	126.00
0.218520	124.00
0.218540	124.00
0.218560	125.00
0.218580	126.00
0.218600	125.00
0.218620	124.00
0.218640	125.00
0.218660	126.00
0.218680	126.00
0.218700	125.00
0.218720	124.00
0.218740	125.00
0.218760	126.00
0.218780	126.00
0.218800	125.00
0.218820	124.00
0.218840	125.00
0.218860	127.00
0.218880	127.00
0.218900	125.00
0.218920	124.00
0.218940	124.00
0.218960	126.00
0.218980	127.00
0.219000	126.00
0.219020	126.00
0.219040	126.00
0.219060	127.00
0.219080	128.00
0.219100	127.00
0.219120	125.00
0.219140	125.00
0.219160	126.00
0.219180	127.00
0.219200	126.00
0.219220	125.00
0.219240	125.00
0.219260	126.00
0.219280	126.00
0.219300	125.00
0.219320	124.00
0.219340	124.00
0.219360	125.00
0.219380	126.00
0.219400	126.00
0.219420	125.00
0.219440	125.00
0.219460	126.00
0.219480	126.00
0.219500	126.00
0.219520	125.00
0.219540	126.00
0.219560	126.00
0.219580	126.00
0.219600	125.00
0.219620	125.00
0.219640	125.00
0.219660	127.00
0.219680	127.00
0.219700	126.00
0.219720	125.00
0.219740	124.00
0.219760	125.00
0.219780	126.00
0.219800	126.00
0.219820	125.00
0.219840	125.00
0.219860	126.00
0.219880	127.00
0.219900	126.00
0.219920	125.00
0.219940	126.00
0.219960	127.00
0.219980	127.00
0.220000	126.00
0.220020	125.00
0.220040	124.00
0.220060	125.00
0.220080	126.00
0.220100	126.00
0.220120	125.00
0.220140	124.00
0.220160	125.00
0.220180	126.00
0.220200	126.00
0.220220	125.00
0.220240	124.00
0.220260	124.00
0.220280	125.00
0.220300	125.00
0.220320	125.00
0.220340	125.00
0.220360	125.00
0.220380	125.00
0.220400	125.00
0.220420	124.00
0.220440	124.00
0.220460	125.00
0.220480	125.00
0.220500	125.00
0.220520	124.00
0.220540	125.00
0.220560	125.00
0.220580	126.00
0.220600	126.00
0.220620	126.00
0.220640	126.00
0.220660	126.00
0.220680	126.00
0.220700	125.00
0.220720	125.00
0.220740	126.00
0.220760	126.00
0.220780	127.00
0.220800	127.00
0.220820	126.00
0.220840	125.00
0.220860	125.00
0.220880	125.00
0.220900	124.00
0.220920	124.00
0.220940	125.00
0.220960	125.00
0.220980	126.00
0.221000	126.00
0.221020	125.00
0.221040	125.00
0.221060	126.00
0.221080	126.00
0.221100	126.00
0.221120	126.00
0.221140	126.00
0.221160	126.00
0.221180	127.00
0.221200	126.00
0.221220	126.00
0.221240	127.00
0.221260	127.00
0.221280	127.00
0.221300	126.00
0.221320	125.00
0.221340	125.00
0.221360	126.00
0.221380	126.00
0.221400	126.00
0.221420	125.00
0.221440	125.00
0.221460	125.00
0.221480	125.00
0.221500	125.00
0.221520	126.00
0.221540	126.00
0.221560	126.00
0.221580	126.00
0.221600	126.00
0.221620	126.00
0.221640	126.00
0.221660	126.00
0.221680	126.00
0.221700	126.00
0.221720	125.00
0.221740	125.00
0.221760	126.00
0.221780	126.00
0.221800	126.00
0.221820	125.00
0.221840	125.00
0.221860	125.00
0.221880	125.00
0.221900	125.00
0.221920	125.00
0.221940	125.00
0.221960	126.00
0.221980	126.00
0.222000	126.00
0.222020	125.00
0.222040	125.00
0.222060	126.00
0.222080	126.00
0.222100	126.00
0.222120	126.00
0.222140	126.00
0.222160	126.00
0.222180	126.00
0.222200	125.00
0.222220	125.00
0.222240	125.00
0.222260	126.00
0.222280	126.00
0.222300	125.00
0.222320	124.00
0.222340	124.00
0.222360	125.00
0.222380	125.00
0.222400	124.00
0.222420	124.00
0.222440	124.00
0.222460	125.00
0.222480	126.00
0.222500	126.00
0.222520	126.00
0.222540	126.00
0.222560	127.00
0.222580	127.00
0.222600	127.00
0.222620	126.00
0.222640	126.00
0.222660	126.00
0.222680	126.00
0.222700	126.00
0.222720	126.00
0.222740	126.00
0.222760	126.00
0.222780	126.00
0.222800	125.00
0.222820	125.00
0.222840	126.00
0.222860	126.00
0.222880	126.00
0.222900	126.00
0.222920	125.00
0.222940	125.00
0.222960	125.00
0.222980	125.00
0.223000	125.00
0.223020	124.00
0.223040	124.00
0.223060	125.00
0.223080	126.00
0.223100	126.00
0.223120	125.00
0.223140	125.00
0.223160	126.00
0.223180	126.00
0.223200	125.00
0.223220	125.00
0.223240	125.00
0.223260	125.00
0.223280	125.00
0.223300	125.00
0.223320	125.00
0.223340	125.00
0.223360	125.00
0.223380	125.00
0.223400	126.00
0.223420	126.00
0.223440	126.00
0.223460	126.00
0.223480	126.00
0.223500	126.00
0.223520	126.00
0.223540	126.00
0.223560	126.00
0.223580	126.00
0.223600	126.00
0.223620	125.00
0.223640	125.00
0.223660	125.00
0.223680	125.00
0.223700	125.00
0.223720	125.00
0.223740	125.00
0.223760	126.00
0.223780	125.00
0.223800	125.00
0.223820	125.00
0.223840	126.00
0.223860	126.00
0.223880	126.00
0.223900	126.00
0.223920	126.00
0.223940	126.00
0.223960	126.00
0.223980	126.00
0.224000	125.00
0.224020	125.00
0.224040	126.00
0.224060	126.00
0.224080	126.00
0.224100	125.00
0.224120	124.00
0.224140	125.00
0.224160	125.00
0.224180	126.00
0.224200	126.00
0.224220	126.00
0.224240	125.00
0.224260	125.00
0.224280	125.00
0.224300	124.00
0.224320	123.00
0.224340	123.00
0.224360	124.00
0.224380	125.00
0.224400	126.00
0.224420	126.00
0.224440	126.00
0.224460	126.00
0.224480	126.00
0.224500	126.00
0.224520	126.00
0.224540	126.00
0.224560	126.00
0.224580	126.00
0.224600	126.00
0.224620	125.00
0.224640	125.00
0.224660	125.00
0.224680	125.00
0.224700	124.00
0.224720	125.00
0.224740	125.00
0.224760	126.00
0.224780	126.00
0.224800	126.00
0.224820	126.00
0.224840	126.00
0.224860	126.00
0.224880	126.00
0.224900	126.00
0.224920	125.00
0.224940	125.00
0.224960	125.00
0.224980	125.00
0.225000	126.00
0.225020	126.00
0.225040	126.00
0.225060	126.00
0.225080	125.00
0.225100	125.00
0.225120	125.00
0.225140	124.00
0.225160	124.00
0.225180	124.00
0.225200	124.00
0.225220	124.00
0.225240	124.00
0.225260	124.00
0.225280	124.00
0.225300	124.00
0.225320	124.00
0.225340	125.00
0.225360	126.00
0.225380	126.00
0.225400	126.00
0.225420	126.00
0.225440	126.00
0.225460	126.00
0.225480	126.00
0.225500	126.00
0.225520	126.00
0.225540	126.00
0.225560	126.00
0.225580	126.00
0.225600	126.00
0.225620	126.00
0.225640	126.00
0.225660	126.00
0.225680	126.00
0.225700	126.00
0.225720	125.00
0.225740	126.00
0.225760	126.00
0.225780	125.00
0.225800	125.00
0.225820	125.00
0.225840	125.00
0.225860	126.00
0.225880	126.00
0.225900	125.00
0.225920	125.00
0.225940	125.00
0.225960	126.00
0.225980	126.00
0.226000	126.00
0.226020	125.00
0.226040	125.00
0.226060	126.00
0.226080	126.00
0.226100	126.00
0.226120	126.00
0.226140	125.00
0.226160	125.00
0.226180	125.00
0.226200	125.00
0.226220	125.00
0.226240	125.00
0.226260	125.00
0.226280	125.00
0.226300	125.00
0.226320	125.00
0.226340	125.00
0.226360	126.00
0.226380	126.00
0.226400	126.00
0.226420	125.00
0.226440	125.00
0.226460	125.00
0.226480	125.00
0.226500	125.00
0.226520	126.00
0.226540	126.00
0.226560	127.00
0.226580	127.00
0.226600	126.00
0.226620	125.00
0.226640	125.00
0.226660	125.00
0.226680	125.00
0.226700	125.00
0.226720	125.00
0.226740	125.00
0.226760	126.00
0.226780	126.00
0.226800	126.00
0.226820	126.00
0.226840	126.00
0.226860	127.00
0.226880	127.00
0.226900	127.00
0.226920	126.00
0.226940	126.00
0.226960	126.00
0.226980	126.00
0.227000	126.00
0.227020	126.00
0.227040	126.00
0.227060	126.00
0.227080	125.00
0.227100	125.00
0.227120	124.00
0.227140	124.00
0.227160	124.00
0.227180	125.00
0.227200	125.00
0.227220	125.00
0.227240	125.00
0.227260	125.00
0.227280	125.00
0.227300	125.00
0.227320	125.00
0.227340	126.00
0.227360	127.00
0.227380	127.00
0.227400	126.00
0.227420	125.00
0.227440	125.00
0.227460	125.00
0.227480	125.00
0.227500	125.00
0.227520	125.00
0.227540	125.00
0.227560	125.00
0.227580	126.00
0.227600	127.00
0.227620	127.00
0.227640	126.00
0.227660	125.00
0.227680	125.00
0.227700	125.00
0.227720	125.00
0.227740	125.00
0.227760	126.00
0.227780	126.00
0.227800	126.00
0.227820	126.00
0.227840	125.00
0.227860	125.00
0.227880	125.00
0.227900	125.00
0.227920	125.00
0.227940	126.00
0.227960	126.00
0.227980	125.00
0.228000	125.00
0.228020	125.00
0.228040	125.00
0.228060	126.00
0.228080	126.00
0.228100	125.00
0.228120	124.00
0.228140	124.00
0.228160	124.00
0.228180	125.00
0.228200	125.00
0.228220	125.00
0.228240	125.00
0.228260	126.00
0.228280	126.00
0.228300	126.00
0.228320	126.00
0.228340	125.00
0.228360	125.00
0.228380	125.00
0.228400	124.00
0.228420	125.00
0.228440	125.00
0.228460	125.00
0.228480	126.00
0.228500	126.00
0.228520	126.00
0.228540	127.00
0.228560	127.00
0.228580	127.00
0.228600	128.00
0.228620	128.00
0.228640	128.00
0.228660	127.00
0.228680	127.00
0.228700	126.00
0.228720	125.00
0.228740	125.00
0.228760	126.00
0.228780	126.00
0.228800	126.00
0.228820	126.00
0.228840	126.00
0.228860	126.00
0.228880	125.00
0.228900	124.00
0.228920	123.00
0.228940	124.00
0.228960	125.00
0.228980	125.00
0.229000	125.00
0.229020	124.00
0.229040	125.00
0.229060	126.00
0.229080	126.00
0.229100	126.00
0.229120	126.00
0.229140	125.00
0.229160	125.00
0.229180	125.00
0.229200	125.00
0.229220	125.00
0.229240	125.00
0.229260	126.00
0.229280	126.00
0.229300	126.00
0.229320	126.00
0.229340	126.00
0.229360	126.00
0.229380	125.00
0.229400	124.00
0.229420	124.00
0.229440	125.00
0.229460	126.00
0.229480	127.00
0.229500	127.00
0.229520	126.00
0.229540	126.00
0.229560	126.00
0.229580	126.00
0.229600	127.00
0.229620	127.00
0.229640	127.00
0.229660	127.00
0.229680	126.00
0.229700	126.00
0.229720	125.00
0.229740	124.00
0.229760	125.00
0.229780	125.00
0.229800	126.00
0.229820	125.00
0.229840	125.00
0.229860	125.00
0.229880	125.00
0.229900	125.00
0.229920	125.00
0.229940	125.00
0.229960	125.00
0.229980	125.00
0.230000	125.00
0.230020	124.00
0.230040	124.00
0.230060	125.00
0.230080	125.00
0.230100	125.00
0.230120	126.00
0.230140	126.00
0.230160	126.00
0.230180	126.00
0.230200	126.00
0.230220	125.00
0.230240	125.00
0.230260	125.00
0.230280	126.00
0.230300	126.00
0.230320	126.00
0.230340	126.00
0.230360	126.00
0.230380	126.00
0.230400	126.00
0.230420	126.00
0.230440	126.00
0.230460	126.00
0.230480	126.00
0.230500	126.00
0.230520	126.00
0.230540	126.00
0.230560	126.00
0.230580	126.00
0.230600	126.00
0.230620	125.00
0.230640	125.00
0.230660	125.00
0.230680	125.00
0.230700	125.00
0.230720	125.00
0.230740	125.00
0.230760	125.00
0.230780	125.00
0.230800	125.00
0.230820	125.00
0.230840	125.00
0.230860	126.00
0.230880	126.00
0.230900	125.00
0.230920	125.00
0.230940	125.00
0.230960	125.00
0.230980	126.00
0.231000	125.00
0.231020	125.00
0.231040	124.00
0.231060	124.00
0.231080	125.00
0.231100	125.00
0.231120	126.00
0.231140	126.00
0.231160	126.00
0.231180	126.00
0.231200	126.00
0.231220	126.00
0.231240	126.00
0.231260	126.00
0.231280	126.00
0.231300	126.00
0.231320	125.00
0.231340	125.00
0.231360	125.00
0.231380	125.00
0.231400	125.00
0.231420	125.00
0.231440	126.00
0.231460	126.00
0.231480	127.00
0.231500	126.00
0.231520	126.00
0.231540	125.00
0.231560	126.00
0.231580	126.00
0.231600	127.00
0.231620	126.00
0.231640	126.00
0.231660	125.00
0.231680	125.00
0.231700	126.00
0.231720	126.00
0.231740	126.00
0.231760	126.00
0.231780	126.00
0.231800	126.00
0.231820	126.00
0.231840	125.00
0.231860	125.00
0.231880	124.00
0.231900	124.00
0.231920	125.00
0.231940	125.00
0.231960	126.00
0.231980	126.00
0.232000	126.00
0.232020	125.00
0.232040	125.00
0.232060	125.00
0.232080	125.00
0.232100	126.00
0.232120	126.00
0.232140	126.00
0.232160	126.00
0.232180	126.00
0.232200	126.00
0.232220	125.00
0.232240	124.00
0.232260	124.00
0.232280	125.00
0.232300	126.00
0.232320	126.00
0.232340	127.00
0.232360	127.00
0.232380	126.00
0.232400	126.00
0.232420	125.00
0.232440	125.00
0.232460	125.00
0.232480	125.00
0.232500	126.00
0.232520	126.00
0.232540	127.00
0.232560	127.00
0.232580	126.00
0.232600	126.00
0.232620	126.00
0.232640	125.00
0.232660	125.00
0.232680	126.00
0.232700	126.00
0.232720	126.00
0.232740	125.00
0.232760	124.00
0.232780	124.00
0.232800	123.00
0.232820	123.00
0.232840	124.00
0.232860	126.00
0.232880	127.00
0.232900	128.00
0.232920	129.00
0.232940	128.00
0.232960	127.00
0.232980	125.00
0.233000	123.00
0.233020	122.00
0.233040	122.00
0.233060	123.00
0.233080	125.00
0.233100	127.00
0.233120	128.00
0.233140	129.00
0.233160	129.00
0.233180	128.00
0.233200	126.00
0.233220	124.00
0.233240	123.00
0.233260	122.00
0.233280	123.00
0.233300	123.00
0.233320	124.00
0.233340	124.00
0.233360	125.00
0.233380	126.00
0.233400	127.00
0.233420	128.00
0.233440	130.00
0.233460	130.00
0.233480	129.00
0.233500	127.00
0.233520	125.00
0.233540	123.00
0.233560	122.00
0.233580	121.00
0.233600	121.00
0.233620	121.00
0.233640	123.00
0.233660	126.00
0.233680	128.00
0.233700	129.00
0.233720	129.00
0.233740	129.00
0.233760	128.00
0.233780	127.00
0.233800	126.00
0.233820	126.00
0.233840	125.00
0.233860	124.00
0.233880	123.00
0.233900	122.00
0.233920	122.00
0.233940	123.00
0.233960	125.00
0.233980	126.00
0.234000	128.00
0.234020	129.00
0.234040	130.00
0.234060	129.00
0.234080	128.00
0.234100	126.00
0.234120	124.00
0.234140	123.00
0.234160	122.00
0.234180	122.00
0.234200	123.00
0.234220	124.00
0.234240	126.00
0.234260	127.00
0.234280	128.00
0.234300	128.00
0.234320	128.00
0.234340	127.00
0.234360	126.00
0.234380	125.00
0.234400	123.00
0.234420	122.00
0.234440	122.00
0.234460	124.00
0.234480	126.00
0.234500	127.00
0.234520	128.00
0.234540	128.00
0.234560	128.00
0.234580	128.00
0.234600	127.00
0.234620	125.00
0.234640	124.00
0.234660	123.00
0.234680	124.00
0.234700	124.00
0.234720	125.00
0.234740	126.00
0.234760	126.00
0.234780	125.00
0.234800	125.00
0.234820	123.00
0.234840	123.00
0.234860	123.00
0.234880	123.00
0.234900	123.00
0.234920	124.00
0.234940	126.00
0.234960	127.00
0.234980	128.00
0.235000	128.00
0.235020	126.00
0.235040	125.00
0.235060	124.00
0.235080	123.00
0.235100	124.00
0.235120	124.00
0.235140	125.00
0.235160	126.00
0.235180	127.00
0.235200	128.00
0.235220	128.00
0.235240	128.00
0.235260	127.00
0.235280	127.00
0.235300	126.00
0.235320	125.00
0.235340	124.00
0.235360	125.00
0.235380	125.00
0.235400	125.00
0.235420	125.00
0.235440	125.00
0.235460	126.00
0.235480	126.00
0.235500	127.00
0.235520	127.00
0.235540	126.00
0.235560	125.00
0.235580	125.00
0.235600	125.00
0.235620	124.00
0.235640	124.00
0.235660	124.00
0.235680	124.00
0.235700	125.00
0.235720	126.00
0.235740	127.00
0.235760	127.00
0.235780	127.00
0.235800	126.00
0.235820	126.00
0.235840	125.00
0.235860	125.00
0.235880	125.00
0.235900	125.00
0.235920	124.00
0.235940	124.00
0.235960	124.00
0.235980	125.00
0.236000	126.00
0.236020	126.00
0.236040	126.00
0.236060	126.00
0.236080	126.00
0.236100	127.00
0.236120	127.00
0.236140	126.00
0.236160	124.00
0.236180	124.00
0.236200	124.00
0.236220	124.00
0.236240	125.00
0.236260	125.00
0.236280	125.00
0.236300	125.00
0.236320	127.00
0.236340	127.00
0.236360	127.00
0.236380	126.00
0.236400	125.00
0.236420	125.00
0.236440	125.00
0.236460	125.00
0.236480	124.00
0.236500	125.00
0.236520	126.00
0.236540	127.00
0.236560	128.00
0.236580	127.00
0.236600	127.00
0.236620	126.00
0.236640	125.00
0.236660	125.00
0.236680	125.00
0.236700	125.00
0.236720	125.00
0.236740	124.00
0.236760	124.00
0.236780	125.00
0.236800	125.00
0.236820	125.00
0.236840	125.00
0.236860	125.00
0.236880	125.00
0.236900	125.00
0.236920	126.00
0.236940	126.00
0.236960	126.00
0.236980	126.00
0.237000	125.00
0.237020	125.00
0.237040	126.00
0.237060	126.00
0.237080	126.00
0.237100	127.00
0.237120	127.00
0.237140	126.00
0.237160	126.00
0.237180	126.00
0.237200	126.00
0.237220	126.00
0.237240	127.00
0.237260	127.00
0.237280	126.00
0.237300	125.00
0.237320	125.00
0.237340	125.00
0.237360	126.00
0.237380	126.00
0.237400	126.00
0.237420	126.00
0.237440	126.00
0.237460	126.00
0.237480	125.00
0.237500	124.00
0.237520	124.00
0.237540	124.00
0.237560	124.00
0.237580	125.00
0.237600	125.00
0.237620	125.00
0.237640	125.00
0.237660	126.00
0.237680	126.00
0.237700	126.00
0.237720	125.00
0.237740	125.00
0.237760	125.00
0.237780	125.00
0.237800	126.00
0.237820	126.00
0.237840	126.00
0.237860	126.00
0.237880	125.00
0.237900	125.00
0.237920	125.00
0.237940	125.00
0.237960	126.00
0.237980	126.00
0.238000	126.00
0.238020	126.00
0.238040	126.00
0.238060	126.00
0.238080	126.00
0.238100	126.00
0.238120	126.00
0.238140	126.00
0.238160	126.00
0.238180	126.00
0.238200	126.00
0.238220	125.00
0.238240	126.00
0.238260	126.00
0.238280	126.00
0.238300	127.00
0.238320	127.00
0.238340	126.00
0.238360	126.00
0.238380	125.00
0.238400	125.00
0.238420	125.00
0.238440	125.00
0.238460	125.00
0.238480	125.00
0.238500	126.00
0.238520	126.00
0.238540	126.00
0.238560	125.00
0.238580	125.00
0.238600	125.00
0.238620	125.00
0.238640	125.00
0.238660	124.00
0.238680	124.00
0.238700	124.00
0.238720	124.00
0.238740	125.00
0.238760	125.00
0.238780	126.00
0.238800	126.00
0.238820	126.00
0.238840	126.00
0.238860	126.00
0.238880	126.00
0.238900	126.00
0.238920	125.00
0.238940	125.00
0.238960	125.00
0.238980	125.00
0.239000	125.00
0.239020	125.00
0.239040	126.00
0.239060	126.00
0.239080	126.00
0.239100	125.00
0.239120	125.00
0.239140	125.00
0.239160	125.00
0.239180	125.00
0.239200	125.00
0.239220	125.00
0.239240	126.00
0.239260	126.00
0.239280	126.00
0.239300	125.00
0.239320	125.00
0.239340	126.00
0.239360	126.00
0.239380	126.00
0.239400	126.00
0.239420	126.00
0.239440	126.00
0.239460	126.00
0.239480	125.00
0.239500	125.00
0.239520	124.00
0.239540	124.00
0.239560	125.00
0.239580	125.00
0.239600	126.00
0.239620	126.00
0.239640	125.00
0.239660	125.00
0.239680	124.00
0.239700	124.00
0.239720	123.00
0.239740	123.00
0.239760	124.00
0.239780	125.00
0.239800	126.00
0.239820	126.00
0.239840	127.00
0.239860	127.00
0.239880	126.00
0.239900	126.00
0.239920	125.00
0.239940	125.00
0.239960	125.00
0.239980	126.00
0.240000	126.00
0.240020	126.00
0.240040	126.00
0.240060	126.00
0.240080	125.00
0.240100	125.00
0.240120	124.00
0.240140	124.00
0.240160	125.00
0.240180	125.00
0.240200	126.00
0.240220	126.00
0.240240	126.00
0.240260	126.00
0.240280	126.00
0.240300	126.00
0.240320	126.00
0.240340	125.00
0.240360	125.00
0.240380	126.00
0.240400	126.00
0.240420	126.00
0.240440	126.00
0.240460	126.00
0.240480	126.00
0.240500	126.00
0.240520	125.00
0.240540	125.00
0.240560	125.00
0.240580	125.00
0.240600	125.00
0.240620	125.00
0.240640	125.00
0.240660	125.00
0.240680	125.00
0.240700	125.00
0.240720	125.00
0.240740	125.00
0.240760	125.00
0.240780	125.00
0.240800	125.00
0.240820	125.00
0.240840	125.00
0.240860	125.00
0.240880	125.00
0.240900	125.00
0.240920	126.00
0.240940	126.00
0.240960	126.00
0.240980	126.00
0.241000	126.00
0.241020	126.00
0.241040	126.00
0.241060	126.00
0.241080	126.00
0.241100	126.00
0.241120	125.00
0.241140	126.00
0.241160	126.00
0.241180	126.00
0.241200	126.00
0.241220	126.00
0.241240	125.00
0.241260	126.00
0.241280	126.00
0.241300	126.00
0.241320	125.00
0.241340	125.00
0.241360	125.00
0.241380	125.00
0.241400	126.00
0.241420	126.00
0.241440	125.00
0.241460	125.00
0.241480	125.00
0.241500	125.00
0.241520	125.00
0.241540	125.00
0.241560	125.00
0.241580	125.00
0.241600	125.00
0.241620	125.00
0.241640	125.00
0.241660	125.00
0.241680	125.00
0.241700	125.00
0.241720	125.00
0.241740	125.00
0.241760	125.00
0.241780	125.00
0.241800	126.00
0.241820	127.00
0.241840	127.00
0.241860	127.00
0.241880	126.00
0.241900	126.00
0.241920	126.00
0.241940	125.00
0.241960	126.00
0.241980	126.00
0.242000	126.00
0.242020	126.00
0.242040	125.00
0.242060	126.00
0.242080	126.00
0.242100	126.00
0.242120	127.00
0.242140	126.00
0.242160	126.00
0.242180	126.00
0.242200	125.00
0.242220	126.00
0.242240	126.00
0.242260	126.00
0.242280	126.00
0.242300	126.00
0.242320	126.00
0.242340	126.00
0.242360	126.00
0.242380	125.00
0.242400	125.00
0.242420	125.00
0.242440	125.00
0.242460	125.00
0.242480	125.00
0.242500	125.00
0.242520	126.00
0.242540	126.00
0.242560	126.00
0.242580	127.00
0.242600	126.00
0.242620	126.00
0.242640	125.00
0.242660	125.00
0.242680	125.00
0.242700	125.00
0.242720	126.00
0.242740	126.00
0.242760	126.00
0.242780	126.00
0.242800	126.00
0.242820	126.00
0.242840	126.00
0.242860	126.00
0.242880	125.00
0.242900	125.00
0.242920	126.00
0.242940	126.00
0.242960	126.00
0.242980	125.00
0.243000	125.00
0.243020	126.00
0.243040	126.00
0.243060	126.00
0.243080	127.00
0.243100	127.00
0.243120	127.00
0.243140	127.00
0.243160	126.00
0.243180	125.00
0.243200	125.00
0.243220	125.00
0.243240	126.00
0.243260	125.00
0.243280	125.00
0.243300	125.00
0.243320	125.00
0.243340	125.00
0.243360	125.00
0.243380	124.00
0.243400	124.00
0.243420	124.00
0.243440	125.00
0.243460	126.00
0.243480	126.00
0.243500	126.00
0.243520	126.00
0.243540	126.00
0.243560	126.00
0.243580	126.00
0.243600	126.00
0.243620	126.00
0.243640	126.00
0.243660	126.00
0.243680	126.00
0.243700	125.00
0.243720	125.00
0.243740	125.00
0.243760	125.00
0.243780	125.00
0.243800	125.00
0.243820	125.00
0.243840	125.00
0.243860	125.00
0.243880	125.00
0.243900	125.00
0.243920	126.00
0.243940	125.00
0.243960	125.00
0.243980	125.00
0.244000	125.00
0.244020	126.00
0.244040	126.00
0.244060	126.00
0.244080	126.00
0.244100	125.00
0.244120	126.00
0.244140	126.00
0.244160	126.00
0.244180	127.00
0.244200	127.00
0.244220	126.00
0.244240	126.00
0.244260	126.00
0.244280	125.00
0.244300	126.00
0.244320	126.00
0.244340	127.00
0.244360	126.00
0.244380	125.00
0.244400	125.00
0.244420	125.00
0.244440	125.00
0.244460	125.00
0.244480	126.00
0.244500	126.00
0.244520	126.00
0.244540	126.00
0.244560	126.00
0.244580	126.00
0.244600	125.00
0.244620	126.00
0.244640	126.00
0.244660	126.00
0.244680	126.00
0.244700	125.00
0.244720	125.00
0.244740	125.00
0.244760	125.00
0.244780	125.00
0.244800	124.00
0.244820	125.00
0.244840	125.00
0.244860	126.00
0.244880	126.00
0.244900	126.00
0.244920	125.00
0.244940	125.00
0.244960	126.00
0.244980	126.00
0.245000	126.00
0.245020	125.00
0.245040	126.00
0.245060	126.00
0.245080	125.00
0.245100	125.00
0.245120	124.00
0.245140	124.00
0.245160	124.00
0.245180	125.00
0.245200	125.00
0.245220	124.00
0.245240	125.00
0.245260	125.00
0.245280	125.00
0.245300	125.00
0.245320	125.00
0.245340	125.00
0.245360	125.00
0.245380	124.00
0.245400	125.00
0.245420	125.00
0.245440	125.00
0.245460	126.00
0.245480	126.00
0.245500	125.00
0.245520	125.00
0.245540	124.00
0.245560	124.00
0.245580	125.00
0.245600	125.00
0.245620	125.00
0.245640	125.00
0.245660	126.00
0.245680	126.00
0.245700	126.00
0.245720	126.00
0.245740	125.00
0.245760	125.00
0.245780	125.00
0.245800	125.00
0.245820	125.00
0.245840	126.00
0.245860	126.00
0.245880	126.00
0.245900	126.00
0.245920	126.00
0.245940	126.00
0.245960	126.00
0.245980	126.00
0.246000	126.00
0.246020	126.00
0.246040	126.00
0.246060	126.00
0.246080	126.00
0.246100	126.00
0.246120	125.00
0.246140	125.00
0.246160	126.00
0.246180	126.00
0.246200	126.00
0.246220	126.00
0.246240	125.00
0.246260	126.00
0.246280	126.00
0.246300	126.00
0.246320	126.00
0.246340	126.00
0.246360	126.00
0.246380	126.00
0.246400	125.00
0.246420	125.00
0.246440	126.00
0.246460	126.00
0.246480	126.00
0.246500	125.00
0.246520	124.00
0.246540	124.00
0.246560	124.00
0.246580	124.00
0.246600	125.00
0.246620	125.00
0.246640	125.00
0.246660	125.00
0.246680	125.00
0.246700	125.00
0.246720	125.00
0.246740	125.00
0.246760	125.00
0.246780	125.00
0.246800	125.00
0.246820	125.00
0.246840	125.00
0.246860	124.00
0.246880	125.00
0.246900	125.00
0.246920	125.00
0.246940	125.00
0.246960	125.00
0.246980	126.00
0.247000	126.00
0.247020	126.00
0.247040	126.00
0.247060	125.00
0.247080	126.00
0.247100	126.00
0.247120	126.00
0.247140	126.00
0.247160	125.00
0.247180	125.00
0.247200	125.00
0.247220	125.00
0.247240	125.00
0.247260	125.00
0.247280	125.00
0.247300	125.00
0.247320	125.00
0.247340	125.00
0.247360	125.00
0.247380	125.00
0.247400	125.00
0.247420	126.00
0.247440	126.00
0.247460	126.00
0.247480	126.00
0.247500	126.00
0.247520	125.00
0.247540	125.00
0.247560	126.00
0.247580	126.00
0.247600	127.00
0.247620	127.00
0.247640	126.00
0.247660	126.00
0.247680	126.00
0.247700	126.00
0.247720	126.00
0.247740	127.00
0.247760	127.00
0.247780	126.00
0.247800	126.00
0.247820	125.00
0.247840	126.00
0.247860	126.00
0.247880	126.00
0.247900	126.00
0.247920	126.00
0.247940	125.00
0.247960	126.00
0.247980	126.00
0.248000	126.00
0.248020	125.00
0.248040	125.00
0.248060	124.00
0.248080	125.00
0.248100	125.00
0.248120	125.00
0.248140	126.00
0.248160	125.00
0.248180	125.00
0.248200	125.00
0.248220	125.00
0.248240	125.00
0.248260	125.00
0.248280	125.00
0.248300	124.00
0.248320	124.00
0.248340	124.00
0.248360	124.00
0.248380	124.00
0.248400	124.00
0.248420	125.00
0.248440	125.00
0.248460	126.00
0.248480	125.00
0.248500	125.00
0.248520	124.00
0.248540	125.00
0.248560	126.00
0.248580	127.00
0.248600	126.00
0.248620	126.00
0.248640	125.00
0.248660	125.00
0.248680	125.00
0.248700	125.00
0.248720	125.00
0.248740	125.00
0.248760	125.00
0.248780	125.00
0.248800	125.00
0.248820	125.00
0.248840	125.00
0.248860	126.00
0.248880	126.00
0.248900	125.00
0.248920	125.00
0.248940	125.00
0.248960	125.00
0.248980	125.00
0.249000	125.00
0.249020	125.00
0.249040	126.00
0.249060	126.00
0.249080	126.00
0.249100	126.00
0.249120	125.00
0.249140	125.00
0.249160	124.00
0.249180	125.00
0.249200	125.00
0.249220	125.00
0.249240	124.00
0.249260	124.00
0.249280	125.00
0.249300	125.00
0.249320	125.00
0.249340	125.00
0.249360	126.00
0.249380	126.00
0.249400	126.00
0.249420	126.00
0.249440	125.00
0.249460	125.00
0.249480	125.00
0.249500	125.00
0.249520	125.00
0.249540	125.00
0.249560	124.00
0.249580	124.00
0.249600	125.00
0.249620	126.00
0.249640	126.00
0.249660	126.00
0.249680	126.00
0.249700	126.00
0.249720	126.00
0.249740	125.00
0.249760	125.00
0.249780	124.00
0.249800	125.00
0.249820	125.00
0.249840	126.00
0.249860	126.00
0.249880	125.00
0.249900	125.00
0.249920	125.00
0.249940	126.00
0.249960	126.00
0.249980	126.00
0.250000	126.00
0.250020	126.00
0.250040	126.00
0.250060	126.00
0.250080	126.00
0.250100	126.00
0.250120	126.00
0.250140	126.00
0.250160	126.00
0.250180	125.00
0.250200	125.00
0.250220	125.00
0.250240	125.00
0.250260	125.00
0.250280	126.00
0.250300	127.00
0.250320	127.00
0.250340	126.00
0.250360	126.00
0.250380	126.00
0.250400	126.00
0.250420	126.00
0.250440	126.00
0.250460	126.00
0.250480	125.00
0.250500	125.00
0.250520	125.00
0.250540	125.00
0.250560	125.00
0.250580	125.00
0.250600	125.00
0.250620	125.00
0.250640	125.00
0.250660	125.00
0.250680	124.00
0.250700	124.00
0.250720	124.00
0.250740	125.00
0.250760	125.00
0.250780	125.00
0.250800	125.00
0.250820	125.00
0.250840	126.00
0.250860	126.00
0.250880	125.00
0.250900	125.00
0.250920	124.00
0.250940	125.00
0.250960	125.00
0.250980	126.00
0.251000	126.00
0.251020	126.00
0.251040	126.00
0.251060	126.00
0.251080	126.00
0.251100	126.00
0.251120	125.00
0.251140	126.00
0.251160	126.00
0.251180	126.00
0.251200	126.00
0.251220	125.00
0.251240	125.00
0.251260	125.00
0.251280	124.00
0.251300	125.00
0.251320	125.00
0.251340	125.00
0.251360	126.00
0.251380	126.00
0.251400	125.00
0.251420	125.00
0.251440	125.00
0.251460	126.00
0.251480	126.00
0.251500	126.00
0.251520	125.00
0.251540	125.00
0.251560	125.00
0.251580	126.00
0.251600	126.00
0.251620	126.00
0.251640	126.00
0.251660	126.00
0.251680	126.00
0.251700	125.00
0.251720	125.00
0.251740	126.00
0.251760	126.00
0.251780	126.00
0.251800	126.00
0.251820	126.00
0.251840	126.00
0.251860	126.00
0.251880	126.00
0.251900	126.00
0.251920	125.00
0.251940	125.00
0.251960	125.00
0.251980	125.00
0.252000	126.00
0.252020	126.00
0.252040	125.00
0.252060	125.00
0.252080	125.00
0.252100	125.00
0.252120	126.00
0.252140	126.00
0.252160	126.00
0.252180	126.00
0.252200	126.00
0.252220	126.00
0.252240	126.00
0.252260	126.00
0.252280	126.00
0.252300	126.00
0.252320	126.00
0.252340	125.00
0.252360	125.00
0.252380	125.00
0.252400	125.00
0.252420	126.00
0.252440	126.00
0.252460	126.00
0.252480	125.00
0.252500	125.00
0.252520	125.00
0.252540	125.00
0.252560	124.00
0.252580	124.00
0.252600	125.00
0.252620	125.00
0.252640	125.00
0.252660	124.00
0.252680	124.00
0.252700	125.00
0.252720	125.00
0.252740	126.00
0.252760	126.00
0.252780	125.00
0.252800	125.00
0.252820	125.00
0.252840	125.00
0.252860	126.00
0.252880	126.00
0.252900	126.00
0.252920	126.00
0.252940	125.00
0.252960	125.00
0.252980	124.00
0.253000	124.00
0.253020	125.00
0.253040	126.00
0.253060	126.00
0.253080	126.00
0.253100	125.00
0.253120	125.00
0.253140	125.00
0.253160	125.00
0.253180	125.00
0.253200	125.00
0.253220	125.00
0.253240	124.00
0.253260	125.00
0.253280	125.00
0.253300	125.00
0.253320	125.00
0.253340	125.00
0.253360	124.00
0.253380	124.00
0.253400	125.00
0.253420	126.00
0.253440	126.00
0.253460	126.00
0.253480	126.00
0.253500	126.00
0.253520	125.00
0.253540	126.00
0.253560	126.00
0.253580	126.00
0.253600	126.00
0.253620	126.00
0.253640	126.00
0.253660	126.00
0.253680	125.00
0.253700	125.00
0.253720	125.00
0.253740	126.00
0.253760	126.00
0.253780	126.00
0.253800	126.00
0.253820	125.00
0.253840	125.00
0.253860	126.00
0.253880	127.00
0.253900	126.00
0.253920	125.00
0.253940	125.00
0.253960	125.00
0.253980	125.00
0.254000	125.00
0.254020	125.00
0.254040	125.00
0.254060	125.00
0.254080	125.00
0.254100	125.00
0.254120	124.00
0.254140	124.00
0.254160	124.00
0.254180	124.00
0.254200	124.00
0.254220	124.00
0.254240	124.00
0.254260	124.00
0.254280	125.00
0.254300	125.00
0.254320	125.00
0.254340	126.00
0.254360	127.00
0.254380	127.00
0.254400	126.00
0.254420	125.00
0.254440	125.00
0.254460	125.00
0.254480	126.00
0.254500	127.00
0.254520	126.00
0.254540	125.00
0.254560	125.00
0.254580	125.00
0.254600	126.00
0.254620	126.00
0.254640	126.00
0.254660	126.00
0.254680	126.00
0.254700	126.00
0.254720	126.00
0.254740	125.00
0.254760	124.00
0.254780	124.00
0.254800	125.00
0.254820	126.00
0.254840	126.00
0.254860	126.00
0.254880	125.00
0.254900	125.00
0.254920	125.00
0.254940	125.00
0.254960	125.00
0.254980	125.00
0.255000	125.00
0.255020	125.00
0.255040	125.00
0.255060	125.00
0.255080	126.00
0.255100	126.00
0.255120	126.00
0.255140	126.00
0.255160	126.00
0.255180	126.00
0.255200	126.00
0.255220	126.00
0.255240	125.00
0.255260	125.00
0.255280	125.00
0.255300	125.00
0.255320	125.00
0.255340	125.00
0.255360	125.00
0.255380	125.00
0.255400	125.00
0.255420	125.00
0.255440	125.00
0.255460	125.00
0.255480	125.00
0.255500	125.00
0.255520	125.00
0.255540	126.00
0.255560	126.00
0.255580	126.00
0.255600	126.00
0.255620	126.00
0.255640	125.00
0.255660	126.00
0.255680	126.00
0.255700	126.00
0.255720	126.00
0.255740	125.00
0.255760	126.00
0.255780	126.00
0.255800	126.00
0.255820	126.00
0.255840	126.00
0.255860	126.00
0.255880	126.00
0.255900	126.00
0.255920	126.00
0.255940	125.00
0.255960	126.00
0.255980	126.00
0.256000	126.00
0.256020	126.00
0.256040	125.00
0.256060	126.00
0.256080	126.00
0.256100	125.00
0.256120	125.00
0.256140	125.00
0.256160	125.00
0.256180	125.00
0.256200	125.00
0.256220	125.00
0.256240	125.00
0.256260	125.00
0.256280	125.00
0.256300	125.00
0.256320	125.00
0.256340	125.00
0.256360	125.00
0.256380	124.00
0.256400	124.00
0.256420	124.00
0.256440	124.00
0.256460	124.00
0.256480	125.00
0.256500	125.00
0.256520	125.00
0.256540	125.00
0.256560	125.00
0.256580	125.00
0.256600	126.00
0.256620	126.00
0.256640	126.00
0.256660	126.00
0.256680	126.00
0.256700	126.00
0.256720	125.00
0.256740	125.00
0.256760	125.00
0.256780	126.00
0.256800	126.00
0.256820	126.00
0.256840	125.00
0.256860	126.00
0.256880	126.00
0.256900	127.00
0.256920	127.00
0.256940	126.00
0.256960	125.00
0.256980	125.00
0.257000	125.00
0.257020	125.00
0.257040	125.00
0.257060	124.00
0.257080	125.00
0.257100	125.00
0.257120	125.00
0.257140	125.00
0.257160	125.00
0.257180	125.00
0.257200	126.00
0.257220	126.00
0.257240	127.00
0.257260	127.00
0.257280	127.00
