0.175200	101.00
0.175220	49.00
0.175240	102.00
0.175260	141.00
0.175280	145.00
0.175300	126.00
0.175320	113.00
0.175340	119.00
0.175360	131.00
0.175380	134.00
0.175400	126.00
0.175420	119.00
0.175440	122.00
0.175460	129.00
0.175480	131.00
0.175500	125.00
0.175520	120.00
0.175540	122.00
0.175560	128.00
0.175580	130.00
0.175600	126.00
0.175620	122.00
0.175640	123.00
0.175660	128.00
0.175680	129.00
0.175700	126.00
0.175720	123.00
0.175740	123.00
0.175760	126.00
0.175780	127.00
0.175800	125.00
0.175820	123.00
0.175840	124.00
0.175860	127.00
0.175880	128.00
0.175900	126.00
0.175920	124.00
0.175940	125.00
0.175960	127.00
0.175980	128.00
0.176000	126.00
0.176020	124.00
0.176040	125.00
0.176060	127.00
0.176080	127.00
0.176100	126.00
0.176120	124.00
0.176140	124.00
0.176160	126.00
0.176180	126.00
0.176200	125.00
0.176220	124.00
0.176240	125.00
0.176260	127.00
0.176280	127.00
0.176300	126.00
0.176320	124.00
0.176340	125.00
0.176360	126.00
0.176380	127.00
0.176400	125.00
0.176420	123.00
0.176440	124.00
0.176460	126.00
0.176480	127.00
0.176500	126.00
0.176520	124.00
0.176540	125.00
0.176560	126.00
0.176580	127.00
0.176600	126.00
0.176620	125.00
0.176640	125.00
0.176660	126.00
0.176680	127.00
0.176700	126.00
0.176720	125.00
0.176740	125.00
0.176760	126.00
0.176780	127.00
0.176800	126.00
0.176820	125.00
0.176840	125.00
0.176860	126.00
0.176880	127.00
0.176900	125.00
0.176920	124.00
0.176940	124.00
0.176960	125.00
0.176980	126.00
0.177000	126.00
0.177020	125.00
0.177040	125.00
0.177060	126.00
0.177080	126.00
0.177100	126.00
0.177120	125.00
0.177140	125.00
0.177160	126.00
0.177180	126.00
0.177200	126.00
0.177220	125.00
0.177240	125.00
0.177260	126.00
0.177280	126.00
0.177300	126.00
0.177320	125.00
0.177340	125.00
0.177360	126.00
0.177380	126.00
0.177400	126.00
0.177420	125.00
0.177440	125.00
0.177460	125.00
0.177480	125.00
0.177500	125.00
0.177520	125.00
0.177540	125.00
0.177560	126.00
0.177580	126.00
0.177600	126.00
0.177620	125.00
0.177640	125.00
0.177660	126.00
0.177680	126.00
0.177700	125.00
0.177720	124.00
0.177740	125.00
0.177760	126.00
0.177780	126.00
0.177800	126.00
0.177820	125.00
0.177840	125.00
0.177860	126.00
0.177880	126.00
0.177900	126.00
0.177920	125.00
0.177940	125.00
0.177960	126.00
0.177980	126.00
0.178000	126.00
0.178020	125.00
0.178040	125.00
0.178060	126.00
0.178080	126.00
0.178100	126.00
0.178120	125.00
0.178140	125.00
0.178160	126.00
0.178180	126.00
0.178200	126.00
0.178220	125.00
0.178240	125.00
0.178260	126.00
0.178280	126.00
0.178300	126.00
0.178320	125.00
0.178340	125.00
0.178360	126.00
0.178380	126.00
0.178400	126.00
0.178420	125.00
0.178440	125.00
0.178460	126.00
0.178480	126.00
0.178500	126.00
0.178520	125.00
0.178540	125.00
0.178560	126.00
0.178580	126.00
0.178600	126.00
0.178620	125.00
0.178640	125.00
0.178660	125.00
0.178680	125.00
0.178700	125.00
0.178720	125.00
0.178740	125.00
0.178760	126.00
0.178780	126.00
0.178800	126.00
0.178820	125.00
0.178840	125.00
0.178860	126.00
0.178880	126.00
0.178900	126.00
0.178920	125.00
0.178940	125.00
0.178960	126.00
0.178980	126.00
0.179000	126.00
0.179020	125.00
0.179040	125.00
0.179060	126.00
0.179080	126.00
0.179100	126.00
0.179120	125.00
0.179140	125.00
0.179160	126.00
0.179180	126.00
0.179200	126.00
0.179220	125.00
0.179240	125.00
0.179260	125.00
0.179280	126.00
0.179300	126.00
0.179320	125.00
0.179340	125.00
0.179360	125.00
0.179380	125.00
0.179400	125.00
0.179420	125.00
0.179440	125.00
0.179460	125.00
0.179480	125.00
0.179500	125.00
0.179520	125.00
0.179540	125.00
0.179560	125.00
0.179580	126.00
0.179600	126.00
0.179620	125.00
0.179640	125.00
0.179660	125.00
0.179680	125.00
0.179700	125.00
0.179720	125.00
0.179740	126.00
0.179760	126.00
0.179780	126.00
0.179800	126.00
0.179820	125.00
0.179840	125.00
0.179860	126.00
0.179880	126.00
0.179900	125.00
0.179920	125.00
0.179940	125.00
0.179960	125.00
0.179980	125.00
0.180000	125.00
0.180020	125.00
0.180040	126.00
0.180060	126.00
0.180080	125.00
0.180100	125.00
0.180120	124.00
0.180140	124.00
0.180160	125.00
0.180180	125.00
0.180200	125.00
0.180220	125.00
0.180240	125.00
0.180260	126.00
0.180280	125.00
0.180300	125.00
0.180320	124.00
0.180340	124.00
0.180360	125.00
0.180380	125.00
0.180400	125.00
0.180420	125.00
0.180440	126.00
0.180460	126.00
0.180480	126.00
0.180500	126.00
0.180520	125.00
0.180540	125.00
0.180560	126.00
0.180580	126.00
0.180600	126.00
0.180620	125.00
0.180640	126.00
0.180660	126.00
0.180680	126.00
0.180700	125.00
0.180720	125.00
0.180740	125.00
0.180760	126.00
0.180780	126.00
0.180800	126.00
0.180820	126.00
0.180840	126.00
0.180860	126.00
0.180880	126.00
0.180900	125.00
0.180920	125.00
0.180940	125.00
0.180960	125.00
0.180980	125.00
0.181000	125.00
0.181020	124.00
0.181040	124.00
0.181060	125.00
0.181080	126.00
0.181100	126.00
0.181120	125.00
0.181140	125.00
0.181160	125.00
0.181180	125.00
0.181200	125.00
0.181220	124.00
0.181240	124.00
0.181260	125.00
0.181280	125.00
0.181300	125.00
0.181320	125.00
0.181340	125.00
0.181360	126.00
0.181380	126.00
0.181400	126.00
0.181420	125.00
0.181440	125.00
0.181460	125.00
0.181480	125.00
0.181500	125.00
0.181520	125.00
0.181540	125.00
0.181560	125.00
0.181580	125.00
0.181600	126.00
0.181620	126.00
0.181640	126.00
0.181660	126.00
0.181680	126.00
0.181700	125.00
0.181720	125.00
0.181740	125.00
0.181760	126.00
0.181780	126.00
0.181800	125.00
0.181820	125.00
0.181840	125.00
0.181860	125.00
0.181880	125.00
0.181900	125.00
0.181920	125.00
0.181940	126.00
0.181960	126.00
0.181980	126.00
0.182000	126.00
0.182020	125.00
0.182040	125.00
0.182060	125.00
0.182080	125.00
0.182100	125.00
0.182120	125.00
0.182140	125.00
0.182160	126.00
0.182180	126.00
0.182200	126.00
0.182220	125.00
0.182240	126.00
0.182260	126.00
0.182280	126.00
0.182300	126.00
0.182320	125.00
0.182340	126.00
0.182360	126.00
0.182380	126.00
0.182400	126.00
0.182420	125.00
0.182440	126.00
0.182460	126.00
0.182480	126.00
0.182500	126.00
0.182520	125.00
0.182540	126.00
0.182560	126.00
0.182580	126.00
0.182600	125.00
0.182620	125.00
0.182640	125.00
0.182660	126.00
0.182680	126.00
0.182700	126.00
0.182720	125.00
0.182740	125.00
0.182760	126.00
0.182780	126.00
0.182800	126.00
0.182820	125.00
0.182840	125.00
0.182860	126.00
0.182880	126.00
0.182900	126.00
0.182920	125.00
0.182940	125.00
0.182960	126.00
0.182980	126.00
0.183000	126.00
0.183020	125.00
0.183040	126.00
0.183060	126.00
0.183080	126.00
0.183100	126.00
0.183120	125.00
0.183140	126.00
0.183160	126.00
0.183180	126.00
0.183200	125.00
0.183220	125.00
0.183240	125.00
0.183260	126.00
0.183280	126.00
0.183300	126.00
0.183320	125.00
0.183340	125.00
0.183360	125.00
0.183380	126.00
0.183400	125.00
0.183420	125.00
0.183440	125.00
0.183460	125.00
0.183480	125.00
0.183500	125.00
0.183520	124.00
0.183540	125.00
0.183560	125.00
0.183580	125.00
0.183600	126.00
0.183620	126.00
0.183640	126.00
0.183660	126.00
0.183680	126.00
0.183700	126.00
0.183720	126.00
0.183740	126.00
0.183760	126.00
0.183780	125.00
0.183800	125.00
0.183820	125.00
0.183840	125.00
0.183860	126.00
0.183880	126.00
0.183900	126.00
0.183920	126.00
0.183940	126.00
0.183960	126.00
0.183980	126.00
0.184000	125.00
0.184020	125.00
0.184040	125.00
0.184060	126.00
0.184080	126.00
0.184100	126.00
0.184120	125.00
0.184140	125.00
0.184160	126.00
0.184180	126.00
0.184200	126.00
0.184220	125.00
0.184240	125.00
0.184260	125.00
0.184280	125.00
0.184300	125.00
0.184320	125.00
0.184340	125.00
0.184360	125.00
0.184380	125.00
0.184400	126.00
0.184420	126.00
0.184440	126.00
0.184460	126.00
0.184480	125.00
0.184500	125.00
0.184520	125.00
0.184540	125.00
0.184560	125.00
0.184580	126.00
0.184600	126.00
0.184620	126.00
0.184640	126.00
0.184660	126.00
0.184680	126.00
0.184700	126.00
0.184720	126.00
0.184740	126.00
0.184760	126.00
0.184780	126.00
0.184800	125.00
0.184820	125.00
0.184840	125.00
0.184860	125.00
0.184880	125.00
0.184900	125.00
0.184920	125.00
0.184940	125.00
0.184960	126.00
0.184980	126.00
0.185000	126.00
0.185020	125.00
0.185040	125.00
0.185060	125.00
0.185080	125.00
0.185100	125.00
0.185120	125.00
0.185140	125.00
0.185160	125.00
0.185180	125.00
0.185200	125.00
0.185220	126.00
0.185240	126.00
0.185260	126.00
0.185280	125.00
0.185300	125.00
0.185320	125.00
0.185340	125.00
0.185360	126.00
0.185380	126.00
0.185400	126.00
0.185420	125.00
0.185440	126.00
0.185460	126.00
0.185480	126.00
0.185500	125.00
0.185520	125.00
0.185540	125.00
0.185560	126.00
0.185580	126.00
0.185600	126.00
0.185620	125.00
0.185640	125.00
0.185660	125.00
0.185680	125.00
0.185700	125.00
0.185720	124.00
0.185740	125.00
0.185760	125.00
0.185780	125.00
0.185800	126.00
0.185820	126.00
0.185840	126.00
0.185860	126.00
0.185880	126.00
0.185900	126.00
0.185920	126.00
0.185940	126.00
0.185960	126.00
0.185980	126.00
0.186000	126.00
0.186020	126.00
0.186040	126.00
0.186060	125.00
0.186080	125.00
0.186100	125.00
0.186120	125.00
0.186140	125.00
0.186160	126.00
0.186180	126.00
0.186200	125.00
0.186220	125.00
0.186240	125.00
0.186260	125.00
0.186280	126.00
0.186300	125.00
0.186320	125.00
0.186340	125.00
0.186360	125.00
0.186380	126.00
0.186400	126.00
0.186420	126.00
0.186440	126.00
0.186460	126.00
0.186480	126.00
0.186500	126.00
0.186520	126.00
0.186540	126.00
0.186560	126.00
0.186580	126.00
0.186600	126.00
0.186620	126.00
0.186640	125.00
0.186660	125.00
0.186680	125.00
0.186700	125.00
0.186720	125.00
0.186740	126.00
0.186760	126.00
0.186780	125.00
0.186800	125.00
0.186820	125.00
0.186840	125.00
0.186860	126.00
0.186880	126.00
0.186900	125.00
0.186920	125.00
0.186940	125.00
0.186960	126.00
0.186980	126.00
0.187000	126.00
0.187020	125.00
0.187040	125.00
0.187060	125.00
0.187080	125.00
0.187100	125.00
0.187120	125.00
0.187140	125.00
0.187160	126.00
0.187180	126.00
0.187200	126.00
0.187220	126.00
0.187240	125.00
0.187260	126.00
0.187280	126.00
0.187300	126.00
0.187320	126.00
0.187340	125.00
0.187360	126.00
0.187380	126.00
0.187400	125.00
0.187420	125.00
0.187440	125.00
0.187460	125.00
0.187480	125.00
0.187500	125.00
0.187520	125.00
0.187540	126.00
0.187560	126.00
0.187580	126.00
0.187600	126.00
0.187620	125.00
0.187640	125.00
0.187660	125.00
0.187680	125.00
0.187700	125.00
0.187720	126.00
0.187740	126.00
0.187760	126.00
0.187780	126.00
0.187800	125.00
0.187820	125.00
0.187840	125.00
0.187860	125.00
0.187880	125.00
0.187900	125.00
0.187920	125.00
0.187940	125.00
0.187960	125.00
0.187980	125.00
0.188000	125.00
0.188020	125.00
0.188040	125.00
0.188060	126.00
0.188080	126.00
0.188100	126.00
0.188120	125.00
0.188140	126.00
0.188160	126.00
0.188180	126.00
0.188200	125.00
0.188220	125.00
0.188240	125.00
0.188260	125.00
0.188280	125.00
0.188300	126.00
0.188320	126.00
0.188340	126.00
0.188360	126.00
0.188380	126.00
0.188400	126.00
0.188420	126.00
0.188440	126.00
0.188460	126.00
0.188480	125.00
0.188500	125.00
0.188520	125.00
0.188540	125.00
0.188560	126.00
0.188580	126.00
0.188600	126.00
0.188620	125.00
0.188640	126.00
0.188660	126.00
0.188680	126.00
0.188700	126.00
0.188720	126.00
0.188740	126.00
0.188760	126.00
0.188780	125.00
0.188800	125.00
0.188820	125.00
0.188840	124.00
0.188860	125.00
0.188880	125.00
0.188900	125.00
0.188920	125.00
0.188940	125.00
0.188960	126.00
0.188980	126.00
0.189000	126.00
0.189020	126.00
0.189040	126.00
0.189060	126.00
0.189080	126.00
0.189100	126.00
0.189120	125.00
0.189140	126.00
0.189160	126.00
0.189180	126.00
0.189200	126.00
0.189220	125.00
0.189240	125.00
0.189260	125.00
0.189280	125.00
0.189300	126.00
0.189320	126.00
0.189340	126.00
0.189360	126.00
0.189380	126.00
0.189400	126.00
0.189420	126.00
0.189440	126.00
0.189460	126.00
0.189480	125.00
0.189500	125.00
0.189520	125.00
0.189540	125.00
0.189560	125.00
0.189580	125.00
0.189600	125.00
0.189620	125.00
0.189640	125.00
0.189660	125.00
0.189680	126.00
0.189700	125.00
0.189720	125.00
0.189740	125.00
0.189760	125.00
0.189780	125.00
0.189800	126.00
0.189820	126.00
0.189840	126.00
0.189860	125.00
0.189880	125.00
0.189900	125.00
0.189920	125.00
0.189940	125.00
0.189960	125.00
0.189980	125.00
0.190000	125.00
0.190020	125.00
0.190040	126.00
0.190060	126.00
0.190080	126.00
0.190100	126.00
0.190120	125.00
0.190140	125.00
0.190160	125.00
0.190180	125.00
0.190200	125.00
0.190220	125.00
0.190240	126.00
0.190260	126.00
0.190280	126.00
0.190300	125.00
0.190320	125.00
0.190340	125.00
0.190360	125.00
0.190380	125.00
0.190400	125.00
0.190420	126.00
0.190440	126.00
0.190460	126.00
0.190480	126.00
0.190500	126.00
0.190520	126.00
0.190540	126.00
0.190560	126.00
0.190580	126.00
0.190600	126.00
0.190620	126.00
0.190640	126.00
0.190660	126.00
0.190680	126.00
0.190700	126.00
0.190720	126.00
0.190740	125.00
0.190760	125.00
0.190780	125.00
0.190800	125.00
0.190820	125.00
0.190840	126.00
0.190860	126.00
0.190880	126.00
0.190900	126.00
0.190920	126.00
0.190940	126.00
0.190960	125.00
0.190980	125.00
0.191000	125.00
0.191020	125.00
0.191040	125.00
0.191060	125.00
0.191080	125.00
0.191100	125.00
0.191120	125.00
0.191140	126.00
0.191160	126.00
0.191180	126.00
0.191200	126.00
0.191220	125.00
0.191240	126.00
0.191260	126.00
0.191280	126.00
0.191300	126.00
0.191320	125.00
0.191340	126.00
0.191360	126.00
0.191380	126.00
0.191400	126.00
0.191420	125.00
0.191440	125.00
0.191460	125.00
0.191480	125.00
0.191500	126.00
0.191520	126.00
0.191540	126.00
0.191560	126.00
0.191580	126.00
0.191600	126.00
0.191620	126.00
0.191640	126.00
0.191660	126.00
0.191680	126.00
0.191700	126.00
0.191720	126.00
0.191740	126.00
0.191760	126.00
0.191780	126.00
0.191800	126.00
0.191820	126.00
0.191840	126.00
0.191860	126.00
0.191880	126.00
0.191900	126.00
0.191920	126.00
0.191940	125.00
0.191960	125.00
0.191980	125.00
0.192000	125.00
0.192020	125.00
0.192040	125.00
0.192060	126.00
0.192080	126.00
0.192100	126.00
0.192120	126.00
0.192140	126.00
0.192160	126.00
0.192180	126.00
0.192200	126.00
0.192220	125.00
0.192240	126.00
0.192260	126.00
0.192280	125.00
0.192300	125.00
0.192320	124.00
0.192340	125.00
0.192360	125.00
0.192380	125.00
0.192400	125.00
0.192420	125.00
0.192440	125.00
0.192460	126.00
0.192480	126.00
0.192500	125.00
0.192520	125.00
0.192540	125.00
0.192560	125.00
0.192580	125.00
0.192600	126.00
0.192620	126.00
0.192640	126.00
0.192660	125.00
0.192680	125.00
0.192700	125.00
0.192720	125.00
0.192740	126.00
0.192760	126.00
0.192780	126.00
0.192800	126.00
0.192820	125.00
0.192840	126.00
0.192860	126.00
0.192880	126.00
0.192900	126.00
0.192920	125.00
0.192940	126.00
0.192960	126.00
0.192980	126.00
0.193000	126.00
0.193020	125.00
0.193040	125.00
0.193060	125.00
0.193080	125.00
0.193100	125.00
0.193120	124.00
0.193140	125.00
0.193160	125.00
0.193180	125.00
0.193200	126.00
0.193220	126.00
0.193240	126.00
0.193260	126.00
0.193280	126.00
0.193300	126.00
0.193320	126.00
0.193340	126.00
0.193360	126.00
0.193380	126.00
0.193400	126.00
0.193420	126.00
0.193440	126.00
0.193460	126.00
0.193480	126.00
0.193500	126.00
0.193520	126.00
0.193540	126.00
0.193560	126.00
0.193580	126.00
0.193600	126.00
0.193620	126.00
0.193640	126.00
0.193660	126.00
0.193680	125.00
0.193700	125.00
0.193720	125.00
0.193740	125.00
0.193760	126.00
0.193780	126.00
0.193800	125.00
0.193820	125.00
0.193840	125.00
0.193860	125.00
0.193880	126.00
0.193900	126.00
0.193920	125.00
0.193940	125.00
0.193960	125.00
0.193980	125.00
0.194000	126.00
0.194020	126.00
0.194040	126.00
0.194060	126.00
0.194080	126.00
0.194100	126.00
0.194120	125.00
0.194140	125.00
0.194160	125.00
0.194180	125.00
0.194200	125.00
0.194220	125.00
0.194240	125.00
0.194260	125.00
0.194280	125.00
0.194300	125.00
0.194320	125.00
0.194340	125.00
0.194360	126.00
0.194380	126.00
0.194400	126.00
0.194420	125.00
0.194440	125.00
0.194460	125.00
0.194480	125.00
0.194500	126.00
0.194520	126.00
0.194540	126.00
0.194560	126.00
0.194580	126.00
0.194600	126.00
0.194620	126.00
0.194640	126.00
0.194660	126.00
0.194680	126.00
0.194700	126.00
0.194720	125.00
0.194740	125.00
0.194760	125.00
0.194780	125.00
0.194800	125.00
0.194820	125.00
0.194840	125.00
0.194860	125.00
0.194880	125.00
0.194900	126.00
0.194920	126.00
0.194940	126.00
0.194960	126.00
0.194980	126.00
0.195000	126.00
0.195020	126.00
0.195040	127.00
0.195060	128.00
0.195080	130.00
0.195100	129.00
0.195120	126.00
0.195140	119.00
0.195160	113.00
0.195180	111.00
0.195200	115.00
0.195220	126.00
0.195240	139.00
0.195260	152.00
0.195280	157.00
0.195300	152.00
0.195320	136.00
0.195340	113.00
0.195360	90.00
0.195380	75.00
0.195400	76.00
0.195420	94.00
0.195440	124.00
0.195460	155.00
0.195480	177.00
0.195500	184.00
0.195520	173.00
0.195540	147.00
0.195560	112.00
0.195580	79.00
0.195600	59.00
0.195620	61.00
0.195640	83.00
0.195660	119.00
0.195680	156.00
0.195700	185.00
0.195720	196.00
0.195740	188.00
0.195760	163.00
0.195780	129.00
0.195800	96.00
0.195820	71.00
0.195840	60.00
0.195860	64.00
0.195880	80.00
0.195900	104.00
0.195920	131.00
0.195940	156.00
0.195960	175.00
0.195980	183.00
0.196000	179.00
0.196020	165.00
0.196040	144.00
0.196060	119.00
0.196080	96.00
0.196100	80.00
0.196120	73.00
0.196140	77.00
0.196160	90.00
0.196180	109.00
0.196200	130.00
0.196220	149.00
0.196240	163.00
0.196260	169.00
0.196280	166.00
0.196300	155.00
0.196320	140.00
0.196340	123.00
0.196360	107.00
0.196380	96.00
0.196400	91.00
0.196420	93.00
0.196440	101.00
0.196460	113.00
0.196480	127.00
0.196500	139.00
0.196520	147.00
0.196540	152.00
0.196560	151.00
0.196580	145.00
0.196600	136.00
0.196620	126.00
0.196640	116.00
0.196660	109.00
0.196680	105.00
0.196700	106.00
0.196720	110.00
0.196740	116.00
0.196760	124.00
0.196780	132.00
0.196800	138.00
0.196820	141.00
0.196840	141.00
0.196860	139.00
0.196880	133.00
0.196900	127.00
0.196920	121.00
0.196940	117.00
0.196960	114.00
0.196980	114.00
0.197000	115.00
0.197020	118.00
0.197040	123.00
0.197060	128.00
0.197080	132.00
0.197100	134.00
0.197120	134.00
0.197140	133.00
0.197160	130.00
0.197180	127.00
0.197200	124.00
0.197220	120.00
0.197240	119.00
0.197260	119.00
0.197280	120.00
0.197300	122.00
0.197320	123.00
0.197340	126.00
0.197360	128.00
0.197380	129.00
0.197400	130.00
0.197420	129.00
0.197440	128.00
0.197460	126.00
0.197480	125.00
0.197500	123.00
0.197520	123.00
0.197540	122.00
0.197560	122.00
0.197580	123.00
0.197600	124.00
0.197620	125.00
0.197640	126.00
0.197660	127.00
0.197680	128.00
0.197700	128.00
0.197720	127.00
0.197740	126.00
0.197760	125.00
0.197780	124.00
0.197800	124.00
0.197820	124.00
0.197840	124.00
0.197860	124.00
0.197880	125.00
0.197900	126.00
0.197920	126.00
0.197940	127.00
0.197960	127.00
0.197980	126.00
0.198000	126.00
0.198020	125.00
0.198040	125.00
0.198060	125.00
0.198080	125.00
0.198100	125.00
0.198120	125.00
0.198140	125.00
0.198160	125.00
0.198180	125.00
0.198200	125.00
0.198220	125.00
0.198240	126.00
0.198260	126.00
0.198280	126.00
0.198300	125.00
0.198320	125.00
0.198340	125.00
0.198360	125.00
0.198380	125.00
0.198400	125.00
0.198420	124.00
0.198440	124.00
0.198460	125.00
0.198480	125.00
0.198500	126.00
0.198520	126.00
0.198540	126.00
0.198560	126.00
0.198580	126.00
0.198600	125.00
0.198620	125.00
0.198640	125.00
0.198660	125.00
0.198680	125.00
0.198700	126.00
0.198720	125.00
0.198740	125.00
0.198760	125.00
0.198780	126.00
0.198800	126.00
0.198820	126.00
0.198840	126.00
0.198860	126.00
0.198880	126.00
0.198900	126.00
0.198920	125.00
0.198940	125.00
0.198960	125.00
0.198980	125.00
0.199000	126.00
0.199020	126.00
0.199040	126.00
0.199060	126.00
0.199080	125.00
0.199100	125.00
0.199120	125.00
0.199140	125.00
0.199160	125.00
0.199180	126.00
0.199200	126.00
0.199220	125.00
0.199240	125.00
0.199260	124.00
0.199280	125.00
0.199300	125.00
0.199320	125.00
0.199340	125.00
0.199360	125.00
0.199380	125.00
0.199400	126.00
0.199420	126.00
0.199440	126.00
0.199460	125.00
0.199480	125.00
0.199500	125.00
0.199520	125.00
0.199540	126.00
0.199560	126.00
0.199580	125.00
0.199600	125.00
0.199620	125.00
0.199640	125.00
0.199660	126.00
0.199680	126.00
0.199700	125.00
0.199720	125.00
0.199740	125.00
0.199760	125.00
0.199780	125.00
0.199800	126.00
0.199820	126.00
0.199840	126.00
0.199860	126.00
0.199880	125.00
0.199900	125.00
0.199920	125.00
0.199940	126.00
0.199960	126.00
0.199980	125.00
0.200000	125.00
0.200020	125.00
0.200040	125.00
0.200060	125.00
0.200080	126.00
0.200100	126.00
0.200120	126.00
0.200140	125.00
0.200160	125.00
0.200180	125.00
0.200200	125.00
0.200220	125.00
0.200240	125.00
0.200260	125.00
0.200280	126.00
0.200300	126.00
0.200320	125.00
0.200340	125.00
0.200360	125.00
0.200380	125.00
0.200400	126.00
0.200420	126.00
0.200440	126.00
0.200460	126.00
0.200480	126.00
0.200500	126.00
0.200520	126.00
0.200540	126.00
0.200560	126.00
0.200580	125.00
0.200600	125.00
0.200620	125.00
0.200640	125.00
0.200660	125.00
0.200680	125.00
0.200700	125.00
0.200720	125.00
0.200740	126.00
0.200760	126.00
0.200780	126.00
0.200800	125.00
0.200820	125.00
0.200840	124.00
0.200860	125.00
0.200880	125.00
0.200900	125.00
0.200920	125.00
0.200940	125.00
0.200960	125.00
0.200980	125.00
0.201000	125.00
0.201020	125.00
0.201040	125.00
0.201060	125.00
0.201080	125.00
0.201100	125.00
0.201120	125.00
0.201140	125.00
0.201160	125.00
0.201180	125.00
0.201200	126.00
0.201220	126.00
0.201240	126.00
0.201260	126.00
0.201280	126.00
0.201300	126.00
0.201320	126.00
0.201340	126.00
0.201360	126.00
0.201380	126.00
0.201400	126.00
0.201420	126.00
0.201440	126.00
0.201460	126.00
0.201480	126.00
0.201500	126.00
0.201520	126.00
0.201540	126.00
0.201560	126.00
0.201580	125.00
0.201600	125.00
0.201620	125.00
0.201640	125.00
0.201660	125.00
0.201680	125.00
0.201700	125.00
0.201720	125.00
0.201740	125.00
0.201760	125.00
0.201780	126.00
0.201800	126.00
0.201820	126.00
0.201840	126.00
0.201860	126.00
0.201880	126.00
0.201900	126.00
0.201920	126.00
0.201940	126.00
0.201960	126.00
0.201980	126.00
0.202000	126.00
0.202020	126.00
0.202040	126.00
0.202060	126.00
0.202080	126.00
0.202100	126.00
0.202120	126.00
0.202140	126.00
0.202160	126.00
0.202180	126.00
0.202200	126.00
0.202220	126.00
0.202240	125.00
0.202260	125.00
0.202280	125.00
0.202300	125.00
0.202320	125.00
0.202340	125.00
0.202360	125.00
0.202380	125.00
0.202400	125.00
0.202420	125.00
0.202440	125.00
0.202460	125.00
0.202480	125.00
0.202500	125.00
0.202520	126.00
0.202540	126.00
0.202560	126.00
0.202580	126.00
0.202600	126.00
0.202620	126.00
0.202640	126.00
0.202660	126.00
0.202680	125.00
0.202700	125.00
0.202720	125.00
0.202740	126.00
0.202760	126.00
0.202780	126.00
0.202800	126.00
0.202820	126.00
0.202840	126.00
0.202860	126.00
0.202880	126.00
0.202900	126.00
0.202920	126.00
0.202940	126.00
0.202960	126.00
0.202980	126.00
0.203000	126.00
0.203020	126.00
0.203040	126.00
0.203060	126.00
0.203080	126.00
0.203100	126.00
0.203120	126.00
0.203140	126.00
0.203160	126.00
0.203180	126.00
0.203200	126.00
0.203220	125.00
0.203240	126.00
0.203260	126.00
0.203280	126.00
0.203300	126.00
0.203320	125.00
0.203340	125.00
0.203360	125.00
0.203380	125.00
0.203400	125.00
0.203420	124.00
0.203440	125.00
0.203460	125.00
0.203480	125.00
0.203500	125.00
0.203520	125.00
0.203540	125.00
0.203560	126.00
0.203580	126.00
0.203600	126.00
0.203620	126.00
0.203640	126.00
0.203660	126.00
0.203680	126.00
0.203700	126.00
0.203720	125.00
0.203740	125.00
0.203760	125.00
0.203780	125.00
0.203800	126.00
0.203820	125.00
0.203840	125.00
0.203860	125.00
0.203880	125.00
0.203900	126.00
0.203920	126.00
0.203940	126.00
0.203960	126.00
0.203980	126.00
0.204000	126.00
0.204020	125.00
0.204040	125.00
0.204060	125.00
0.204080	125.00
0.204100	125.00
0.204120	126.00
0.204140	126.00
0.204160	126.00
0.204180	125.00
0.204200	125.00
0.204220	125.00
0.204240	125.00
0.204260	125.00
0.204280	125.00
0.204300	125.00
0.204320	125.00
0.204340	125.00
0.204360	125.00
0.204380	126.00
0.204400	126.00
0.204420	126.00
0.204440	126.00
0.204460	126.00
0.204480	126.00
0.204500	126.00
0.204520	125.00
0.204540	125.00
0.204560	125.00
0.204580	126.00
0.204600	126.00
0.204620	126.00
0.204640	126.00
0.204660	126.00
0.204680	126.00
0.204700	126.00
0.204720	126.00
0.204740	126.00
0.204760	126.00
0.204780	126.00
0.204800	126.00
0.204820	126.00
0.204840	126.00
0.204860	125.00
0.204880	125.00
0.204900	125.00
0.204920	125.00
0.204940	126.00
0.204960	126.00
0.204980	126.00
0.205000	126.00
0.205020	126.00
0.205040	126.00
0.205060	126.00
0.205080	126.00
0.205100	126.00
0.205120	126.00
0.205140	126.00
0.205160	126.00
0.205180	125.00
0.205200	125.00
0.205220	125.00
0.205240	125.00
0.205260	125.00
0.205280	125.00
0.205300	125.00
0.205320	125.00
0.205340	124.00
0.205360	125.00
0.205380	125.00
0.205400	125.00
0.205420	125.00
0.205440	125.00
0.205460	125.00
0.205480	125.00
0.205500	125.00
0.205520	125.00
0.205540	126.00
0.205560	126.00
0.205580	126.00
0.205600	125.00
0.205620	125.00
0.205640	125.00
0.205660	126.00
0.205680	126.00
0.205700	126.00
0.205720	126.00
0.205740	125.00
0.205760	126.00
0.205780	126.00
0.205800	126.00
0.205820	126.00
0.205840	125.00
0.205860	125.00
0.205880	125.00
0.205900	125.00
0.205920	124.00
0.205940	124.00
0.205960	125.00
0.205980	125.00
0.206000	125.00
0.206020	125.00
0.206040	125.00
0.206060	125.00
0.206080	125.00
0.206100	126.00
0.206120	126.00
0.206140	125.00
0.206160	125.00
0.206180	125.00
0.206200	126.00
0.206220	126.00
0.206240	126.00
0.206260	126.00
0.206280	126.00
0.206300	126.00
0.206320	126.00
0.206340	126.00
0.206360	125.00
0.206380	125.00
0.206400	125.00
0.206420	125.00
0.206440	126.00
0.206460	126.00
0.206480	126.00
0.206500	126.00
0.206520	125.00
0.206540	125.00
0.206560	125.00
0.206580	126.00
0.206600	126.00
0.206620	126.00
0.206640	126.00
0.206660	126.00
0.206680	126.00
0.206700	126.00
0.206720	126.00
0.206740	126.00
0.206760	126.00
0.206780	126.00
0.206800	126.00
0.206820	126.00
0.206840	126.00
0.206860	126.00
0.206880	126.00
0.206900	126.00
0.206920	126.00
0.206940	126.00
0.206960	126.00
0.206980	126.00
0.207000	126.00
0.207020	126.00
0.207040	126.00
0.207060	126.00
0.207080	125.00
0.207100	125.00
0.207120	125.00
0.207140	125.00
0.207160	125.00
0.207180	126.00
0.207200	126.00
0.207220	126.00
0.207240	125.00
0.207260	126.00
0.207280	126.00
0.207300	126.00
0.207320	125.00
0.207340	125.00
0.207360	125.00
0.207380	126.00
0.207400	126.00
0.207420	126.00
0.207440	126.00
0.207460	126.00
0.207480	126.00
0.207500	126.00
0.207520	126.00
0.207540	126.00
0.207560	125.00
0.207580	125.00
0.207600	125.00
0.207620	125.00
0.207640	125.00
0.207660	126.00
0.207680	126.00
0.207700	126.00
0.207720	126.00
0.207740	126.00
0.207760	126.00
0.207780	125.00
0.207800	125.00
0.207820	125.00
0.207840	125.00
0.207860	125.00
0.207880	126.00
0.207900	126.00
0.207920	126.00
0.207940	126.00
0.207960	125.00
0.207980	125.00
0.208000	125.00
0.208020	125.00
0.208040	125.00
0.208060	125.00
0.208080	125.00
0.208100	125.00
0.208120	125.00
0.208140	126.00
0.208160	126.00
0.208180	126.00
0.208200	126.00
0.208220	125.00
0.208240	125.00
0.208260	125.00
0.208280	125.00
0.208300	125.00
0.208320	126.00
0.208340	126.00
0.208360	126.00
0.208380	126.00
0.208400	125.00
0.208420	125.00
0.208440	125.00
0.208460	125.00
0.208480	125.00
0.208500	126.00
0.208520	126.00
0.208540	126.00
0.208560	126.00
0.208580	126.00
0.208600	125.00
0.208620	125.00
0.208640	125.00
0.208660	125.00
0.208680	125.00
0.208700	125.00
0.208720	125.00
0.208740	125.00
0.208760	125.00
0.208780	125.00
0.208800	126.00
0.208820	126.00
0.208840	126.00
0.208860	125.00
0.208880	125.00
0.208900	125.00
0.208920	125.00
0.208940	125.00
0.208960	125.00
0.208980	125.00
0.209000	125.00
0.209020	125.00
0.209040	125.00
0.209060	125.00
0.209080	125.00
0.209100	125.00
0.209120	125.00
0.209140	126.00
0.209160	126.00
0.209180	126.00
0.209200	126.00
0.209220	126.00
0.209240	126.00
0.209260	126.00
0.209280	126.00
0.209300	126.00
0.209320	126.00
0.209340	126.00
0.209360	126.00
0.209380	126.00
0.209400	126.00
0.209420	126.00
0.209440	126.00
0.209460	126.00
0.209480	126.00
0.209500	126.00
0.209520	126.00
0.209540	126.00
0.209560	126.00
0.209580	126.00
0.209600	126.00
0.209620	125.00
0.209640	125.00
0.209660	125.00
0.209680	125.00
0.209700	126.00
0.209720	125.00
0.209740	125.00
0.209760	125.00
0.209780	125.00
0.209800	125.00
0.209820	126.00
0.209840	126.00
0.209860	126.00
0.209880	126.00
0.209900	126.00
0.209920	126.00
0.209940	126.00
0.209960	126.00
0.209980	125.00
0.210000	125.00
0.210020	125.00
0.210040	125.00
0.210060	125.00
0.210080	125.00
0.210100	125.00
0.210120	125.00
0.210140	125.00
0.210160	125.00
0.210180	125.00
0.210200	125.00
0.210220	125.00
0.210240	125.00
0.210260	125.00
0.210280	126.00
0.210300	126.00
0.210320	126.00
0.210340	125.00
0.210360	125.00
0.210380	125.00
0.210400	126.00
0.210420	126.00
0.210440	126.00
0.210460	126.00
0.210480	126.00
0.210500	126.00
0.210520	126.00
0.210540	126.00
0.210560	126.00
0.210580	126.00
0.210600	126.00
0.210620	125.00
0.210640	125.00
0.210660	125.00
0.210680	125.00
0.210700	125.00
0.210720	125.00
0.210740	126.00
0.210760	126.00
0.210780	126.00
0.210800	126.00
0.210820	126.00
0.210840	126.00
0.210860	126.00
0.210880	126.00
0.210900	125.00
0.210920	125.00
0.210940	125.00
0.210960	125.00
0.210980	126.00
0.211000	126.00
0.211020	126.00
0.211040	126.00
0.211060	126.00
0.211080	126.00
0.211100	126.00
0.211120	126.00
0.211140	125.00
0.211160	125.00
0.211180	125.00
0.211200	125.00
0.211220	125.00
0.211240	125.00
0.211260	125.00
0.211280	125.00
0.211300	125.00
0.211320	125.00
0.211340	125.00
0.211360	125.00
0.211380	125.00
0.211400	125.00
0.211420	125.00
0.211440	125.00
0.211460	125.00
0.211480	125.00
0.211500	125.00
0.211520	125.00
0.211540	125.00
0.211560	125.00
0.211580	126.00
0.211600	126.00
0.211620	126.00
0.211640	125.00
0.211660	125.00
0.211680	125.00
0.211700	126.00
0.211720	126.00
0.211740	126.00
0.211760	126.00
0.211780	126.00
0.211800	126.00
0.211820	126.00
0.211840	126.00
0.211860	126.00
0.211880	126.00
0.211900	126.00
0.211920	126.00
0.211940	126.00
0.211960	126.00
0.211980	126.00
0.212000	126.00
0.212020	126.00
0.212040	126.00
0.212060	126.00
0.212080	125.00
0.212100	125.00
0.212120	125.00
0.212140	125.00
0.212160	125.00
0.212180	125.00
0.212200	125.00
0.212220	125.00
0.212240	125.00
0.212260	125.00
0.212280	126.00
0.212300	126.00
0.212320	126.00
0.212340	125.00
0.212360	125.00
0.212380	125.00
0.212400	125.00
0.212420	125.00
0.212440	126.00
0.212460	126.00
0.212480	126.00
0.212500	126.00
0.212520	125.00
0.212540	126.00
0.212560	126.00
0.212580	126.00
0.212600	126.00
0.212620	125.00
0.212640	125.00
0.212660	125.00
0.212680	125.00
0.212700	125.00
0.212720	125.00
0.212740	124.00
0.212760	125.00
0.212780	125.00
0.212800	126.00
0.212820	126.00
0.212840	125.00
0.212860	125.00
0.212880	125.00
0.212900	125.00
0.212920	125.00
0.212940	126.00
0.212960	125.00
0.212980	125.00
0.213000	125.00
0.213020	125.00
0.213040	125.00
0.213060	125.00
0.213080	125.00
0.213100	126.00
0.213120	125.00
0.213140	125.00
0.213160	125.00
0.213180	126.00
0.213200	126.00
0.213220	125.00
0.213240	125.00
0.213260	125.00
0.213280	126.00
0.213300	126.00
0.213320	126.00
0.213340	126.00
0.213360	126.00
0.213380	126.00
0.213400	126.00
0.213420	126.00
0.213440	125.00
0.213460	125.00
0.213480	125.00
0.213500	126.00
0.213520	126.00
0.213540	125.00
0.213560	125.00
0.213580	125.00
0.213600	125.00
0.213620	125.00
0.213640	125.00
0.213660	125.00
0.213680	125.00
0.213700	126.00
0.213720	126.00
0.213740	125.00
0.213760	125.00
0.213780	124.00
0.213800	125.00
0.213820	125.00
0.213840	125.00
0.213860	126.00
0.213880	126.00
0.213900	126.00
0.213920	126.00
0.213940	126.00
0.213960	126.00
0.213980	126.00
0.214000	126.00
0.214020	126.00
0.214040	126.00
0.214060	126.00
0.214080	126.00
0.214100	126.00
0.214120	126.00
0.214140	126.00
0.214160	126.00
0.214180	126.00
0.214200	126.00
0.214220	126.00
0.214240	126.00
0.214260	126.00
0.214280	125.00
0.214300	125.00
0.214320	125.00
0.214340	125.00
0.214360	125.00
0.214380	125.00
0.214400	125.00
0.214420	126.00
0.214440	126.00
0.214460	126.00
0.214480	125.00
0.214500	125.00
0.214520	125.00
0.214540	125.00
0.214560	126.00
0.214580	126.00
0.214600	126.00
0.214620	125.00
0.214640	125.00
0.214660	125.00
0.214680	125.00
0.214700	125.00
0.214720	126.00
0.214740	126.00
0.214760	126.00
0.214780	126.00
0.214800	126.00
0.214820	126.00
0.214840	126.00
0.214860	126.00
0.214880	126.00
0.214900	126.00
0.214920	126.00
0.214940	126.00
0.214960	126.00
0.214980	126.00
0.215000	126.00
0.215020	126.00
0.215040	126.00
0.215060	126.00
0.215080	126.00
0.215100	126.00
0.215120	125.00
0.215140	125.00
0.215160	126.00
0.215180	126.00
