0.206300	101.00
0.206320	49.00
0.206340	102.00
0.206360	141.00
0.206380	144.00
0.206400	125.00
0.206420	112.00
0.206440	118.00
0.206460	131.00
0.206480	134.00
0.206500	126.00
0.206520	119.00
0.206540	122.00
0.206560	129.00
0.206580	131.00
0.206600	125.00
0.206620	121.00
0.206640	123.00
0.206660	128.00
0.206680	129.00
0.206700	126.00
0.206720	122.00
0.206740	124.00
0.206760	128.00
0.206780	129.00
0.206800	126.00
0.206820	122.00
0.206840	123.00
0.206860	127.00
0.206880	128.00
0.206900	125.00
0.206920	123.00
0.206940	123.00
0.206960	126.00
0.206980	128.00
0.207000	125.00
0.207020	123.00
0.207040	124.00
0.207060	126.00
0.207080	127.00
0.207100	125.00
0.207120	124.00
0.207140	125.00
0.207160	127.00
0.207180	127.00
0.207200	125.00
0.207220	123.00
0.207240	124.00
0.207260	126.00
0.207280	126.00
0.207300	125.00
0.207320	123.00
0.207340	124.00
0.207360	126.00
0.207380	126.00
0.207400	125.00
0.207420	124.00
0.207440	124.00
0.207460	126.00
0.207480	127.00
0.207500	126.00
0.207520	125.00
0.207540	125.00
0.207560	126.00
0.207580	127.00
0.207600	125.00
0.207620	124.00
0.207640	124.00
0.207660	126.00
0.207680	126.00
0.207700	125.00
0.207720	124.00
0.207740	124.00
0.207760	126.00
0.207780	126.00
0.207800	125.00
0.207820	125.00
0.207840	125.00
0.207860	126.00
0.207880	126.00
0.207900	125.00
0.207920	125.00
0.207940	125.00
0.207960	126.00
0.207980	126.00
0.208000	125.00
0.208020	124.00
0.208040	125.00
0.208060	126.00
0.208080	127.00
0.208100	125.00
0.208120	124.00
0.208140	124.00
0.208160	125.00
0.208180	126.00
0.208200	125.00
0.208220	124.00
0.208240	125.00
0.208260	126.00
0.208280	127.00
0.208300	126.00
0.208320	125.00
0.208340	125.00
0.208360	126.00
0.208380	126.00
0.208400	126.00
0.208420	125.00
0.208440	125.00
0.208460	126.00
0.208480	126.00
0.208500	126.00
0.208520	125.00
0.208540	125.00
0.208560	126.00
0.208580	126.00
0.208600	126.00
0.208620	125.00
0.208640	125.00
0.208660	126.00
0.208680	126.00
0.208700	126.00
0.208720	125.00
0.208740	125.00
0.208760	126.00
0.208780	126.00
0.208800	126.00
0.208820	125.00
0.208840	125.00
0.208860	126.00
0.208880	126.00
0.208900	125.00
0.208920	124.00
0.208940	124.00
0.208960	125.00
0.208980	126.00
0.209000	126.00
0.209020	125.00
0.209040	125.00
0.209060	126.00
0.209080	126.00
0.209100	125.00
0.209120	124.00
0.209140	124.00
0.209160	125.00
0.209180	126.00
0.209200	126.00
0.209220	125.00
0.209240	125.00
0.209260	126.00
0.209280	126.00
0.209300	125.00
0.209320	125.00
0.209340	125.00
0.209360	125.00
0.209380	126.00
0.209400	126.00
0.209420	125.00
0.209440	125.00
0.209460	126.00
0.209480	126.00
0.209500	126.00
0.209520	125.00
0.209540	125.00
0.209560	126.00
0.209580	126.00
0.209600	126.00
0.209620	125.00
0.209640	125.00
0.209660	126.00
0.209680	126.00
0.209700	126.00
0.209720	125.00
0.209740	125.00
0.209760	126.00
0.209780	126.00
0.209800	125.00
0.209820	125.00
0.209840	125.00
0.209860	126.00
0.209880	126.00
0.209900	126.00
0.209920	125.00
0.209940	125.00
0.209960	125.00
0.209980	125.00
0.210000	125.00
0.210020	125.00
0.210040	125.00
0.210060	125.00
0.210080	125.00
0.210100	125.00
0.210120	125.00
0.210140	125.00
0.210160	126.00
0.210180	126.00
0.210200	126.00
0.210220	125.00
0.210240	125.00
0.210260	126.00
0.210280	126.00
0.210300	125.00
0.210320	125.00
0.210340	125.00
0.210360	125.00
0.210380	125.00
0.210400	125.00
0.210420	125.00
0.210440	125.00
0.210460	126.00
0.210480	126.00
0.210500	126.00
0.210520	125.00
0.210540	125.00
0.210560	126.00
0.210580	126.00
0.210600	126.00
0.210620	125.00
0.210640	125.00
0.210660	126.00
0.210680	126.00
0.210700	126.00
0.210720	125.00
0.210740	125.00
0.210760	126.00
0.210780	126.00
0.210800	125.00
0.210820	125.00
0.210840	124.00
0.210860	125.00
0.210880	125.00
0.210900	125.00
0.210920	125.00
0.210940	126.00
0.210960	126.00
0.210980	126.00
0.211000	125.00
0.211020	125.00
0.211040	125.00
0.211060	125.00
0.211080	126.00
0.211100	125.00
0.211120	125.00
0.211140	125.00
0.211160	125.00
0.211180	125.00
0.211200	125.00
0.211220	125.00
0.211240	125.00
0.211260	126.00
0.211280	125.00
0.211300	125.00
0.211320	125.00
0.211340	125.00
0.211360	126.00
0.211380	126.00
0.211400	126.00
0.211420	125.00
0.211440	125.00
0.211460	126.00
0.211480	126.00
0.211500	126.00
0.211520	125.00
0.211540	125.00
0.211560	125.00
0.211580	126.00
0.211600	126.00
0.211620	125.00
0.211640	125.00
0.211660	125.00
0.211680	125.00
0.211700	125.00
0.211720	125.00
0.211740	125.00
0.211760	126.00
0.211780	126.00
0.211800	126.00
0.211820	125.00
0.211840	125.00
0.211860	125.00
0.211880	125.00
0.211900	125.00
0.211920	126.00
0.211940	126.00
0.211960	125.00
0.211980	125.00
0.212000	125.00
0.212020	124.00
0.212040	125.00
0.212060	125.00
0.212080	126.00
0.212100	125.00
0.212120	125.00
0.212140	125.00
0.212160	126.00
0.212180	126.00
0.212200	126.00
0.212220	125.00
0.212240	125.00
0.212260	126.00
0.212280	126.00
0.212300	125.00
0.212320	125.00
0.212340	126.00
0.212360	126.00
0.212380	126.00
0.212400	126.00
0.212420	125.00
0.212440	126.00
0.212460	126.00
0.212480	126.00
0.212500	126.00
0.212520	125.00
0.212540	125.00
0.212560	125.00
0.212580	125.00
0.212600	125.00
0.212620	125.00
0.212640	126.00
0.212660	126.00
0.212680	126.00
0.212700	126.00
0.212720	125.00
0.212740	126.00
0.212760	126.00
0.212780	126.00
0.212800	126.00
0.212820	125.00
0.212840	126.00
0.212860	126.00
0.212880	126.00
0.212900	126.00
0.212920	125.00
0.212940	126.00
0.212960	126.00
0.212980	126.00
0.213000	126.00
0.213020	125.00
0.213040	125.00
0.213060	125.00
0.213080	125.00
0.213100	125.00
0.213120	125.00
0.213140	126.00
0.213160	126.00
0.213180	126.00
0.213200	126.00
0.213220	125.00
0.213240	125.00
0.213260	125.00
0.213280	125.00
0.213300	125.00
0.213320	125.00
0.213340	125.00
0.213360	126.00
0.213380	126.00
0.213400	126.00
0.213420	125.00
0.213440	125.00
0.213460	126.00
0.213480	126.00
0.213500	126.00
0.213520	125.00
0.213540	126.00
0.213560	126.00
0.213580	126.00
0.213600	126.00
0.213620	125.00
0.213640	126.00
0.213660	126.00
0.213680	126.00
0.213700	125.00
0.213720	124.00
0.213740	124.00
0.213760	125.00
0.213780	125.00
0.213800	125.00
0.213820	125.00
0.213840	126.00
0.213860	126.00
0.213880	127.00
0.213900	127.00
0.213920	126.00
0.213940	126.00
0.213960	125.00
0.213980	125.00
0.214000	125.00
0.214020	125.00
0.214040	125.00
0.214060	126.00
0.214080	126.00
0.214100	126.00
0.214120	126.00
0.214140	126.00
0.214160	126.00
0.214180	125.00
0.214200	124.00
0.214220	124.00
0.214240	125.00
0.214260	125.00
0.214280	125.00
0.214300	126.00
0.214320	126.00
0.214340	126.00
0.214360	126.00
0.214380	126.00
0.214400	126.00
0.214420	126.00
0.214440	126.00
0.214460	125.00
0.214480	125.00
0.214500	125.00
0.214520	124.00
0.214540	125.00
0.214560	125.00
0.214580	126.00
0.214600	126.00
0.214620	126.00
0.214640	126.00
0.214660	127.00
0.214680	129.00
0.214700	131.00
0.214720	131.00
0.214740	128.00
0.214760	122.00
0.214780	114.00
0.214800	109.00
0.214820	112.00
0.214840	123.00
0.214860	139.00
0.214880	153.00
0.214900	158.00
0.214920	152.00
0.214940	133.00
0.214960	106.00
0.214980	80.00
0.215000	64.00
0.215020	68.00
0.215040	93.00
0.215060	130.00
0.215080	167.00
0.215100	192.00
0.215120	196.00
0.215140	178.00
0.215160	143.00
0.215180	100.00
0.215200	64.00
0.215220	46.00
0.215240	56.00
0.215260	90.00
0.215280	135.00
0.215300	176.00
0.215320	199.00
0.215340	200.00
0.215360	179.00
0.215380	146.00
0.215400	108.00
0.215420	76.00
0.215440	58.00
0.215460	56.00
0.215480	68.00
0.215500	91.00
0.215520	119.00
0.215540	147.00
0.215560	172.00
0.215580	187.00
0.215600	191.00
0.215620	181.00
0.215640	161.00
0.215660	133.00
0.215680	104.00
0.215700	78.00
0.215720	62.00
0.215740	59.00
0.215760	69.00
0.215780	89.00
0.215800	115.00
0.215820	142.00
0.215840	165.00
0.215860	179.00
0.215880	183.00
0.215900	174.00
0.215920	156.00
0.215940	133.00
0.215960	110.00
0.215980	92.00
0.216000	81.00
0.216020	79.00
0.216040	86.00
0.216060	101.00
0.216080	119.00
0.216100	137.00
0.216120	151.00
0.216140	159.00
0.216160	161.00
0.216180	155.00
0.216200	144.00
0.216220	131.00
0.216240	117.00
0.216260	106.00
0.216280	99.00
0.216300	98.00
0.216320	101.00
0.216340	109.00
0.216360	120.00
0.216380	131.00
0.216400	140.00
0.216420	145.00
0.216440	146.00
0.216460	143.00
0.216480	138.00
0.216500	130.00
0.216520	122.00
0.216540	116.00
0.216560	111.00
0.216580	110.00
0.216600	111.00
0.216620	115.00
0.216640	121.00
0.216660	127.00
0.216680	132.00
0.216700	135.00
0.216720	137.00
0.216740	136.00
0.216760	133.00
0.216780	129.00
0.216800	125.00
0.216820	120.00
0.216840	118.00
0.216860	117.00
0.216880	118.00
0.216900	120.00
0.216920	122.00
0.216940	126.00
0.216960	129.00
0.216980	131.00
0.217000	132.00
0.217020	131.00
0.217040	130.00
0.217060	128.00
0.217080	126.00
0.217100	123.00
0.217120	122.00
0.217140	121.00
0.217160	121.00
0.217180	123.00
0.217200	124.00
0.217220	125.00
0.217240	127.00
0.217260	128.00
0.217280	129.00
0.217300	129.00
0.217320	128.00
0.217340	126.00
0.217360	125.00
0.217380	124.00
0.217400	123.00
0.217420	123.00
0.217440	122.00
0.217460	123.00
0.217480	124.00
0.217500	125.00
0.217520	126.00
0.217540	126.00
0.217560	127.00
0.217580	127.00
0.217600	126.00
0.217620	126.00
0.217640	125.00
0.217660	125.00
0.217680	124.00
0.217700	124.00
0.217720	124.00
0.217740	124.00
0.217760	125.00
0.217780	125.00
0.217800	125.00
0.217820	126.00
0.217840	126.00
0.217860	126.00
0.217880	126.00
0.217900	126.00
0.217920	125.00
0.217940	125.00
0.217960	125.00
0.217980	125.00
0.218000	125.00
0.218020	125.00
0.218040	125.00
0.218060	125.00
0.218080	125.00
0.218100	125.00
0.218120	126.00
0.218140	126.00
0.218160	126.00
0.218180	126.00
0.218200	125.00
0.218220	125.00
0.218240	125.00
0.218260	125.00
0.218280	125.00
0.218300	125.00
0.218320	125.00
0.218340	125.00
0.218360	125.00
0.218380	126.00
0.218400	126.00
0.218420	126.00
0.218440	125.00
0.218460	126.00
0.218480	126.00
0.218500	126.00
0.218520	125.00
0.218540	125.00
0.218560	125.00
0.218580	125.00
0.218600	125.00
0.218620	125.00
0.218640	125.00
0.218660	125.00
0.218680	125.00
0.218700	125.00
0.218720	125.00
0.218740	125.00
0.218760	126.00
0.218780	125.00
0.218800	125.00
0.218820	125.00
0.218840	125.00
0.218860	125.00
0.218880	125.00
0.218900	125.00
0.218920	125.00
0.218940	125.00
0.218960	125.00
0.218980	126.00
0.219000	126.00
0.219020	125.00
0.219040	125.00
0.219060	125.00
0.219080	125.00
0.219100	125.00
0.219120	126.00
0.219140	126.00
0.219160	126.00
0.219180	126.00
0.219200	125.00
0.219220	125.00
0.219240	125.00
0.219260	125.00
0.219280	125.00
0.219300	125.00
0.219320	126.00
0.219340	126.00
0.219360	126.00
0.219380	126.00
0.219400	126.00
0.219420	126.00
0.219440	126.00
0.219460	126.00
0.219480	126.00
0.219500	126.00
0.219520	125.00
0.219540	125.00
0.219560	125.00
0.219580	125.00
0.219600	125.00
0.219620	125.00
0.219640	125.00
0.219660	125.00
0.219680	126.00
0.219700	126.00
0.219720	125.00
0.219740	125.00
0.219760	125.00
0.219780	125.00
0.219800	125.00
0.219820	126.00
0.219840	126.00
0.219860	125.00
0.219880	125.00
0.219900	125.00
0.219920	125.00
0.219940	126.00
0.219960	126.00
0.219980	126.00
0.220000	126.00
0.220020	126.00
0.220040	126.00
0.220060	126.00
0.220080	126.00
0.220100	126.00
0.220120	126.00
0.220140	126.00
0.220160	126.00
0.220180	126.00
0.220200	126.00
0.220220	126.00
0.220240	125.00
0.220260	125.00
0.220280	125.00
0.220300	125.00
0.220320	125.00
0.220340	125.00
0.220360	125.00
0.220380	125.00
0.220400	125.00
0.220420	125.00
0.220440	126.00
0.220460	126.00
0.220480	126.00
0.220500	126.00
0.220520	126.00
0.220540	126.00
0.220560	126.00
0.220580	126.00
0.220600	126.00
0.220620	126.00
0.220640	126.00
0.220660	126.00
0.220680	125.00
0.220700	125.00
0.220720	125.00
0.220740	125.00
0.220760	126.00
0.220780	126.00
0.220800	126.00
0.220820	125.00
0.220840	125.00
0.220860	125.00
0.220880	125.00
0.220900	125.00
0.220920	125.00
0.220940	125.00
0.220960	125.00
0.220980	126.00
0.221000	126.00
0.221020	126.00
0.221040	126.00
0.221060	126.00
0.221080	126.00
0.221100	126.00
0.221120	125.00
0.221140	125.00
0.221160	125.00
0.221180	126.00
0.221200	126.00
0.221220	126.00
0.221240	126.00
0.221260	126.00
0.221280	126.00
0.221300	125.00
0.221320	125.00
0.221340	125.00
0.221360	126.00
0.221380	126.00
0.221400	126.00
0.221420	125.00
0.221440	125.00
0.221460	125.00
0.221480	125.00
0.221500	125.00
0.221520	126.00
0.221540	126.00
0.221560	126.00
0.221580	125.00
0.221600	125.00
0.221620	125.00
0.221640	126.00
0.221660	126.00
0.221680	126.00
0.221700	126.00
0.221720	125.00
0.221740	126.00
0.221760	126.00
0.221780	126.00
0.221800	125.00
0.221820	125.00
0.221840	125.00
0.221860	125.00
0.221880	126.00
0.221900	126.00
0.221920	125.00
0.221940	125.00
0.221960	125.00
0.221980	126.00
0.222000	126.00
0.222020	125.00
0.222040	125.00
0.222060	126.00
0.222080	126.00
0.222100	126.00
0.222120	125.00
0.222140	125.00
0.222160	125.00
0.222180	125.00
0.222200	125.00
0.222220	125.00
0.222240	126.00
0.222260	126.00
0.222280	126.00
0.222300	126.00
0.222320	126.00
0.222340	126.00
0.222360	126.00
0.222380	126.00
0.222400	126.00
0.222420	126.00
0.222440	126.00
0.222460	126.00
0.222480	126.00
0.222500	125.00
0.222520	125.00
0.222540	125.00
0.222560	125.00
0.222580	125.00
0.222600	125.00
0.222620	125.00
0.222640	125.00
0.222660	125.00
0.222680	126.00
0.222700	126.00
0.222720	126.00
0.222740	126.00
0.222760	126.00
0.222780	126.00
0.222800	125.00
0.222820	125.00
0.222840	125.00
0.222860	125.00
0.222880	125.00
0.222900	125.00
0.222920	125.00
0.222940	125.00
0.222960	125.00
0.222980	125.00
0.223000	126.00
0.223020	126.00
0.223040	126.00
0.223060	125.00
0.223080	125.00
0.223100	125.00
0.223120	125.00
0.223140	125.00
0.223160	126.00
0.223180	126.00
0.223200	126.00
0.223220	126.00
0.223240	126.00
0.223260	126.00
0.223280	126.00
0.223300	126.00
0.223320	126.00
0.223340	126.00
0.223360	126.00
0.223380	126.00
0.223400	126.00
0.223420	126.00
0.223440	126.00
0.223460	126.00
0.223480	126.00
0.223500	126.00
0.223520	126.00
0.223540	126.00
0.223560	126.00
0.223580	126.00
0.223600	126.00
0.223620	125.00
0.223640	125.00
0.223660	125.00
0.223680	126.00
0.223700	126.00
0.223720	126.00
0.223740	126.00
0.223760	126.00
0.223780	126.00
0.223800	126.00
0.223820	126.00
0.223840	126.00
0.223860	126.00
0.223880	126.00
0.223900	126.00
0.223920	125.00
0.223940	125.00
0.223960	125.00
0.223980	126.00
0.224000	126.00
0.224020	125.00
0.224040	125.00
0.224060	124.00
0.224080	125.00
0.224100	125.00
0.224120	125.00
0.224140	125.00
0.224160	125.00
0.224180	125.00
0.224200	124.00
0.224220	125.00
0.224240	125.00
0.224260	125.00
0.224280	125.00
0.224300	125.00
0.224320	125.00
0.224340	125.00
0.224360	125.00
0.224380	125.00
0.224400	125.00
0.224420	125.00
0.224440	125.00
0.224460	125.00
0.224480	125.00
0.224500	125.00
0.224520	125.00
0.224540	124.00
0.224560	125.00
0.224580	125.00
0.224600	125.00
0.224620	125.00
0.224640	125.00
0.224660	125.00
0.224680	125.00
0.224700	125.00
0.224720	125.00
0.224740	126.00
0.224760	126.00
0.224780	126.00
0.224800	125.00
0.224820	125.00
0.224840	125.00
0.224860	125.00
0.224880	125.00
0.224900	125.00
0.224920	125.00
0.224940	125.00
0.224960	125.00
0.224980	125.00
0.225000	125.00
0.225020	125.00
0.225040	125.00
0.225060	125.00
0.225080	125.00
0.225100	125.00
0.225120	125.00
0.225140	125.00
0.225160	126.00
0.225180	126.00
0.225200	126.00
0.225220	125.00
0.225240	125.00
0.225260	125.00
0.225280	125.00
0.225300	125.00
0.225320	126.00
0.225340	126.00
0.225360	126.00
0.225380	126.00
0.225400	126.00
0.225420	125.00
0.225440	125.00
0.225460	125.00
0.225480	125.00
0.225500	126.00
0.225520	125.00
0.225540	125.00
0.225560	125.00
0.225580	125.00
0.225600	125.00
0.225620	126.00
0.225640	126.00
0.225660	126.00
0.225680	126.00
0.225700	126.00
0.225720	126.00
0.225740	125.00
0.225760	125.00
0.225780	125.00
0.225800	125.00
0.225820	126.00
0.225840	126.00
0.225860	126.00
0.225880	126.00
0.225900	126.00
0.225920	126.00
0.225940	126.00
0.225960	126.00
0.225980	126.00
0.226000	125.00
0.226020	125.00
0.226040	125.00
0.226060	125.00
0.226080	125.00
0.226100	125.00
0.226120	125.00
0.226140	125.00
0.226160	125.00
0.226180	125.00
0.226200	125.00
0.226220	126.00
0.226240	126.00
0.226260	125.00
0.226280	125.00
0.226300	125.00
0.226320	124.00
0.226340	125.00
0.226360	125.00
0.226380	126.00
0.226400	126.00
0.226420	126.00
0.226440	126.00
0.226460	126.00
0.226480	126.00
0.226500	125.00
0.226520	125.00
0.226540	125.00
0.226560	125.00
0.226580	125.00
0.226600	126.00
0.226620	126.00
0.226640	126.00
0.226660	126.00
0.226680	126.00
0.226700	126.00
0.226720	126.00
0.226740	126.00
0.226760	126.00
0.226780	126.00
0.226800	126.00
0.226820	126.00
0.226840	126.00
0.226860	126.00
0.226880	126.00
0.226900	126.00
0.226920	126.00
0.226940	125.00
0.226960	125.00
0.226980	124.00
0.227000	124.00
0.227020	124.00
0.227040	125.00
0.227060	126.00
0.227080	127.00
0.227100	128.00
0.227120	127.00
0.227140	127.00
0.227160	126.00
0.227180	124.00
0.227200	122.00
0.227220	120.00
0.227240	121.00
0.227260	123.00
0.227280	127.00
0.227300	131.00
0.227320	135.00
0.227340	135.00
0.227360	131.00
0.227380	124.00
0.227400	117.00
0.227420	111.00
0.227440	110.00
0.227460	114.00
0.227480	122.00
0.227500	132.00
0.227520	140.00
0.227540	144.00
0.227560	142.00
0.227580	134.00
0.227600	123.00
0.227620	114.00
0.227640	108.00
0.227660	107.00
0.227680	112.00
0.227700	121.00
0.227720	131.00
0.227740	140.00
0.227760	144.00
0.227780	142.00
0.227800	136.00
0.227820	127.00
0.227840	119.00
0.227860	112.00
0.227880	110.00
0.227900	111.00
0.227920	115.00
0.227940	121.00
0.227960	127.00
0.227980	133.00
0.228000	137.00
0.228020	138.00
0.228040	137.00
0.228060	134.00
0.228080	129.00
0.228100	123.00
0.228120	117.00
0.228140	114.00
0.228160	113.00
0.228180	114.00
0.228200	118.00
0.228220	123.00
0.228240	128.00
0.228260	132.00
0.228280	135.00
0.228300	136.00
0.228320	134.00
0.228340	132.00
0.228360	128.00
0.228380	124.00
0.228400	120.00
0.228420	117.00
0.228440	117.00
0.228460	118.00
0.228480	121.00
0.228500	124.00
0.228520	127.00
0.228540	130.00
0.228560	132.00
0.228580	132.00
0.228600	131.00
0.228620	128.00
0.228640	126.00
0.228660	124.00
0.228680	122.00
0.228700	120.00
0.228720	120.00
0.228740	121.00
0.228760	122.00
0.228780	124.00
0.228800	126.00
0.228820	127.00
0.228840	128.00
0.228860	129.00
0.228880	129.00
0.228900	128.00
0.228920	126.00
0.228940	125.00
0.228960	124.00
0.228980	123.00
0.229000	123.00
0.229020	122.00
0.229040	123.00
0.229060	124.00
0.229080	125.00
0.229100	127.00
0.229120	128.00
0.229140	128.00
0.229160	127.00
0.229180	127.00
0.229200	126.00
0.229220	126.00
0.229240	125.00
0.229260	124.00
0.229280	124.00
0.229300	124.00
0.229320	124.00
0.229340	125.00
0.229360	125.00
0.229380	126.00
0.229400	126.00
0.229420	127.00
0.229440	127.00
0.229460	126.00
0.229480	126.00
0.229500	125.00
0.229520	125.00
0.229540	124.00
0.229560	124.00
0.229580	124.00
0.229600	124.00
0.229620	124.00
0.229640	125.00
0.229660	125.00
0.229680	126.00
0.229700	126.00
0.229720	126.00
0.229740	127.00
0.229760	127.00
0.229780	126.00
0.229800	125.00
0.229820	125.00
0.229840	125.00
0.229860	125.00
0.229880	125.00
0.229900	125.00
0.229920	125.00
0.229940	126.00
0.229960	126.00
0.229980	126.00
0.230000	126.00
0.230020	125.00
0.230040	125.00
0.230060	125.00
0.230080	125.00
0.230100	125.00
0.230120	125.00
0.230140	126.00
0.230160	126.00
0.230180	126.00
0.230200	125.00
0.230220	125.00
0.230240	125.00
0.230260	125.00
0.230280	126.00
0.230300	126.00
0.230320	126.00
0.230340	125.00
0.230360	125.00
0.230380	125.00
0.230400	125.00
0.230420	125.00
0.230440	125.00
0.230460	125.00
0.230480	125.00
0.230500	125.00
0.230520	126.00
0.230540	126.00
0.230560	126.00
0.230580	126.00
0.230600	126.00
0.230620	125.00
0.230640	125.00
0.230660	125.00
0.230680	125.00
0.230700	125.00
0.230720	126.00
0.230740	126.00
0.230760	125.00
0.230780	125.00
0.230800	125.00
0.230820	125.00
0.230840	125.00
0.230860	125.00
0.230880	126.00
0.230900	126.00
0.230920	126.00
0.230940	125.00
0.230960	125.00
0.230980	125.00
0.231000	125.00
0.231020	125.00
0.231040	125.00
0.231060	125.00
0.231080	125.00
0.231100	125.00
0.231120	125.00
0.231140	125.00
0.231160	125.00
0.231180	125.00
0.231200	125.00
0.231220	125.00
0.231240	125.00
0.231260	125.00
0.231280	125.00
0.231300	126.00
0.231320	126.00
0.231340	126.00
0.231360	126.00
0.231380	126.00
0.231400	126.00
0.231420	126.00
0.231440	126.00
0.231460	126.00
0.231480	125.00
0.231500	125.00
0.231520	125.00
0.231540	126.00
0.231560	126.00
0.231580	125.00
0.231600	125.00
0.231620	125.00
0.231640	125.00
0.231660	125.00
0.231680	125.00
0.231700	125.00
0.231720	125.00
0.231740	125.00
0.231760	126.00
0.231780	126.00
0.231800	126.00
0.231820	126.00
0.231840	125.00
0.231860	125.00
0.231880	125.00
0.231900	125.00
0.231920	125.00
0.231940	125.00
0.231960	126.00
0.231980	126.00
0.232000	126.00
0.232020	125.00
0.232040	125.00
0.232060	125.00
0.232080	126.00
0.232100	126.00
0.232120	125.00
0.232140	125.00
0.232160	125.00
0.232180	125.00
0.232200	125.00
0.232220	126.00
0.232240	126.00
0.232260	125.00
0.232280	125.00
0.232300	125.00
0.232320	126.00
0.232340	126.00
0.232360	126.00
0.232380	126.00
0.232400	126.00
0.232420	125.00
0.232440	125.00
0.232460	125.00
0.232480	125.00
0.232500	125.00
0.232520	125.00
0.232540	125.00
0.232560	125.00
0.232580	125.00
0.232600	125.00
0.232620	125.00
0.232640	125.00
0.232660	126.00
0.232680	126.00
0.232700	126.00
0.232720	125.00
0.232740	125.00
0.232760	125.00
0.232780	126.00
0.232800	126.00
0.232820	126.00
0.232840	126.00
0.232860	126.00
0.232880	126.00
0.232900	126.00
0.232920	126.00
0.232940	126.00
0.232960	125.00
0.232980	125.00
0.233000	125.00
0.233020	125.00
0.233040	125.00
0.233060	126.00
0.233080	126.00
0.233100	126.00
0.233120	125.00
0.233140	125.00
0.233160	125.00
0.233180	125.00
0.233200	125.00
0.233220	125.00
0.233240	125.00
0.233260	125.00
0.233280	125.00
0.233300	125.00
0.233320	125.00
0.233340	126.00
0.233360	126.00
0.233380	126.00
0.233400	126.00
0.233420	126.00
0.233440	126.00
0.233460	126.00
0.233480	126.00
0.233500	125.00
0.233520	125.00
0.233540	125.00
0.233560	125.00
0.233580	125.00
0.233600	125.00
0.233620	125.00
0.233640	125.00
0.233660	125.00
0.233680	126.00
0.233700	126.00
0.233720	126.00
0.233740	126.00
0.233760	126.00
0.233780	126.00
0.233800	125.00
0.233820	125.00
0.233840	125.00
0.233860	125.00
0.233880	125.00
0.233900	125.00
0.233920	126.00
0.233940	126.00
0.233960	126.00
0.233980	126.00
0.234000	126.00
0.234020	125.00
0.234040	124.00
0.234060	124.00
0.234080	124.00
0.234100	124.00
0.234120	125.00
0.234140	125.00
0.234160	126.00
0.234180	127.00
0.234200	127.00
0.234220	127.00
0.234240	126.00
0.234260	126.00
0.234280	126.00
0.234300	125.00
0.234320	125.00
0.234340	125.00
0.234360	125.00
0.234380	125.00
0.234400	126.00
0.234420	126.00
0.234440	126.00
0.234460	126.00
0.234480	126.00
0.234500	126.00
0.234520	126.00
0.234540	126.00
0.234560	125.00
0.234580	125.00
0.234600	125.00
0.234620	125.00
0.234640	125.00
0.234660	125.00
0.234680	126.00
0.234700	126.00
0.234720	126.00
0.234740	126.00
0.234760	126.00
0.234780	126.00
0.234800	126.00
0.234820	126.00
0.234840	125.00
0.234860	125.00
0.234880	125.00
0.234900	125.00
0.234920	125.00
0.234940	125.00
0.234960	125.00
0.234980	125.00
0.235000	125.00
0.235020	126.00
0.235040	126.00
0.235060	126.00
0.235080	126.00
0.235100	126.00
0.235120	125.00
0.235140	125.00
0.235160	125.00
0.235180	126.00
0.235200	126.00
0.235220	126.00
0.235240	126.00
0.235260	126.00
0.235280	126.00
0.235300	126.00
0.235320	126.00
0.235340	126.00
0.235360	125.00
0.235380	125.00
0.235400	125.00
0.235420	125.00
0.235440	126.00
0.235460	126.00
0.235480	126.00
0.235500	125.00
0.235520	125.00
0.235540	125.00
0.235560	125.00
0.235580	125.00
0.235600	125.00
0.235620	125.00
0.235640	125.00
0.235660	125.00
0.235680	126.00
0.235700	126.00
0.235720	126.00
0.235740	125.00
0.235760	125.00
0.235780	125.00
0.235800	125.00
0.235820	125.00
0.235840	125.00
0.235860	125.00
0.235880	125.00
0.235900	125.00
0.235920	126.00
0.235940	126.00
0.235960	125.00
0.235980	125.00
0.236000	125.00
0.236020	125.00
0.236040	125.00
0.236060	125.00
0.236080	126.00
0.236100	126.00
0.236120	125.00
0.236140	125.00
0.236160	125.00
0.236180	125.00
0.236200	125.00
0.236220	125.00
0.236240	125.00
0.236260	125.00
0.236280	126.00
0.236300	126.00
0.236320	126.00
0.236340	126.00
0.236360	126.00
0.236380	126.00
0.236400	126.00
0.236420	125.00
0.236440	125.00
0.236460	125.00
0.236480	124.00
0.236500	125.00
0.236520	125.00
0.236540	125.00
0.236560	126.00
0.236580	126.00
0.236600	126.00
0.236620	125.00
0.236640	125.00
0.236660	125.00
0.236680	125.00
0.236700	125.00
0.236720	126.00
0.236740	126.00
0.236760	126.00
0.236780	126.00
0.236800	126.00
0.236820	126.00
0.236840	126.00
0.236860	126.00
0.236880	126.00
0.236900	126.00
0.236920	126.00
0.236940	126.00
0.236960	126.00
0.236980	126.00
0.237000	126.00
0.237020	126.00
0.237040	126.00
0.237060	126.00
0.237080	126.00
0.237100	125.00
0.237120	125.00
0.237140	125.00
0.237160	125.00
0.237180	125.00
0.237200	125.00
0.237220	125.00
0.237240	126.00
0.237260	126.00
0.237280	126.00
0.237300	126.00
0.237320	126.00
0.237340	126.00
0.237360	125.00
0.237380	125.00
0.237400	125.00
0.237420	125.00
0.237440	125.00
0.237460	125.00
0.237480	125.00
0.237500	125.00
0.237520	125.00
0.237540	126.00
0.237560	126.00
0.237580	126.00
0.237600	126.00
0.237620	126.00
0.237640	126.00
0.237660	125.00
0.237680	125.00
0.237700	125.00
0.237720	124.00
0.237740	125.00
0.237760	125.00
0.237780	125.00
0.237800	125.00
0.237820	125.00
0.237840	125.00
0.237860	125.00
0.237880	126.00
0.237900	126.00
0.237920	126.00
0.237940	126.00
0.237960	126.00
0.237980	125.00
0.238000	125.00
0.238020	125.00
0.238040	125.00
0.238060	125.00
0.238080	125.00
0.238100	126.00
0.238120	126.00
0.238140	126.00
0.238160	126.00
0.238180	126.00
0.238200	125.00
0.238220	125.00
0.238240	125.00
0.238260	125.00
0.238280	126.00
0.238300	126.00
0.238320	126.00
0.238340	126.00
0.238360	126.00
0.238380	126.00
0.238400	126.00
0.238420	126.00
0.238440	126.00
0.238460	125.00
0.238480	125.00
0.238500	125.00
0.238520	125.00
0.238540	125.00
0.238560	125.00
0.238580	126.00
0.238600	126.00
0.238620	125.00
0.238640	125.00
0.238660	125.00
0.238680	126.00
0.238700	126.00
0.238720	126.00
0.238740	126.00
0.238760	126.00
0.238780	126.00
0.238800	126.00
0.238820	126.00
0.238840	126.00
0.238860	126.00
0.238880	126.00
0.238900	126.00
0.238920	125.00
0.238940	125.00
0.238960	125.00
0.238980	125.00
0.239000	125.00
0.239020	126.00
0.239040	126.00
0.239060	126.00
0.239080	126.00
0.239100	125.00
0.239120	125.00
0.239140	125.00
0.239160	125.00
0.239180	125.00
0.239200	125.00
0.239220	126.00
0.239240	126.00
0.239260	126.00
0.239280	126.00
0.239300	125.00
0.239320	125.00
0.239340	125.00
0.239360	124.00
0.239380	125.00
0.239400	125.00
0.239420	125.00
0.239440	126.00
0.239460	126.00
0.239480	126.00
0.239500	126.00
0.239520	125.00
0.239540	124.00
0.239560	124.00
0.239580	124.00
0.239600	125.00
0.239620	125.00
0.239640	126.00
0.239660	126.00
0.239680	126.00
0.239700	126.00
0.239720	125.00
0.239740	125.00
0.239760	124.00
0.239780	124.00
0.239800	124.00
0.239820	125.00
0.239840	125.00
0.239860	126.00
0.239880	127.00
0.239900	127.00
0.239920	126.00
0.239940	125.00
0.239960	124.00
0.239980	123.00
0.240000	123.00
0.240020	124.00
0.240040	125.00
0.240060	126.00
0.240080	127.00
0.240100	127.00
0.240120	127.00
0.240140	126.00
0.240160	125.00
0.240180	124.00
0.240200	123.00
0.240220	123.00
0.240240	124.00
0.240260	125.00
0.240280	126.00
0.240300	127.00
0.240320	128.00
0.240340	128.00
0.240360	128.00
0.240380	127.00
0.240400	126.00
0.240420	125.00
0.240440	124.00
0.240460	123.00
0.240480	123.00
0.240500	123.00
0.240520	124.00
0.240540	125.00
0.240560	126.00
0.240580	126.00
0.240600	127.00
0.240620	127.00
0.240640	127.00
0.240660	126.00
0.240680	126.00
0.240700	125.00
0.240720	125.00
0.240740	125.00
0.240760	125.00
0.240780	125.00
0.240800	125.00
0.240820	125.00
0.240840	125.00
0.240860	125.00
0.240880	125.00
0.240900	125.00
0.240920	126.00
0.240940	126.00
0.240960	127.00
0.240980	127.00
0.241000	127.00
0.241020	126.00
0.241040	126.00
0.241060	125.00
0.241080	125.00
0.241100	124.00
0.241120	124.00
0.241140	124.00
0.241160	124.00
0.241180	125.00
0.241200	126.00
0.241220	126.00
0.241240	127.00
0.241260	127.00
0.241280	126.00
0.241300	126.00
0.241320	125.00
0.241340	125.00
0.241360	125.00
0.241380	125.00
0.241400	125.00
0.241420	125.00
0.241440	125.00
0.241460	125.00
0.241480	126.00
0.241500	126.00
0.241520	126.00
0.241540	126.00
0.241560	126.00
0.241580	126.00
0.241600	126.00
0.241620	126.00
0.241640	126.00
0.241660	126.00
0.241680	126.00
0.241700	126.00
0.241720	125.00
0.241740	125.00
0.241760	125.00
0.241780	125.00
0.241800	126.00
0.241820	126.00
0.241840	126.00
0.241860	126.00
0.241880	125.00
0.241900	125.00
0.241920	125.00
0.241940	125.00
0.241960	125.00
0.241980	126.00
0.242000	126.00
0.242020	126.00
0.242040	126.00
0.242060	126.00
0.242080	125.00
0.242100	125.00
0.242120	125.00
0.242140	125.00
0.242160	125.00
0.242180	125.00
0.242200	125.00
0.242220	125.00
0.242240	125.00
0.242260	125.00
0.242280	125.00
0.242300	125.00
0.242320	125.00
0.242340	125.00
0.242360	126.00
0.242380	126.00
0.242400	126.00
0.242420	126.00
0.242440	126.00
0.242460	126.00
0.242480	126.00
0.242500	126.00
0.242520	126.00
0.242540	125.00
0.242560	125.00
0.242580	125.00
0.242600	125.00
0.242620	126.00
0.242640	126.00
0.242660	126.00
0.242680	126.00
0.242700	126.00
0.242720	125.00
0.242740	125.00
0.242760	125.00
0.242780	125.00
0.242800	125.00
0.242820	125.00
0.242840	126.00
0.242860	126.00
0.242880	126.00
0.242900	126.00
0.242920	125.00
0.242940	125.00
0.242960	125.00
0.242980	126.00
0.243000	126.00
0.243020	126.00
0.243040	126.00
0.243060	126.00
0.243080	126.00
0.243100	126.00
0.243120	125.00
0.243140	125.00
0.243160	125.00
0.243180	124.00
0.243200	125.00
0.243220	125.00
0.243240	126.00
0.243260	126.00
0.243280	126.00
0.243300	126.00
0.243320	126.00
0.243340	126.00
0.243360	126.00
0.243380	126.00
0.243400	126.00
0.243420	126.00
0.243440	126.00
0.243460	126.00
0.243480	125.00
0.243500	125.00
0.243520	125.00
0.243540	125.00
0.243560	125.00
0.243580	125.00
0.243600	125.00
0.243620	126.00
0.243640	126.00
0.243660	125.00
0.243680	125.00
0.243700	125.00
0.243720	125.00
0.243740	125.00
0.243760	125.00
0.243780	125.00
0.243800	125.00
0.243820	125.00
0.243840	125.00
0.243860	125.00
0.243880	125.00
0.243900	125.00
0.243920	126.00
0.243940	126.00
0.243960	126.00
0.243980	125.00
0.244000	125.00
0.244020	125.00
0.244040	126.00
0.244060	126.00
0.244080	126.00
0.244100	125.00
0.244120	125.00
0.244140	125.00
0.244160	125.00
0.244180	125.00
0.244200	125.00
0.244220	125.00
0.244240	125.00
0.244260	125.00
0.244280	126.00
0.244300	126.00
0.244320	125.00
0.244340	125.00
0.244360	125.00
0.244380	126.00
0.244400	126.00
0.244420	126.00
0.244440	126.00
0.244460	126.00
0.244480	126.00
0.244500	126.00
0.244520	126.00
0.244540	126.00
0.244560	126.00
0.244580	126.00
0.244600	125.00
0.244620	125.00
0.244640	125.00
0.244660	125.00
0.244680	126.00
0.244700	126.00
0.244720	126.00
0.244740	126.00
0.244760	125.00
0.244780	125.00
0.244800	125.00
0.244820	125.00
0.244840	125.00
0.244860	126.00
0.244880	126.00
0.244900	126.00
0.244920	126.00
0.244940	126.00
0.244960	125.00
0.244980	125.00
0.245000	125.00
0.245020	125.00
0.245040	126.00
0.245060	126.00
0.245080	125.00
0.245100	125.00
0.245120	125.00
0.245140	125.00
0.245160	125.00
0.245180	125.00
0.245200	125.00
0.245220	125.00
0.245240	126.00
0.245260	126.00
0.245280	126.00
0.245300	126.00
0.245320	126.00
0.245340	126.00
0.245360	126.00
0.245380	126.00
0.245400	125.00
0.245420	125.00
0.245440	125.00
0.245460	125.00
0.245480	125.00
0.245500	126.00
0.245520	126.00
0.245540	126.00
0.245560	125.00
0.245580	125.00
0.245600	125.00
0.245620	125.00
0.245640	126.00
0.245660	126.00
0.245680	126.00
0.245700	126.00
0.245720	126.00
0.245740	126.00
0.245760	126.00
0.245780	125.00
0.245800	125.00
0.245820	125.00
0.245840	125.00
0.245860	126.00
0.245880	126.00
0.245900	126.00
0.245920	126.00
0.245940	126.00
0.245960	126.00
0.245980	126.00
0.246000	125.00
0.246020	125.00
0.246040	125.00
0.246060	125.00
0.246080	125.00
0.246100	125.00
0.246120	126.00
0.246140	126.00
0.246160	126.00
0.246180	126.00
0.246200	126.00
0.246220	126.00
0.246240	125.00
0.246260	126.00
0.246280	126.00
