0.206300	101.00
0.206320	49.00
0.206340	102.00
0.206360	141.00
0.206380	144.00
0.206400	125.00
0.206420	112.00
0.206440	118.00
0.206460	131.00
0.206480	134.00
0.206500	126.00
0.206520	119.00
0.206540	122.00
0.206560	129.00
0.206580	131.00
0.206600	126.00
0.206620	121.00
0.206640	122.00
0.206660	128.00
0.206680	129.00
0.206700	125.00
0.206720	121.00
0.206740	123.00
0.206760	128.00
0.206780	129.00
0.206800	125.00
0.206820	122.00
0.206840	123.00
0.206860	127.00
0.206880	128.00
0.206900	126.00
0.206920	123.00
0.206940	124.00
0.206960	127.00
0.206980	128.00
0.207000	126.00
0.207020	123.00
0.207040	123.00
0.207060	126.00
0.207080	127.00
0.207100	125.00
0.207120	124.00
0.207140	124.00
0.207160	126.00
0.207180	127.00
0.207200	126.00
0.207220	124.00
0.207240	125.00
0.207260	126.00
0.207280	127.00
0.207300	125.00
0.207320	123.00
0.207340	124.00
0.207360	126.00
0.207380	127.00
0.207400	126.00
0.207420	124.00
0.207440	125.00
0.207460	126.00
0.207480	126.00
0.207500	125.00
0.207520	123.00
0.207540	124.00
0.207560	126.00
0.207580	127.00
0.207600	126.00
0.207620	125.00
0.207640	125.00
0.207660	126.00
0.207680	127.00
0.207700	126.00
0.207720	125.00
0.207740	125.00
0.207760	126.00
0.207780	126.00
0.207800	125.00
0.207820	124.00
0.207840	125.00
0.207860	126.00
0.207880	127.00
0.207900	126.00
0.207920	125.00
0.207940	125.00
0.207960	126.00
0.207980	127.00
0.208000	126.00
0.208020	125.00
0.208040	125.00
0.208060	126.00
0.208080	127.00
0.208100	126.00
0.208120	125.00
0.208140	125.00
0.208160	126.00
0.208180	127.00
0.208200	126.00
0.208220	125.00
0.208240	125.00
0.208260	126.00
0.208280	127.00
0.208300	126.00
0.208320	125.00
0.208340	124.00
0.208360	125.00
0.208380	126.00
0.208400	126.00
0.208420	125.00
0.208440	125.00
0.208460	126.00
0.208480	126.00
0.208500	126.00
0.208520	125.00
0.208540	125.00
0.208560	126.00
0.208580	126.00
0.208600	125.00
0.208620	125.00
0.208640	125.00
0.208660	126.00
0.208680	126.00
0.208700	126.00
0.208720	125.00
0.208740	125.00
0.208760	125.00
0.208780	125.00
0.208800	125.00
0.208820	124.00
0.208840	125.00
0.208860	126.00
0.208880	126.00
0.208900	126.00
0.208920	125.00
0.208940	125.00
0.208960	126.00
0.208980	126.00
0.209000	126.00
0.209020	125.00
0.209040	125.00
0.209060	126.00
0.209080	126.00
0.209100	125.00
0.209120	125.00
0.209140	125.00
0.209160	126.00
0.209180	126.00
0.209200	125.00
0.209220	125.00
0.209240	125.00
0.209260	126.00
0.209280	126.00
0.209300	125.00
0.209320	125.00
0.209340	125.00
0.209360	126.00
0.209380	126.00
0.209400	126.00
0.209420	125.00
0.209440	125.00
0.209460	126.00
0.209480	126.00
0.209500	126.00
0.209520	125.00
0.209540	125.00
0.209560	126.00
0.209580	126.00
0.209600	125.00
0.209620	124.00
0.209640	124.00
0.209660	125.00
0.209680	125.00
0.209700	125.00
0.209720	125.00
0.209740	124.00
0.209760	125.00
0.209780	125.00
0.209800	125.00
0.209820	125.00
0.209840	126.00
0.209860	126.00
0.209880	126.00
0.209900	125.00
0.209920	124.00
0.209940	124.00
0.209960	125.00
0.209980	125.00
0.210000	125.00
0.210020	125.00
0.210040	125.00
0.210060	126.00
0.210080	126.00
0.210100	126.00
0.210120	125.00
0.210140	125.00
0.210160	126.00
0.210180	126.00
0.210200	125.00
0.210220	125.00
0.210240	125.00
0.210260	126.00
0.210280	126.00
0.210300	125.00
0.210320	125.00
0.210340	125.00
0.210360	126.00
0.210380	126.00
0.210400	125.00
0.210420	125.00
0.210440	125.00
0.210460	125.00
0.210480	126.00
0.210500	126.00
0.210520	125.00
0.210540	125.00
0.210560	126.00
0.210580	126.00
0.210600	125.00
0.210620	125.00
0.210640	125.00
0.210660	126.00
0.210680	126.00
0.210700	126.00
0.210720	125.00
0.210740	125.00
0.210760	125.00
0.210780	126.00
0.210800	126.00
0.210820	125.00
0.210840	125.00
0.210860	126.00
0.210880	126.00
0.210900	126.00
0.210920	125.00
0.210940	125.00
0.210960	125.00
0.210980	125.00
0.211000	125.00
0.211020	125.00
0.211040	125.00
0.211060	126.00
0.211080	126.00
0.211100	125.00
0.211120	125.00
0.211140	125.00
0.211160	126.00
0.211180	126.00
0.211200	126.00
0.211220	125.00
0.211240	125.00
0.211260	125.00
0.211280	125.00
0.211300	125.00
0.211320	125.00
0.211340	124.00
0.211360	125.00
0.211380	125.00
0.211400	125.00
0.211420	125.00
0.211440	125.00
0.211460	126.00
0.211480	126.00
0.211500	126.00
0.211520	125.00
0.211540	125.00
0.211560	126.00
0.211580	126.00
0.211600	126.00
0.211620	125.00
0.211640	125.00
0.211660	126.00
0.211680	126.00
0.211700	125.00
0.211720	125.00
0.211740	124.00
0.211760	125.00
0.211780	125.00
0.211800	125.00
0.211820	124.00
0.211840	124.00
0.211860	125.00
0.211880	125.00
0.211900	125.00
0.211920	125.00
0.211940	125.00
0.211960	125.00
0.211980	125.00
0.212000	125.00
0.212020	125.00
0.212040	125.00
0.212060	126.00
0.212080	126.00
0.212100	126.00
0.212120	126.00
0.212140	126.00
0.212160	126.00
0.212180	126.00
0.212200	125.00
0.212220	125.00
0.212240	125.00
0.212260	125.00
0.212280	125.00
0.212300	126.00
0.212320	126.00
0.212340	126.00
0.212360	125.00
0.212380	125.00
0.212400	125.00
0.212420	125.00
0.212440	125.00
0.212460	126.00
0.212480	126.00
0.212500	125.00
0.212520	125.00
0.212540	125.00
0.212560	126.00
0.212580	126.00
0.212600	125.00
0.212620	125.00
0.212640	125.00
0.212660	125.00
0.212680	125.00
0.212700	125.00
0.212720	125.00
0.212740	125.00
0.212760	126.00
0.212780	126.00
0.212800	126.00
0.212820	125.00
0.212840	125.00
0.212860	126.00
0.212880	126.00
0.212900	126.00
0.212920	126.00
0.212940	125.00
0.212960	125.00
0.212980	125.00
0.213000	125.00
0.213020	124.00
0.213040	124.00
0.213060	125.00
0.213080	126.00
0.213100	126.00
0.213120	126.00
0.213140	125.00
0.213160	125.00
0.213180	126.00
0.213200	126.00
0.213220	125.00
0.213240	125.00
0.213260	126.00
0.213280	126.00
0.213300	126.00
0.213320	125.00
0.213340	125.00
0.213360	126.00
0.213380	126.00
0.213400	126.00
0.213420	125.00
0.213440	125.00
0.213460	126.00
0.213480	126.00
0.213500	126.00
0.213520	125.00
0.213540	125.00
0.213560	126.00
0.213580	126.00
0.213600	126.00
0.213620	125.00
0.213640	125.00
0.213660	125.00
0.213680	126.00
0.213700	126.00
0.213720	125.00
0.213740	125.00
0.213760	125.00
0.213780	125.00
0.213800	126.00
0.213820	126.00
0.213840	127.00
0.213860	127.00
0.213880	126.00
0.213900	125.00
0.213920	125.00
0.213940	124.00
0.213960	125.00
0.213980	125.00
0.214000	125.00
0.214020	125.00
0.214040	126.00
0.214060	126.00
0.214080	126.00
0.214100	125.00
0.214120	125.00
0.214140	124.00
0.214160	125.00
0.214180	125.00
0.214200	125.00
0.214220	126.00
0.214240	126.00
0.214260	126.00
0.214280	126.00
0.214300	126.00
0.214320	126.00
0.214340	126.00
0.214360	126.00
0.214380	126.00
0.214400	125.00
0.214420	124.00
0.214440	124.00
0.214460	125.00
0.214480	125.00
0.214500	125.00
0.214520	125.00
0.214540	125.00
0.214560	125.00
0.214580	126.00
0.214600	127.00
0.214620	128.00
0.214640	130.00
0.214660	132.00
0.214680	131.00
0.214700	125.00
0.214720	116.00
0.214740	109.00
0.214760	108.00
0.214780	117.00
0.214800	132.00
0.214820	148.00
0.214840	159.00
0.214860	159.00
0.214880	146.00
0.214900	121.00
0.214920	90.00
0.214940	67.00
0.214960	60.00
0.214980	76.00
0.215000	111.00
0.215020	152.00
0.215040	185.00
0.215060	201.00
0.215080	193.00
0.215100	164.00
0.215120	121.00
0.215140	77.00
0.215160	48.00
0.215180	44.00
0.215200	68.00
0.215220	111.00
0.215240	158.00
0.215260	193.00
0.215280	205.00
0.215300	194.00
0.215320	164.00
0.215340	126.00
0.215360	89.00
0.215380	62.00
0.215400	52.00
0.215420	57.00
0.215440	76.00
0.215460	104.00
0.215480	134.00
0.215500	162.00
0.215520	183.00
0.215540	193.00
0.215560	190.00
0.215580	173.00
0.215600	147.00
0.215620	116.00
0.215640	88.00
0.215660	67.00
0.215680	58.00
0.215700	62.00
0.215720	79.00
0.215740	104.00
0.215760	133.00
0.215780	158.00
0.215800	175.00
0.215820	182.00
0.215840	178.00
0.215860	164.00
0.215880	143.00
0.215900	119.00
0.215920	98.00
0.215940	83.00
0.215960	79.00
0.215980	83.00
0.216000	95.00
0.216020	112.00
0.216040	131.00
0.216060	147.00
0.216080	158.00
0.216100	162.00
0.216120	159.00
0.216140	149.00
0.216160	137.00
0.216180	122.00
0.216200	109.00
0.216220	100.00
0.216240	97.00
0.216260	99.00
0.216280	106.00
0.216300	117.00
0.216320	128.00
0.216340	137.00
0.216360	144.00
0.216380	147.00
0.216400	145.00
0.216420	140.00
0.216440	133.00
0.216460	125.00
0.216480	117.00
0.216500	111.00
0.216520	109.00
0.216540	110.00
0.216560	114.00
0.216580	120.00
0.216600	126.00
0.216620	131.00
0.216640	136.00
0.216660	138.00
0.216680	137.00
0.216700	135.00
0.216720	130.00
0.216740	126.00
0.216760	122.00
0.216780	119.00
0.216800	117.00
0.216820	117.00
0.216840	119.00
0.216860	122.00
0.216880	125.00
0.216900	128.00
0.216920	131.00
0.216940	132.00
0.216960	132.00
0.216980	130.00
0.217000	128.00
0.217020	125.00
0.217040	123.00
0.217060	122.00
0.217080	121.00
0.217100	121.00
0.217120	121.00
0.217140	123.00
0.217160	125.00
0.217180	127.00
0.217200	128.00
0.217220	129.00
0.217240	129.00
0.217260	128.00
0.217280	127.00
0.217300	125.00
0.217320	124.00
0.217340	123.00
0.217360	123.00
0.217380	123.00
0.217400	124.00
0.217420	124.00
0.217440	125.00
0.217460	126.00
0.217480	127.00
0.217500	127.00
0.217520	127.00
0.217540	127.00
0.217560	127.00
0.217580	126.00
0.217600	125.00
0.217620	124.00
0.217640	124.00
0.217660	123.00
0.217680	123.00
0.217700	123.00
0.217720	124.00
0.217740	125.00
0.217760	126.00
0.217780	126.00
0.217800	126.00
0.217820	126.00
0.217840	126.00
0.217860	126.00
0.217880	126.00
0.217900	125.00
0.217920	125.00
0.217940	124.00
0.217960	124.00
0.217980	124.00
0.218000	125.00
0.218020	125.00
0.218040	126.00
0.218060	126.00
0.218080	126.00
0.218100	126.00
0.218120	126.00
0.218140	126.00
0.218160	126.00
0.218180	126.00
0.218200	126.00
0.218220	126.00
0.218240	126.00
0.218260	126.00
0.218280	126.00
0.218300	126.00
0.218320	126.00
0.218340	126.00
0.218360	126.00
0.218380	125.00
0.218400	125.00
0.218420	125.00
0.218440	125.00
0.218460	125.00
0.218480	125.00
0.218500	125.00
0.218520	125.00
0.218540	125.00
0.218560	125.00
0.218580	125.00
0.218600	125.00
0.218620	125.00
0.218640	126.00
0.218660	126.00
0.218680	126.00
0.218700	126.00
0.218720	125.00
0.218740	125.00
0.218760	125.00
0.218780	125.00
0.218800	125.00
0.218820	124.00
0.218840	125.00
0.218860	125.00
0.218880	125.00
0.218900	126.00
0.218920	126.00
0.218940	126.00
0.218960	126.00
0.218980	126.00
0.219000	126.00
0.219020	126.00
0.219040	126.00
0.219060	125.00
0.219080	125.00
0.219100	125.00
0.219120	125.00
0.219140	125.00
0.219160	125.00
0.219180	125.00
0.219200	126.00
0.219220	126.00
0.219240	126.00
0.219260	126.00
0.219280	126.00
0.219300	126.00
0.219320	126.00
0.219340	126.00
0.219360	126.00
0.219380	126.00
0.219400	126.00
0.219420	126.00
0.219440	126.00
0.219460	126.00
0.219480	126.00
0.219500	126.00
0.219520	126.00
0.219540	126.00
0.219560	125.00
0.219580	125.00
0.219600	125.00
0.219620	126.00
0.219640	126.00
0.219660	125.00
0.219680	125.00
0.219700	125.00
0.219720	126.00
0.219740	126.00
0.219760	125.00
0.219780	125.00
0.219800	124.00
0.219820	125.00
0.219840	126.00
0.219860	126.00
0.219880	125.00
0.219900	125.00
0.219920	125.00
0.219940	125.00
0.219960	126.00
0.219980	126.00
0.220000	126.00
0.220020	125.00
0.220040	126.00
0.220060	126.00
0.220080	126.00
0.220100	126.00
0.220120	126.00
0.220140	126.00
0.220160	126.00
0.220180	126.00
0.220200	125.00
0.220220	124.00
0.220240	125.00
0.220260	125.00
0.220280	125.00
0.220300	125.00
0.220320	125.00
0.220340	125.00
0.220360	125.00
0.220380	125.00
0.220400	126.00
0.220420	126.00
0.220440	126.00
0.220460	125.00
0.220480	125.00
0.220500	125.00
0.220520	126.00
0.220540	126.00
0.220560	125.00
0.220580	125.00
0.220600	125.00
0.220620	125.00
0.220640	125.00
0.220660	125.00
0.220680	125.00
0.220700	125.00
0.220720	125.00
0.220740	125.00
0.220760	126.00
0.220780	126.00
0.220800	126.00
0.220820	126.00
0.220840	126.00
0.220860	126.00
0.220880	126.00
0.220900	125.00
0.220920	125.00
0.220940	125.00
0.220960	126.00
0.220980	126.00
0.221000	126.00
0.221020	126.00
0.221040	126.00
0.221060	126.00
0.221080	126.00
0.221100	126.00
0.221120	126.00
0.221140	126.00
0.221160	126.00
0.221180	125.00
0.221200	125.00
0.221220	125.00
0.221240	125.00
0.221260	125.00
0.221280	125.00
0.221300	125.00
0.221320	125.00
0.221340	125.00
0.221360	125.00
0.221380	126.00
0.221400	126.00
0.221420	126.00
0.221440	126.00
0.221460	125.00
0.221480	125.00
0.221500	125.00
0.221520	124.00
0.221540	125.00
0.221560	126.00
0.221580	126.00
0.221600	126.00
0.221620	126.00
0.221640	126.00
0.221660	126.00
0.221680	126.00
0.221700	125.00
0.221720	125.00
0.221740	125.00
0.221760	125.00
0.221780	125.00
0.221800	125.00
0.221820	126.00
0.221840	126.00
0.221860	126.00
0.221880	126.00
0.221900	125.00
0.221920	125.00
0.221940	125.00
0.221960	126.00
0.221980	126.00
0.222000	125.00
0.222020	125.00
0.222040	125.00
0.222060	125.00
0.222080	125.00
0.222100	126.00
0.222120	126.00
0.222140	126.00
0.222160	126.00
0.222180	126.00
0.222200	126.00
0.222220	126.00
0.222240	126.00
0.222260	126.00
0.222280	126.00
0.222300	126.00
0.222320	126.00
0.222340	125.00
0.222360	125.00
0.222380	125.00
0.222400	125.00
0.222420	125.00
0.222440	125.00
0.222460	125.00
0.222480	125.00
0.222500	125.00
0.222520	125.00
0.222540	125.00
0.222560	125.00
0.222580	125.00
0.222600	125.00
0.222620	125.00
0.222640	125.00
0.222660	125.00
0.222680	125.00
0.222700	125.00
0.222720	125.00
0.222740	125.00
0.222760	126.00
0.222780	126.00
0.222800	126.00
0.222820	126.00
0.222840	125.00
0.222860	125.00
0.222880	125.00
0.222900	125.00
0.222920	125.00
0.222940	125.00
0.222960	125.00
0.222980	125.00
0.223000	125.00
0.223020	125.00
0.223040	125.00
0.223060	125.00
0.223080	125.00
0.223100	125.00
0.223120	125.00
0.223140	125.00
0.223160	126.00
0.223180	126.00
0.223200	126.00
0.223220	126.00
0.223240	126.00
0.223260	126.00
0.223280	126.00
0.223300	126.00
0.223320	125.00
0.223340	124.00
0.223360	125.00
0.223380	125.00
0.223400	126.00
0.223420	126.00
0.223440	126.00
0.223460	125.00
0.223480	125.00
0.223500	125.00
0.223520	125.00
0.223540	125.00
0.223560	125.00
0.223580	125.00
0.223600	126.00
0.223620	126.00
0.223640	126.00
0.223660	125.00
0.223680	125.00
0.223700	125.00
0.223720	126.00
0.223740	126.00
0.223760	126.00
0.223780	126.00
0.223800	126.00
0.223820	126.00
0.223840	126.00
0.223860	126.00
0.223880	126.00
0.223900	125.00
0.223920	125.00
0.223940	125.00
0.223960	125.00
0.223980	125.00
0.224000	125.00
0.224020	125.00
0.224040	125.00
0.224060	125.00
0.224080	125.00
0.224100	125.00
0.224120	125.00
0.224140	125.00
0.224160	125.00
0.224180	125.00
0.224200	125.00
0.224220	126.00
0.224240	126.00
0.224260	126.00
0.224280	126.00
0.224300	126.00
0.224320	126.00
0.224340	126.00
0.224360	126.00
0.224380	126.00
0.224400	126.00
0.224420	126.00
0.224440	126.00
0.224460	126.00
0.224480	126.00
0.224500	126.00
0.224520	125.00
0.224540	125.00
0.224560	125.00
0.224580	126.00
0.224600	126.00
0.224620	126.00
0.224640	126.00
0.224660	125.00
0.224680	125.00
0.224700	125.00
0.224720	126.00
0.224740	126.00
0.224760	126.00
0.224780	126.00
0.224800	126.00
0.224820	126.00
0.224840	126.00
0.224860	126.00
0.224880	126.00
0.224900	126.00
0.224920	126.00
0.224940	126.00
0.224960	126.00
0.224980	126.00
0.225000	126.00
0.225020	126.00
0.225040	125.00
0.225060	125.00
0.225080	125.00
0.225100	125.00
0.225120	126.00
0.225140	126.00
0.225160	126.00
0.225180	125.00
0.225200	124.00
0.225220	125.00
0.225240	125.00
0.225260	126.00
0.225280	126.00
0.225300	125.00
0.225320	125.00
0.225340	125.00
0.225360	126.00
0.225380	126.00
0.225400	126.00
0.225420	126.00
0.225440	126.00
0.225460	126.00
0.225480	126.00
0.225500	126.00
0.225520	126.00
0.225540	126.00
0.225560	126.00
0.225580	126.00
0.225600	125.00
0.225620	125.00
0.225640	125.00
0.225660	125.00
0.225680	125.00
0.225700	125.00
0.225720	125.00
0.225740	125.00
0.225760	126.00
0.225780	126.00
0.225800	126.00
0.225820	126.00
0.225840	126.00
0.225860	126.00
0.225880	126.00
0.225900	126.00
0.225920	125.00
0.225940	125.00
0.225960	125.00
0.225980	126.00
0.226000	126.00
0.226020	126.00
0.226040	126.00
0.226060	126.00
0.226080	126.00
0.226100	126.00
0.226120	126.00
0.226140	125.00
0.226160	125.00
0.226180	125.00
0.226200	125.00
0.226220	125.00
0.226240	125.00
0.226260	125.00
0.226280	125.00
0.226300	125.00
0.226320	126.00
0.226340	126.00
0.226360	126.00
0.226380	125.00
0.226400	125.00
0.226420	125.00
0.226440	125.00
0.226460	125.00
0.226480	125.00
0.226500	125.00
0.226520	125.00
0.226540	125.00
0.226560	125.00
0.226580	125.00
0.226600	125.00
0.226620	126.00
0.226640	126.00
0.226660	126.00
0.226680	126.00
0.226700	125.00
0.226720	125.00
0.226740	125.00
0.226760	125.00
0.226780	125.00
0.226800	125.00
0.226820	125.00
0.226840	126.00
0.226860	127.00
0.226880	127.00
0.226900	126.00
0.226920	126.00
0.226940	126.00
0.226960	125.00
0.226980	124.00
0.227000	124.00
0.227020	123.00
0.227040	124.00
0.227060	125.00
0.227080	127.00
0.227100	129.00
0.227120	129.00
0.227140	128.00
0.227160	125.00
0.227180	122.00
0.227200	119.00
0.227220	119.00
0.227240	122.00
0.227260	127.00
0.227280	133.00
0.227300	137.00
0.227320	136.00
0.227340	131.00
0.227360	123.00
0.227380	114.00
0.227400	108.00
0.227420	108.00
0.227440	114.00
0.227460	124.00
0.227480	136.00
0.227500	144.00
0.227520	145.00
0.227540	140.00
0.227560	130.00
0.227580	119.00
0.227600	110.00
0.227620	106.00
0.227640	108.00
0.227660	116.00
0.227680	127.00
0.227700	138.00
0.227720	145.00
0.227740	146.00
0.227760	141.00
0.227780	132.00
0.227800	122.00
0.227820	113.00
0.227840	108.00
0.227860	107.00
0.227880	110.00
0.227900	116.00
0.227920	124.00
0.227940	132.00
0.227960	138.00
0.227980	141.00
0.228000	141.00
0.228020	138.00
0.228040	133.00
0.228060	127.00
0.228080	120.00
0.228100	114.00
0.228120	110.00
0.228140	110.00
0.228160	113.00
0.228180	118.00
0.228200	124.00
0.228220	130.00
0.228240	135.00
0.228260	138.00
0.228280	138.00
0.228300	136.00
0.228320	132.00
0.228340	127.00
0.228360	122.00
0.228380	118.00
0.228400	115.00
0.228420	115.00
0.228440	117.00
0.228460	120.00
0.228480	124.00
0.228500	128.00
0.228520	131.00
0.228540	133.00
0.228560	133.00
0.228580	132.00
0.228600	129.00
0.228620	126.00
0.228640	123.00
0.228660	121.00
0.228680	120.00
0.228700	120.00
0.228720	120.00
0.228740	122.00
0.228760	124.00
0.228780	126.00
0.228800	128.00
0.228820	129.00
0.228840	130.00
0.228860	130.00
0.228880	129.00
0.228900	127.00
0.228920	125.00
0.228940	123.00
0.228960	122.00
0.228980	121.00
0.229000	122.00
0.229020	122.00
0.229040	123.00
0.229060	125.00
0.229080	126.00
0.229100	127.00
0.229120	128.00
0.229140	127.00
0.229160	127.00
0.229180	126.00
0.229200	125.00
0.229220	125.00
0.229240	124.00
0.229260	124.00
0.229280	124.00
0.229300	124.00
0.229320	124.00
0.229340	125.00
0.229360	125.00
0.229380	126.00
0.229400	127.00
0.229420	127.00
0.229440	126.00
0.229460	126.00
0.229480	126.00
0.229500	126.00
0.229520	126.00
0.229540	126.00
0.229560	125.00
0.229580	125.00
0.229600	124.00
0.229620	125.00
0.229640	126.00
0.229660	126.00
0.229680	126.00
0.229700	126.00
0.229720	126.00
0.229740	126.00
0.229760	126.00
0.229780	125.00
0.229800	125.00
0.229820	125.00
0.229840	125.00
0.229860	125.00
0.229880	125.00
0.229900	125.00
0.229920	125.00
0.229940	125.00
0.229960	125.00
0.229980	126.00
0.230000	126.00
0.230020	126.00
0.230040	126.00
0.230060	125.00
0.230080	125.00
0.230100	125.00
0.230120	125.00
0.230140	125.00
0.230160	126.00
0.230180	126.00
0.230200	126.00
0.230220	125.00
0.230240	125.00
0.230260	125.00
0.230280	125.00
0.230300	125.00
0.230320	125.00
0.230340	125.00
0.230360	125.00
0.230380	125.00
0.230400	125.00
0.230420	125.00
0.230440	125.00
0.230460	126.00
0.230480	126.00
0.230500	126.00
0.230520	126.00
0.230540	126.00
0.230560	126.00
0.230580	126.00
0.230600	126.00
0.230620	126.00
0.230640	126.00
0.230660	126.00
0.230680	126.00
0.230700	126.00
0.230720	126.00
0.230740	125.00
0.230760	125.00
0.230780	125.00
0.230800	125.00
0.230820	125.00
0.230840	125.00
0.230860	125.00
0.230880	126.00
0.230900	126.00
0.230920	126.00
0.230940	125.00
0.230960	125.00
0.230980	125.00
0.231000	125.00
0.231020	125.00
0.231040	125.00
0.231060	125.00
0.231080	125.00
0.231100	125.00
0.231120	125.00
0.231140	126.00
0.231160	126.00
0.231180	126.00
0.231200	126.00
0.231220	125.00
0.231240	125.00
0.231260	125.00
0.231280	125.00
0.231300	125.00
0.231320	126.00
0.231340	126.00
0.231360	126.00
0.231380	126.00
0.231400	126.00
0.231420	126.00
0.231440	126.00
0.231460	126.00
0.231480	126.00
0.231500	126.00
0.231520	126.00
0.231540	126.00
0.231560	125.00
0.231580	125.00
0.231600	125.00
0.231620	126.00
0.231640	126.00
0.231660	126.00
0.231680	126.00
0.231700	126.00
0.231720	126.00
0.231740	126.00
0.231760	126.00
0.231780	125.00
0.231800	125.00
0.231820	125.00
0.231840	125.00
0.231860	125.00
0.231880	125.00
0.231900	125.00
0.231920	125.00
0.231940	125.00
0.231960	126.00
0.231980	126.00
0.232000	126.00
0.232020	126.00
0.232040	126.00
0.232060	126.00
0.232080	126.00
0.232100	126.00
0.232120	126.00
0.232140	126.00
0.232160	126.00
0.232180	126.00
0.232200	126.00
0.232220	125.00
0.232240	125.00
0.232260	125.00
0.232280	125.00
0.232300	125.00
0.232320	125.00
0.232340	125.00
0.232360	125.00
0.232380	125.00
0.232400	126.00
0.232420	126.00
0.232440	126.00
0.232460	126.00
0.232480	126.00
0.232500	126.00
0.232520	126.00
0.232540	126.00
0.232560	125.00
0.232580	125.00
0.232600	125.00
0.232620	126.00
0.232640	126.00
0.232660	126.00
0.232680	126.00
0.232700	126.00
0.232720	126.00
0.232740	125.00
0.232760	125.00
0.232780	125.00
0.232800	125.00
0.232820	125.00
0.232840	125.00
0.232860	126.00
0.232880	126.00
0.232900	126.00
0.232920	126.00
0.232940	126.00
0.232960	126.00
0.232980	126.00
0.233000	126.00
0.233020	126.00
0.233040	125.00
0.233060	125.00
0.233080	125.00
0.233100	125.00
0.233120	126.00
0.233140	126.00
0.233160	125.00
0.233180	125.00
0.233200	125.00
0.233220	126.00
0.233240	126.00
0.233260	125.00
0.233280	125.00
0.233300	125.00
0.233320	126.00
0.233340	126.00
0.233360	126.00
0.233380	125.00
0.233400	124.00
0.233420	125.00
0.233440	125.00
0.233460	125.00
0.233480	125.00
0.233500	125.00
0.233520	125.00
0.233540	125.00
0.233560	125.00
0.233580	126.00
0.233600	126.00
0.233620	126.00
0.233640	126.00
0.233660	125.00
0.233680	125.00
0.233700	125.00
0.233720	125.00
0.233740	125.00
0.233760	126.00
0.233780	126.00
0.233800	126.00
0.233820	126.00
0.233840	126.00
0.233860	125.00
0.233880	125.00
0.233900	125.00
0.233920	124.00
0.233940	125.00
0.233960	126.00
0.233980	126.00
0.234000	127.00
0.234020	127.00
0.234040	126.00
0.234060	125.00
0.234080	125.00
0.234100	124.00
0.234120	124.00
0.234140	124.00
0.234160	124.00
0.234180	125.00
0.234200	125.00
0.234220	125.00
0.234240	126.00
0.234260	126.00
0.234280	126.00
0.234300	125.00
0.234320	125.00
0.234340	124.00
0.234360	125.00
0.234380	125.00
0.234400	125.00
0.234420	125.00
0.234440	125.00
0.234460	125.00
0.234480	125.00
0.234500	126.00
0.234520	126.00
0.234540	126.00
0.234560	125.00
0.234580	125.00
0.234600	125.00
0.234620	125.00
0.234640	125.00
0.234660	125.00
0.234680	125.00
0.234700	125.00
0.234720	125.00
0.234740	125.00
0.234760	126.00
0.234780	126.00
0.234800	126.00
0.234820	126.00
0.234840	126.00
0.234860	126.00
0.234880	126.00
0.234900	126.00
0.234920	126.00
0.234940	125.00
0.234960	125.00
0.234980	125.00
0.235000	125.00
0.235020	125.00
0.235040	126.00
0.235060	126.00
0.235080	126.00
0.235100	126.00
0.235120	126.00
0.235140	126.00
0.235160	126.00
0.235180	126.00
0.235200	125.00
0.235220	125.00
0.235240	125.00
0.235260	124.00
0.235280	125.00
0.235300	125.00
0.235320	125.00
0.235340	125.00
0.235360	125.00
0.235380	125.00
0.235400	125.00
0.235420	125.00
0.235440	125.00
0.235460	126.00
0.235480	126.00
0.235500	126.00
0.235520	126.00
0.235540	126.00
0.235560	126.00
0.235580	125.00
0.235600	125.00
0.235620	125.00
0.235640	126.00
0.235660	126.00
0.235680	126.00
0.235700	126.00
0.235720	125.00
0.235740	126.00
0.235760	126.00
0.235780	126.00
0.235800	125.00
0.235820	125.00
0.235840	125.00
0.235860	125.00
0.235880	125.00
0.235900	125.00
0.235920	125.00
0.235940	125.00
0.235960	125.00
0.235980	125.00
0.236000	125.00
0.236020	125.00
0.236040	125.00
0.236060	125.00
0.236080	125.00
0.236100	125.00
0.236120	125.00
0.236140	125.00
0.236160	125.00
0.236180	126.00
0.236200	126.00
0.236220	126.00
0.236240	126.00
0.236260	126.00
0.236280	126.00
0.236300	126.00
0.236320	126.00
0.236340	126.00
0.236360	126.00
0.236380	126.00
0.236400	126.00
0.236420	125.00
0.236440	125.00
0.236460	125.00
0.236480	125.00
0.236500	125.00
0.236520	125.00
0.236540	125.00
0.236560	125.00
0.236580	126.00
0.236600	125.00
0.236620	125.00
0.236640	125.00
0.236660	124.00
0.236680	125.00
0.236700	125.00
0.236720	125.00
0.236740	125.00
0.236760	125.00
0.236780	125.00
0.236800	125.00
0.236820	125.00
0.236840	125.00
0.236860	126.00
0.236880	126.00
0.236900	126.00
0.236920	126.00
0.236940	125.00
0.236960	125.00
0.236980	125.00
0.237000	125.00
0.237020	125.00
0.237040	125.00
0.237060	125.00
0.237080	126.00
0.237100	126.00
0.237120	125.00
0.237140	125.00
0.237160	125.00
0.237180	126.00
0.237200	126.00
0.237220	126.00
0.237240	126.00
0.237260	126.00
0.237280	126.00
0.237300	126.00
0.237320	125.00
0.237340	125.00
0.237360	125.00
0.237380	125.00
0.237400	125.00
0.237420	126.00
0.237440	126.00
0.237460	126.00
0.237480	126.00
0.237500	126.00
0.237520	125.00
0.237540	125.00
0.237560	125.00
0.237580	125.00
0.237600	125.00
0.237620	126.00
0.237640	126.00
0.237660	125.00
0.237680	125.00
0.237700	125.00
0.237720	125.00
0.237740	125.00
0.237760	125.00
0.237780	126.00
0.237800	126.00
0.237820	126.00
0.237840	126.00
0.237860	126.00
0.237880	126.00
0.237900	126.00
0.237920	126.00
0.237940	126.00
0.237960	125.00
0.237980	125.00
0.238000	125.00
0.238020	126.00
0.238040	126.00
0.238060	126.00
0.238080	126.00
0.238100	126.00
0.238120	126.00
0.238140	126.00
0.238160	126.00
0.238180	125.00
0.238200	125.00
0.238220	125.00
0.238240	125.00
0.238260	125.00
0.238280	125.00
0.238300	125.00
0.238320	125.00
0.238340	126.00
0.238360	126.00
0.238380	126.00
0.238400	126.00
0.238420	126.00
0.238440	126.00
0.238460	125.00
0.238480	125.00
0.238500	125.00
0.238520	125.00
0.238540	125.00
0.238560	125.00
0.238580	125.00
0.238600	125.00
0.238620	126.00
0.238640	126.00
0.238660	126.00
0.238680	126.00
0.238700	125.00
0.238720	125.00
0.238740	125.00
0.238760	125.00
0.238780	125.00
0.238800	125.00
0.238820	125.00
0.238840	125.00
0.238860	126.00
0.238880	126.00
0.238900	126.00
0.238920	126.00
0.238940	126.00
0.238960	126.00
0.238980	125.00
0.239000	125.00
0.239020	125.00
0.239040	125.00
0.239060	125.00
0.239080	125.00
0.239100	125.00
0.239120	125.00
0.239140	126.00
0.239160	126.00
0.239180	126.00
0.239200	126.00
0.239220	126.00
0.239240	126.00
0.239260	126.00
0.239280	126.00
0.239300	125.00
0.239320	125.00
0.239340	125.00
0.239360	125.00
0.239380	125.00
0.239400	125.00
0.239420	126.00
0.239440	126.00
0.239460	126.00
0.239480	126.00
0.239500	125.00
0.239520	124.00
0.239540	124.00
0.239560	124.00
0.239580	125.00
0.239600	125.00
0.239620	126.00
0.239640	127.00
0.239660	127.00
0.239680	127.00
0.239700	125.00
0.239720	124.00
0.239740	123.00
0.239760	123.00
0.239780	124.00
0.239800	125.00
0.239820	127.00
0.239840	128.00
0.239860	129.00
0.239880	128.00
0.239900	126.00
0.239920	124.00
0.239940	122.00
0.239960	122.00
0.239980	122.00
0.240000	124.00
0.240020	127.00
0.240040	129.00
0.240060	130.00
0.240080	130.00
0.240100	128.00
0.240120	126.00
0.240140	123.00
0.240160	122.00
0.240180	121.00
0.240200	121.00
0.240220	122.00
0.240240	124.00
0.240260	126.00
0.240280	127.00
0.240300	129.00
0.240320	130.00
0.240340	130.00
0.240360	129.00
0.240380	128.00
0.240400	126.00
0.240420	123.00
0.240440	121.00
0.240460	120.00
0.240480	120.00
0.240500	121.00
0.240520	123.00
0.240540	126.00
0.240560	129.00
0.240580	130.00
0.240600	131.00
0.240620	130.00
0.240640	128.00
0.240660	126.00
0.240680	123.00
0.240700	122.00
0.240720	121.00
0.240740	121.00
0.240760	122.00
0.240780	124.00
0.240800	126.00
0.240820	127.00
0.240840	128.00
0.240860	128.00
0.240880	128.00
0.240900	127.00
0.240920	126.00
0.240940	125.00
0.240960	123.00
0.240980	123.00
0.241000	123.00
0.241020	123.00
0.241040	125.00
0.241060	126.00
0.241080	126.00
0.241100	126.00
0.241120	126.00
0.241140	126.00
0.241160	126.00
0.241180	126.00
0.241200	125.00
0.241220	125.00
0.241240	125.00
0.241260	125.00
0.241280	125.00
0.241300	126.00
0.241320	126.00
0.241340	126.00
0.241360	126.00
0.241380	126.00
0.241400	126.00
0.241420	126.00
0.241440	126.00
0.241460	125.00
0.241480	125.00
0.241500	125.00
0.241520	124.00
0.241540	125.00
0.241560	125.00
0.241580	125.00
0.241600	125.00
0.241620	126.00
0.241640	126.00
0.241660	126.00
0.241680	126.00
0.241700	126.00
0.241720	125.00
0.241740	125.00
0.241760	125.00
0.241780	125.00
0.241800	125.00
0.241820	125.00
0.241840	125.00
0.241860	126.00
0.241880	126.00
0.241900	126.00
0.241920	126.00
0.241940	126.00
0.241960	126.00
0.241980	125.00
0.242000	125.00
0.242020	125.00
0.242040	125.00
0.242060	125.00
0.242080	125.00
0.242100	126.00
0.242120	126.00
0.242140	126.00
0.242160	126.00
0.242180	126.00
0.242200	126.00
0.242220	126.00
0.242240	126.00
0.242260	126.00
0.242280	126.00
0.242300	126.00
0.242320	125.00
0.242340	125.00
0.242360	125.00
0.242380	125.00
0.242400	125.00
0.242420	126.00
0.242440	125.00
0.242460	125.00
0.242480	125.00
0.242500	125.00
0.242520	126.00
0.242540	126.00
0.242560	126.00
0.242580	126.00
0.242600	125.00
0.242620	125.00
0.242640	125.00
0.242660	125.00
0.242680	125.00
0.242700	125.00
0.242720	126.00
0.242740	126.00
0.242760	126.00
0.242780	126.00
0.242800	126.00
0.242820	126.00
0.242840	126.00
0.242860	126.00
0.242880	126.00
0.242900	125.00
0.242920	125.00
0.242940	125.00
0.242960	126.00
0.242980	126.00
0.243000	125.00
0.243020	125.00
0.243040	125.00
0.243060	125.00
0.243080	126.00
0.243100	126.00
0.243120	126.00
0.243140	126.00
0.243160	125.00
0.243180	125.00
0.243200	125.00
0.243220	125.00
0.243240	125.00
0.243260	125.00
0.243280	125.00
0.243300	125.00
0.243320	125.00
0.243340	125.00
0.243360	125.00
0.243380	126.00
0.243400	126.00
0.243420	126.00
0.243440	126.00
0.243460	126.00
0.243480	125.00
0.243500	125.00
0.243520	125.00
0.243540	125.00
0.243560	125.00
0.243580	125.00
0.243600	126.00
0.243620	126.00
0.243640	126.00
0.243660	126.00
0.243680	126.00
0.243700	126.00
0.243720	126.00
0.243740	126.00
0.243760	125.00
0.243780	125.00
0.243800	125.00
0.243820	125.00
0.243840	125.00
0.243860	125.00
0.243880	125.00
0.243900	125.00
0.243920	125.00
0.243940	125.00
0.243960	125.00
0.243980	126.00
0.244000	126.00
0.244020	126.00
0.244040	126.00
0.244060	126.00
0.244080	126.00
0.244100	126.00
0.244120	126.00
0.244140	126.00
0.244160	126.00
0.244180	126.00
0.244200	126.00
0.244220	126.00
0.244240	126.00
0.244260	125.00
0.244280	125.00
0.244300	125.00
0.244320	126.00
0.244340	126.00
0.244360	125.00
0.244380	125.00
0.244400	125.00
0.244420	125.00
0.244440	126.00
0.244460	126.00
0.244480	126.00
0.244500	126.00
0.244520	126.00
0.244540	126.00
0.244560	126.00
0.244580	126.00
0.244600	125.00
0.244620	125.00
0.244640	125.00
0.244660	125.00
0.244680	126.00
0.244700	126.00
0.244720	125.00
0.244740	125.00
0.244760	125.00
0.244780	125.00
0.244800	125.00
0.244820	125.00
0.244840	125.00
0.244860	125.00
0.244880	126.00
0.244900	126.00
0.244920	126.00
0.244940	126.00
0.244960	126.00
0.244980	126.00
0.245000	126.00
0.245020	126.00
0.245040	126.00
0.245060	126.00
0.245080	126.00
0.245100	125.00
0.245120	125.00
0.245140	125.00
0.245160	125.00
0.245180	125.00
0.245200	125.00
0.245220	125.00
0.245240	125.00
0.245260	125.00
0.245280	125.00
0.245300	125.00
0.245320	125.00
0.245340	125.00
0.245360	125.00
0.245380	125.00
0.245400	125.00
0.245420	126.00
0.245440	126.00
0.245460	126.00
0.245480	125.00
0.245500	125.00
0.245520	125.00
0.245540	125.00
0.245560	126.00
0.245580	126.00
0.245600	125.00
0.245620	125.00
0.245640	125.00
0.245660	125.00
0.245680	126.00
0.245700	126.00
0.245720	126.00
0.245740	126.00
0.245760	126.00
0.245780	126.00
0.245800	126.00
0.245820	126.00
0.245840	126.00
0.245860	125.00
0.245880	125.00
0.245900	125.00
0.245920	125.00
0.245940	125.00
0.245960	125.00
0.245980	125.00
0.246000	125.00
0.246020	125.00
0.246040	125.00
0.246060	125.00
0.246080	125.00
0.246100	125.00
0.246120	126.00
0.246140	126.00
0.246160	126.00
0.246180	126.00
0.246200	126.00
0.246220	126.00
0.246240	126.00
0.246260	126.00
0.246280	126.00
