0.545500	101.00
0.545520	49.00
0.545540	102.00
0.545560	141.00
0.545580	144.00
0.545600	126.00
0.545620	113.00
0.545640	119.00
0.545660	131.00
0.545680	133.00
0.545700	125.00
0.545720	118.00
0.545740	121.00
0.545760	129.00
0.545780	131.00
0.545800	126.00
0.545820	121.00
0.545840	123.00
0.545860	128.00
0.545880	130.00
0.545900	125.00
0.545920	121.00
0.545940	123.00
0.545960	127.00
0.545980	128.00
0.546000	125.00
0.546020	122.00
0.546040	123.00
0.546060	127.00
0.546080	128.00
0.546100	126.00
0.546120	123.00
0.546140	124.00
0.546160	127.00
0.546180	128.00
0.546200	126.00
0.546220	124.00
0.546240	124.00
0.546260	127.00
0.546280	127.00
0.546300	125.00
0.546320	123.00
0.546340	124.00
0.546360	126.00
0.546380	126.00
0.546400	124.00
0.546420	123.00
0.546440	124.00
0.546460	126.00
0.546480	127.00
0.546500	126.00
0.546520	125.00
0.546540	125.00
0.546560	126.00
0.546580	127.00
0.546600	125.00
0.546620	123.00
0.546640	124.00
0.546660	126.00
0.546680	126.00
0.546700	125.00
0.546720	124.00
0.546740	124.00
0.546760	126.00
0.546780	126.00
0.546800	125.00
0.546820	124.00
0.546840	124.00
0.546860	125.00
0.546880	125.00
0.546900	124.00
0.546920	123.00
0.546940	124.00
0.546960	126.00
0.546980	127.00
0.547000	126.00
0.547020	125.00
0.547040	125.00
0.547060	126.00
0.547080	127.00
0.547100	126.00
0.547120	125.00
0.547140	125.00
0.547160	126.00
0.547180	126.00
0.547200	125.00
0.547220	124.00
0.547240	124.00
0.547260	125.00
0.547280	125.00
0.547300	124.00
0.547320	124.00
0.547340	124.00
0.547360	126.00
0.547380	126.00
0.547400	125.00
0.547420	124.00
0.547440	124.00
0.547460	125.00
0.547480	126.00
0.547500	125.00
0.547520	124.00
0.547540	125.00
0.547560	126.00
0.547580	126.00
0.547600	125.00
0.547620	124.00
0.547640	124.00
0.547660	125.00
0.547680	126.00
0.547700	125.00
0.547720	124.00
0.547740	125.00
0.547760	126.00
0.547780	127.00
0.547800	126.00
0.547820	125.00
0.547840	125.00
0.547860	125.00
0.547880	125.00
0.547900	125.00
0.547920	125.00
0.547940	125.00
0.547960	126.00
0.547980	126.00
0.548000	125.00
0.548020	124.00
0.548040	124.00
0.548060	125.00
0.548080	126.00
0.548100	125.00
0.548120	124.00
0.548140	124.00
0.548160	125.00
0.548180	125.00
0.548200	125.00
0.548220	124.00
0.548240	124.00
0.548260	125.00
0.548280	125.00
0.548300	125.00
0.548320	125.00
0.548340	126.00
0.548360	126.00
0.548380	126.00
0.548400	125.00
0.548420	125.00
0.548440	125.00
0.548460	125.00
0.548480	126.00
0.548500	125.00
0.548520	124.00
0.548540	125.00
0.548560	126.00
0.548580	126.00
0.548600	126.00
0.548620	125.00
0.548640	125.00
0.548660	125.00
0.548680	125.00
0.548700	125.00
0.548720	124.00
0.548740	125.00
0.548760	125.00
0.548780	125.00
0.548800	125.00
0.548820	125.00
0.548840	126.00
0.548860	126.00
0.548880	126.00
0.548900	126.00
0.548920	125.00
0.548940	125.00
0.548960	125.00
0.548980	125.00
0.549000	125.00
0.549020	124.00
0.549040	125.00
0.549060	125.00
0.549080	126.00
0.549100	126.00
0.549120	125.00
0.549140	125.00
0.549160	125.00
0.549180	125.00
0.549200	125.00
0.549220	125.00
0.549240	125.00
0.549260	125.00
0.549280	125.00
0.549300	125.00
0.549320	125.00
0.549340	126.00
0.549360	126.00
0.549380	126.00
0.549400	126.00
0.549420	125.00
0.549440	125.00
0.549460	125.00
0.549480	125.00
0.549500	125.00
0.549520	124.00
0.549540	125.00
0.549560	125.00
0.549580	125.00
0.549600	125.00
0.549620	125.00
0.549640	125.00
0.549660	126.00
0.549680	126.00
0.549700	125.00
0.549720	124.00
0.549740	124.00
0.549760	125.00
0.549780	125.00
0.549800	124.00
0.549820	124.00
0.549840	124.00
0.549860	124.00
0.549880	125.00
0.549900	125.00
0.549920	125.00
0.549940	125.00
0.549960	125.00
0.549980	125.00
0.550000	125.00
0.550020	125.00
0.550040	125.00
0.550060	125.00
0.550080	125.00
0.550100	125.00
0.550120	125.00
0.550140	125.00
0.550160	126.00
0.550180	126.00
0.550200	126.00
0.550220	126.00
0.550240	125.00
0.550260	125.00
0.550280	125.00
0.550300	125.00
0.550320	125.00
0.550340	125.00
0.550360	126.00
0.550380	126.00
0.550400	126.00
0.550420	126.00
0.550440	126.00
0.550460	126.00
0.550480	126.00
0.550500	126.00
0.550520	125.00
0.550540	125.00
0.550560	125.00
0.550580	125.00
0.550600	125.00
0.550620	125.00
0.550640	125.00
0.550660	126.00
0.550680	126.00
0.550700	126.00
0.550720	126.00
0.550740	125.00
0.550760	125.00
0.550780	125.00
0.550800	125.00
0.550820	125.00
0.550840	125.00
0.550860	125.00
0.550880	125.00
0.550900	124.00
0.550920	124.00
0.550940	124.00
0.550960	125.00
0.550980	126.00
0.551000	125.00
0.551020	125.00
0.551040	125.00
0.551060	126.00
0.551080	126.00
0.551100	126.00
0.551120	125.00
0.551140	125.00
0.551160	125.00
0.551180	125.00
0.551200	126.00
0.551220	126.00
0.551240	126.00
0.551260	126.00
0.551280	126.00
0.551300	126.00
0.551320	125.00
0.551340	125.00
0.551360	125.00
0.551380	125.00
0.551400	125.00
0.551420	125.00
0.551440	125.00
0.551460	126.00
0.551480	126.00
0.551500	126.00
0.551520	126.00
0.551540	126.00
0.551560	126.00
0.551580	126.00
0.551600	125.00
0.551620	124.00
0.551640	124.00
0.551660	124.00
0.551680	125.00
0.551700	125.00
0.551720	126.00
0.551740	126.00
0.551760	126.00
0.551780	126.00
0.551800	125.00
0.551820	125.00
0.551840	125.00
0.551860	125.00
0.551880	125.00
0.551900	124.00
0.551920	124.00
0.551940	125.00
0.551960	126.00
0.551980	126.00
0.552000	125.00
0.552020	125.00
0.552040	125.00
0.552060	125.00
0.552080	124.00
0.552100	124.00
0.552120	124.00
0.552140	124.00
0.552160	125.00
0.552180	125.00
0.552200	125.00
0.552220	125.00
0.552240	125.00
0.552260	125.00
0.552280	125.00
0.552300	125.00
0.552320	125.00
0.552340	125.00
0.552360	126.00
0.552380	126.00
0.552400	126.00
0.552420	126.00
0.552440	125.00
0.552460	125.00
0.552480	125.00
0.552500	124.00
0.552520	124.00
0.552540	124.00
0.552560	125.00
0.552580	125.00
0.552600	125.00
0.552620	124.00
0.552640	125.00
0.552660	125.00
0.552680	126.00
0.552700	126.00
0.552720	126.00
0.552740	126.00
0.552760	126.00
0.552780	126.00
0.552800	125.00
0.552820	125.00
0.552840	124.00
0.552860	124.00
0.552880	124.00
0.552900	124.00
0.552920	125.00
0.552940	126.00
0.552960	126.00
0.552980	127.00
0.553000	127.00
0.553020	126.00
0.553040	126.00
0.553060	126.00
0.553080	125.00
0.553100	125.00
0.553120	124.00
0.553140	124.00
0.553160	124.00
0.553180	125.00
0.553200	126.00
0.553220	127.00
0.553240	128.00
0.553260	129.00
0.553280	130.00
0.553300	129.00
0.553320	126.00
0.553340	124.00
0.553360	122.00
0.553380	121.00
0.553400	121.00
0.553420	121.00
0.553440	124.00
0.553460	127.00
0.553480	130.00
0.553500	131.00
0.553520	130.00
0.553540	128.00
0.553560	125.00
0.553580	122.00
0.553600	119.00
0.553620	119.00
0.553640	119.00
0.553660	121.00
0.553680	124.00
0.553700	126.00
0.553720	128.00
0.553740	130.00
0.553760	130.00
0.553780	131.00
0.553800	130.00
0.553820	129.00
0.553840	128.00
0.553860	126.00
0.553880	123.00
0.553900	120.00
0.553920	117.00
0.553940	116.00
0.553960	117.00
0.553980	119.00
0.554000	123.00
0.554020	129.00
0.554040	137.00
0.554060	143.00
0.554080	146.00
0.554100	142.00
0.554120	132.00
0.554140	118.00
0.554160	104.00
0.554180	94.00
0.554200	92.00
0.554220	100.00
0.554240	117.00
0.554260	139.00
0.554280	158.00
0.554300	169.00
0.554320	168.00
0.554340	154.00
0.554360	132.00
0.554380	108.00
0.554400	88.00
0.554420	78.00
0.554440	82.00
0.554460	98.00
0.554480	122.00
0.554500	146.00
0.554520	163.00
0.554540	168.00
0.554560	160.00
0.554580	141.00
0.554600	118.00
0.554620	97.00
0.554640	85.00
0.554660	82.00
0.554680	91.00
0.554700	108.00
0.554720	130.00
0.554740	152.00
0.554760	170.00
0.554780	178.00
0.554800	173.00
0.554820	157.00
0.554840	133.00
0.554860	106.00
0.554880	83.00
0.554900	69.00
0.554920	67.00
0.554940	78.00
0.554960	99.00
0.554980	125.00
0.555000	150.00
0.555020	168.00
0.555040	178.00
0.555060	177.00
0.555080	166.00
0.555100	148.00
0.555120	125.00
0.555140	103.00
0.555160	87.00
0.555180	79.00
0.555200	80.00
0.555220	90.00
0.555240	107.00
0.555260	126.00
0.555280	143.00
0.555300	156.00
0.555320	162.00
0.555340	160.00
0.555360	151.00
0.555380	138.00
0.555400	124.00
0.555420	111.00
0.555440	102.00
0.555460	98.00
0.555480	100.00
0.555500	106.00
0.555520	115.00
0.555540	126.00
0.555560	136.00
0.555580	142.00
0.555600	145.00
0.555620	143.00
0.555640	138.00
0.555660	131.00
0.555680	124.00
0.555700	117.00
0.555720	112.00
0.555740	111.00
0.555760	112.00
0.555780	116.00
0.555800	121.00
0.555820	127.00
0.555840	131.00
0.555860	134.00
0.555880	135.00
0.555900	134.00
0.555920	132.00
0.555940	128.00
0.555960	124.00
0.555980	121.00
0.556000	118.00
0.556020	118.00
0.556040	118.00
0.556060	120.00
0.556080	123.00
0.556100	125.00
0.556120	128.00
0.556140	129.00
0.556160	130.00
0.556180	130.00
0.556200	128.00
0.556220	126.00
0.556240	125.00
0.556260	123.00
0.556280	123.00
0.556300	122.00
0.556320	122.00
0.556340	123.00
0.556360	124.00
0.556380	125.00
0.556400	126.00
0.556420	127.00
0.556440	127.00
0.556460	127.00
0.556480	127.00
0.556500	125.00
0.556520	124.00
0.556540	123.00
0.556560	123.00
0.556580	123.00
0.556600	124.00
0.556620	124.00
0.556640	124.00
0.556660	125.00
0.556680	126.00
0.556700	126.00
0.556720	126.00
0.556740	125.00
0.556760	125.00
0.556780	125.00
0.556800	124.00
0.556820	124.00
0.556840	124.00
0.556860	124.00
0.556880	125.00
0.556900	125.00
0.556920	125.00
0.556940	125.00
0.556960	125.00
0.556980	126.00
0.557000	126.00
0.557020	126.00
0.557040	126.00
0.557060	125.00
0.557080	125.00
0.557100	125.00
0.557120	125.00
0.557140	125.00
0.557160	125.00
0.557180	125.00
0.557200	125.00
0.557220	125.00
0.557240	126.00
0.557260	126.00
0.557280	126.00
0.557300	126.00
0.557320	125.00
0.557340	125.00
0.557360	125.00
0.557380	125.00
0.557400	125.00
0.557420	125.00
0.557440	125.00
0.557460	125.00
0.557480	126.00
0.557500	126.00
0.557520	126.00
0.557540	126.00
0.557560	126.00
0.557580	126.00
0.557600	125.00
0.557620	125.00
0.557640	125.00
0.557660	125.00
0.557680	125.00
0.557700	125.00
0.557720	125.00
0.557740	125.00
0.557760	125.00
0.557780	125.00
0.557800	125.00
0.557820	125.00
0.557840	125.00
0.557860	125.00
0.557880	125.00
0.557900	126.00
0.557920	126.00
0.557940	125.00
0.557960	125.00
0.557980	125.00
0.558000	125.00
0.558020	125.00
0.558040	125.00
0.558060	125.00
0.558080	125.00
0.558100	125.00
0.558120	125.00
0.558140	125.00
0.558160	125.00
0.558180	125.00
0.558200	125.00
0.558220	125.00
0.558240	125.00
0.558260	125.00
0.558280	125.00
0.558300	125.00
0.558320	125.00
0.558340	125.00
0.558360	125.00
0.558380	125.00
0.558400	125.00
0.558420	125.00
0.558440	125.00
0.558460	125.00
0.558480	125.00
0.558500	125.00
0.558520	125.00
0.558540	125.00
0.558560	125.00
0.558580	125.00
0.558600	125.00
0.558620	125.00
0.558640	125.00
0.558660	125.00
0.558680	125.00
0.558700	125.00
0.558720	125.00
0.558740	125.00
0.558760	125.00
0.558780	125.00
0.558800	125.00
0.558820	125.00
0.558840	125.00
0.558860	125.00
0.558880	125.00
0.558900	125.00
0.558920	125.00
0.558940	125.00
0.558960	126.00
0.558980	126.00
0.559000	126.00
0.559020	126.00
0.559040	126.00
0.559060	125.00
0.559080	126.00
0.559100	126.00
0.559120	126.00
0.559140	126.00
0.559160	126.00
0.559180	126.00
0.559200	126.00
0.559220	125.00
0.559240	125.00
0.559260	125.00
0.559280	125.00
0.559300	125.00
0.559320	125.00
0.559340	125.00
0.559360	125.00
0.559380	125.00
0.559400	125.00
0.559420	125.00
0.559440	125.00
0.559460	126.00
0.559480	126.00
0.559500	126.00
0.559520	126.00
0.559540	125.00
0.559560	125.00
0.559580	125.00
0.559600	125.00
0.559620	125.00
0.559640	125.00
0.559660	125.00
0.559680	125.00
0.559700	125.00
0.559720	125.00
0.559740	125.00
0.559760	125.00
0.559780	125.00
0.559800	125.00
0.559820	125.00
0.559840	125.00
0.559860	125.00
0.559880	125.00
0.559900	125.00
0.559920	125.00
0.559940	125.00
0.559960	125.00
0.559980	125.00
0.560000	125.00
0.560020	125.00
0.560040	125.00
0.560060	125.00
0.560080	126.00
0.560100	125.00
0.560120	125.00
0.560140	125.00
0.560160	125.00
0.560180	125.00
0.560200	125.00
0.560220	125.00
0.560240	125.00
0.560260	125.00
0.560280	125.00
0.560300	125.00
0.560320	125.00
0.560340	125.00
0.560360	125.00
0.560380	125.00
0.560400	125.00
0.560420	125.00
0.560440	125.00
0.560460	126.00
0.560480	126.00
0.560500	126.00
0.560520	126.00
0.560540	126.00
0.560560	125.00
0.560580	125.00
0.560600	125.00
0.560620	125.00
0.560640	125.00
0.560660	125.00
0.560680	126.00
0.560700	126.00
0.560720	125.00
0.560740	125.00
0.560760	125.00
0.560780	125.00
0.560800	125.00
0.560820	125.00
0.560840	126.00
0.560860	126.00
0.560880	126.00
0.560900	126.00
0.560920	126.00
0.560940	125.00
0.560960	125.00
0.560980	125.00
0.561000	125.00
0.561020	125.00
0.561040	125.00
0.561060	125.00
0.561080	125.00
0.561100	125.00
0.561120	125.00
0.561140	126.00
0.561160	126.00
0.561180	125.00
0.561200	125.00
0.561220	125.00
0.561240	125.00
0.561260	125.00
0.561280	125.00
0.561300	125.00
0.561320	125.00
0.561340	125.00
0.561360	125.00
0.561380	125.00
0.561400	125.00
0.561420	125.00
0.561440	125.00
0.561460	125.00
0.561480	125.00
0.561500	125.00
0.561520	125.00
0.561540	125.00
0.561560	125.00
0.561580	125.00
0.561600	125.00
0.561620	125.00
0.561640	125.00
0.561660	125.00
0.561680	125.00
0.561700	125.00
0.561720	125.00
0.561740	125.00
0.561760	125.00
0.561780	125.00
0.561800	125.00
0.561820	124.00
0.561840	124.00
0.561860	124.00
0.561880	124.00
0.561900	125.00
0.561920	125.00
0.561940	125.00
0.561960	125.00
0.561980	126.00
0.562000	126.00
0.562020	126.00
0.562040	126.00
0.562060	125.00
0.562080	125.00
0.562100	125.00
0.562120	124.00
0.562140	125.00
0.562160	125.00
0.562180	125.00
0.562200	125.00
0.562220	125.00
0.562240	126.00
0.562260	126.00
0.562280	125.00
0.562300	125.00
0.562320	125.00
0.562340	125.00
0.562360	125.00
0.562380	125.00
0.562400	125.00
0.562420	125.00
0.562440	125.00
0.562460	125.00
0.562480	125.00
0.562500	125.00
0.562520	126.00
0.562540	126.00
0.562560	126.00
0.562580	126.00
0.562600	126.00
0.562620	125.00
0.562640	125.00
0.562660	125.00
0.562680	125.00
0.562700	126.00
0.562720	126.00
0.562740	126.00
0.562760	126.00
0.562780	126.00
0.562800	125.00
0.562820	125.00
0.562840	125.00
0.562860	124.00
0.562880	124.00
0.562900	124.00
0.562920	125.00
0.562940	126.00
0.562960	126.00
0.562980	126.00
0.563000	126.00
0.563020	126.00
0.563040	126.00
0.563060	126.00
0.563080	126.00
0.563100	126.00
0.563120	125.00
0.563140	125.00
0.563160	125.00
0.563180	125.00
0.563200	125.00
0.563220	125.00
0.563240	126.00
0.563260	126.00
0.563280	126.00
0.563300	126.00
0.563320	125.00
0.563340	125.00
0.563360	125.00
0.563380	125.00
0.563400	124.00
0.563420	124.00
0.563440	124.00
0.563460	125.00
0.563480	126.00
0.563500	126.00
0.563520	126.00
0.563540	126.00
0.563560	126.00
0.563580	125.00
0.563600	125.00
0.563620	125.00
0.563640	125.00
0.563660	126.00
0.563680	126.00
0.563700	125.00
0.563720	125.00
0.563740	125.00
0.563760	125.00
0.563780	126.00
0.563800	126.00
0.563820	125.00
0.563840	125.00
0.563860	125.00
0.563880	125.00
0.563900	125.00
0.563920	125.00
0.563940	124.00
0.563960	124.00
0.563980	125.00
0.564000	125.00
0.564020	126.00
0.564040	126.00
0.564060	125.00
0.564080	125.00
0.564100	125.00
0.564120	125.00
0.564140	125.00
0.564160	125.00
0.564180	125.00
0.564200	124.00
0.564220	124.00
0.564240	125.00
0.564260	125.00
0.564280	125.00
0.564300	125.00
0.564320	125.00
0.564340	125.00
0.564360	125.00
0.564380	125.00
0.564400	125.00
0.564420	125.00
0.564440	125.00
0.564460	126.00
0.564480	127.00
0.564500	127.00
0.564520	127.00
0.564540	126.00
0.564560	126.00
0.564580	126.00
0.564600	125.00
0.564620	125.00
0.564640	125.00
0.564660	125.00
0.564680	125.00
0.564700	125.00
0.564720	125.00
0.564740	125.00
0.564760	125.00
0.564780	125.00
0.564800	125.00
0.564820	125.00
0.564840	125.00
0.564860	125.00
0.564880	125.00
0.564900	125.00
0.564920	125.00
0.564940	125.00
0.564960	125.00
0.564980	125.00
0.565000	125.00
0.565020	125.00
0.565040	125.00
0.565060	125.00
0.565080	125.00
0.565100	125.00
0.565120	125.00
0.565140	125.00
0.565160	125.00
0.565180	125.00
0.565200	125.00
0.565220	126.00
0.565240	126.00
0.565260	126.00
0.565280	125.00
0.565300	124.00
0.565320	124.00
0.565340	123.00
0.565360	124.00
0.565380	124.00
0.565400	124.00
0.565420	125.00
0.565440	125.00
0.565460	126.00
0.565480	126.00
0.565500	126.00
0.565520	126.00
0.565540	126.00
0.565560	125.00
0.565580	125.00
0.565600	124.00
0.565620	124.00
0.565640	124.00
0.565660	125.00
0.565680	126.00
0.565700	127.00
0.565720	127.00
0.565740	127.00
0.565760	126.00
0.565780	125.00
0.565800	124.00
0.565820	123.00
0.565840	122.00
0.565860	122.00
0.565880	123.00
0.565900	124.00
0.565920	126.00
0.565940	128.00
0.565960	129.00
0.565980	129.00
0.566000	128.00
0.566020	127.00
0.566040	125.00
0.566060	123.00
0.566080	122.00
0.566100	122.00
0.566120	123.00
0.566140	124.00
0.566160	125.00
0.566180	126.00
0.566200	127.00
0.566220	127.00
0.566240	127.00
0.566260	127.00
0.566280	127.00
0.566300	127.00
0.566320	126.00
0.566340	126.00
0.566360	125.00
0.566380	123.00
0.566400	122.00
0.566420	121.00
0.566440	121.00
0.566460	122.00
0.566480	124.00
0.566500	127.00
0.566520	131.00
0.566540	134.00
0.566560	134.00
0.566580	131.00
0.566600	126.00
0.566620	120.00
0.566640	115.00
0.566660	112.00
0.566680	113.00
0.566700	119.00
0.566720	126.00
0.566740	134.00
0.566760	139.00
0.566780	140.00
0.566800	137.00
0.566820	130.00
0.566840	122.00
0.566860	114.00
0.566880	109.00
0.566900	109.00
0.566920	114.00
0.566940	122.00
0.566960	132.00
0.566980	138.00
0.567000	141.00
0.567020	139.00
0.567040	133.00
0.567060	125.00
0.567080	117.00
0.567100	110.00
0.567120	107.00
0.567140	108.00
0.567160	114.00
0.567180	122.00
0.567200	131.00
0.567220	139.00
0.567240	144.00
0.567260	145.00
0.567280	142.00
0.567300	135.00
0.567320	126.00
0.567340	117.00
0.567360	109.00
0.567380	105.00
0.567400	106.00
0.567420	110.00
0.567440	117.00
0.567460	126.00
0.567480	134.00
0.567500	140.00
0.567520	142.00
0.567540	142.00
0.567560	138.00
0.567580	131.00
0.567600	124.00
0.567620	117.00
0.567640	113.00
0.567660	112.00
0.567680	113.00
0.567700	116.00
0.567720	121.00
0.567740	126.00
0.567760	131.00
0.567780	134.00
0.567800	135.00
0.567820	134.00
0.567840	131.00
0.567860	127.00
0.567880	124.00
0.567900	121.00
0.567920	119.00
0.567940	119.00
0.567960	120.00
0.567980	122.00
0.568000	124.00
0.568020	127.00
0.568040	129.00
0.568060	130.00
0.568080	130.00
0.568100	129.00
0.568120	127.00
0.568140	125.00
0.568160	123.00
0.568180	122.00
0.568200	122.00
0.568220	122.00
0.568240	123.00
0.568260	124.00
0.568280	125.00
0.568300	126.00
0.568320	127.00
0.568340	128.00
0.568360	128.00
0.568380	127.00
0.568400	126.00
0.568420	125.00
0.568440	124.00
0.568460	124.00
0.568480	124.00
0.568500	124.00
0.568520	124.00
0.568540	125.00
0.568560	125.00
0.568580	126.00
0.568600	126.00
0.568620	126.00
0.568640	126.00
0.568660	126.00
0.568680	126.00
0.568700	125.00
0.568720	125.00
0.568740	125.00
0.568760	125.00
0.568780	125.00
0.568800	125.00
0.568820	125.00
0.568840	125.00
0.568860	126.00
0.568880	125.00
0.568900	125.00
0.568920	125.00
0.568940	125.00
0.568960	125.00
0.568980	125.00
0.569000	125.00
0.569020	125.00
0.569040	125.00
0.569060	125.00
0.569080	125.00
0.569100	125.00
0.569120	125.00
0.569140	125.00
0.569160	125.00
0.569180	125.00
0.569200	125.00
0.569220	125.00
0.569240	125.00
0.569260	125.00
0.569280	125.00
0.569300	125.00
0.569320	125.00
0.569340	125.00
0.569360	125.00
0.569380	125.00
0.569400	125.00
0.569420	125.00
0.569440	125.00
0.569460	125.00
0.569480	125.00
0.569500	125.00
0.569520	126.00
0.569540	126.00
0.569560	126.00
0.569580	126.00
0.569600	125.00
0.569620	125.00
0.569640	125.00
0.569660	125.00
0.569680	125.00
0.569700	125.00
0.569720	125.00
0.569740	125.00
0.569760	125.00
0.569780	125.00
0.569800	125.00
0.569820	125.00
0.569840	125.00
0.569860	125.00
0.569880	125.00
0.569900	125.00
0.569920	124.00
0.569940	125.00
0.569960	125.00
0.569980	125.00
0.570000	125.00
0.570020	125.00
0.570040	126.00
0.570060	126.00
0.570080	126.00
0.570100	126.00
0.570120	125.00
0.570140	124.00
0.570160	124.00
0.570180	125.00
0.570200	125.00
0.570220	125.00
0.570240	125.00
0.570260	125.00
0.570280	126.00
0.570300	126.00
0.570320	126.00
0.570340	126.00
0.570360	125.00
0.570380	125.00
0.570400	125.00
0.570420	125.00
0.570440	125.00
0.570460	125.00
0.570480	125.00
0.570500	125.00
0.570520	125.00
0.570540	125.00
0.570560	125.00
0.570580	125.00
0.570600	125.00
0.570620	125.00
0.570640	125.00
0.570660	125.00
0.570680	125.00
0.570700	125.00
0.570720	125.00
0.570740	125.00
0.570760	125.00
0.570780	126.00
0.570800	126.00
0.570820	125.00
0.570840	125.00
0.570860	125.00
0.570880	125.00
0.570900	125.00
0.570920	125.00
0.570940	125.00
0.570960	125.00
0.570980	125.00
0.571000	125.00
0.571020	125.00
0.571040	125.00
0.571060	125.00
0.571080	125.00
0.571100	126.00
0.571120	126.00
0.571140	125.00
0.571160	125.00
0.571180	125.00
0.571200	125.00
0.571220	125.00
0.571240	126.00
0.571260	126.00
0.571280	126.00
0.571300	125.00
0.571320	125.00
0.571340	125.00
0.571360	125.00
0.571380	125.00
0.571400	125.00
0.571420	126.00
0.571440	126.00
0.571460	126.00
0.571480	126.00
0.571500	125.00
0.571520	125.00
0.571540	125.00
0.571560	125.00
0.571580	125.00
0.571600	125.00
0.571620	125.00
0.571640	125.00
0.571660	125.00
0.571680	125.00
0.571700	125.00
0.571720	125.00
0.571740	125.00
0.571760	125.00
0.571780	125.00
0.571800	126.00
0.571820	126.00
0.571840	125.00
0.571860	125.00
0.571880	125.00
0.571900	125.00
0.571920	125.00
0.571940	125.00
0.571960	125.00
0.571980	125.00
0.572000	125.00
0.572020	125.00
0.572040	126.00
0.572060	126.00
0.572080	126.00
0.572100	126.00
0.572120	126.00
0.572140	126.00
0.572160	125.00
0.572180	125.00
0.572200	124.00
0.572220	124.00
0.572240	125.00
0.572260	125.00
0.572280	125.00
0.572300	125.00
0.572320	125.00
0.572340	125.00
0.572360	125.00
0.572380	125.00
0.572400	125.00
0.572420	125.00
0.572440	125.00
0.572460	125.00
0.572480	125.00
0.572500	125.00
0.572520	125.00
0.572540	125.00
0.572560	125.00
0.572580	125.00
0.572600	125.00
0.572620	125.00
0.572640	125.00
0.572660	125.00
0.572680	125.00
0.572700	125.00
0.572720	126.00
0.572740	125.00
0.572760	125.00
0.572780	125.00
0.572800	125.00
0.572820	125.00
0.572840	125.00
0.572860	125.00
0.572880	125.00
0.572900	125.00
0.572920	125.00
0.572940	125.00
0.572960	125.00
0.572980	125.00
0.573000	125.00
0.573020	125.00
0.573040	125.00
0.573060	125.00
0.573080	126.00
0.573100	126.00
0.573120	126.00
0.573140	126.00
0.573160	125.00
0.573180	125.00
0.573200	125.00
0.573220	125.00
0.573240	125.00
0.573260	125.00
0.573280	125.00
0.573300	126.00
0.573320	126.00
0.573340	126.00
0.573360	125.00
0.573380	125.00
0.573400	125.00
0.573420	126.00
0.573440	126.00
0.573460	126.00
0.573480	126.00
0.573500	125.00
0.573520	125.00
0.573540	125.00
0.573560	125.00
0.573580	125.00
0.573600	125.00
0.573620	125.00
0.573640	125.00
0.573660	125.00
0.573680	125.00
0.573700	125.00
0.573720	125.00
0.573740	125.00
0.573760	125.00
0.573780	125.00
0.573800	125.00
0.573820	125.00
0.573840	125.00
0.573860	125.00
0.573880	125.00
0.573900	125.00
0.573920	126.00
0.573940	126.00
0.573960	126.00
0.573980	126.00
0.574000	125.00
0.574020	125.00
0.574040	125.00
0.574060	125.00
0.574080	125.00
0.574100	126.00
0.574120	125.00
0.574140	125.00
0.574160	126.00
0.574180	126.00
0.574200	126.00
0.574220	125.00
0.574240	125.00
0.574260	125.00
0.574280	125.00
0.574300	125.00
0.574320	125.00
0.574340	125.00
0.574360	125.00
0.574380	126.00
0.574400	126.00
0.574420	126.00
0.574440	126.00
0.574460	125.00
0.574480	125.00
0.574500	125.00
0.574520	125.00
0.574540	125.00
0.574560	125.00
0.574580	125.00
0.574600	125.00
0.574620	125.00
0.574640	125.00
0.574660	125.00
0.574680	125.00
0.574700	125.00
0.574720	125.00
0.574740	125.00
0.574760	125.00
0.574780	125.00
0.574800	125.00
0.574820	125.00
0.574840	125.00
0.574860	125.00
0.574880	125.00
0.574900	125.00
0.574920	125.00
0.574940	125.00
0.574960	125.00
0.574980	125.00
0.575000	125.00
0.575020	125.00
0.575040	125.00
0.575060	125.00
0.575080	125.00
0.575100	125.00
0.575120	125.00
0.575140	126.00
0.575160	126.00
0.575180	126.00
0.575200	126.00
0.575220	126.00
0.575240	126.00
0.575260	126.00
0.575280	126.00
0.575300	125.00
0.575320	125.00
0.575340	125.00
0.575360	125.00
0.575380	126.00
0.575400	126.00
0.575420	125.00
0.575440	125.00
0.575460	125.00
0.575480	125.00
0.575500	125.00
0.575520	125.00
0.575540	125.00
0.575560	125.00
0.575580	125.00
0.575600	125.00
0.575620	126.00
0.575640	126.00
0.575660	125.00
0.575680	125.00
0.575700	125.00
0.575720	125.00
0.575740	125.00
0.575760	125.00
0.575780	125.00
0.575800	125.00
0.575820	125.00
0.575840	124.00
0.575860	124.00
0.575880	125.00
0.575900	125.00
0.575920	125.00
0.575940	125.00
0.575960	125.00
0.575980	125.00
0.576000	125.00
0.576020	125.00
0.576040	125.00
0.576060	125.00
0.576080	125.00
0.576100	125.00
0.576120	125.00
0.576140	125.00
0.576160	125.00
0.576180	126.00
0.576200	126.00
0.576220	126.00
0.576240	126.00
0.576260	125.00
0.576280	125.00
0.576300	125.00
0.576320	125.00
0.576340	125.00
0.576360	124.00
0.576380	124.00
0.576400	125.00
0.576420	125.00
0.576440	126.00
0.576460	126.00
0.576480	126.00
0.576500	126.00
0.576520	126.00
0.576540	125.00
0.576560	125.00
0.576580	125.00
0.576600	125.00
0.576620	125.00
0.576640	124.00
0.576660	124.00
0.576680	124.00
0.576700	125.00
0.576720	126.00
0.576740	126.00
0.576760	126.00
0.576780	126.00
0.576800	126.00
0.576820	125.00
0.576840	125.00
0.576860	125.00
0.576880	125.00
0.576900	125.00
0.576920	126.00
0.576940	126.00
0.576960	126.00
0.576980	126.00
0.577000	126.00
0.577020	125.00
0.577040	125.00
0.577060	125.00
0.577080	124.00
0.577100	124.00
0.577120	125.00
0.577140	125.00
0.577160	125.00
0.577180	125.00
0.577200	125.00
0.577220	125.00
0.577240	125.00
0.577260	126.00
0.577280	126.00
0.577300	126.00
0.577320	126.00
0.577340	126.00
0.577360	125.00
0.577380	125.00
0.577400	125.00
0.577420	125.00
0.577440	125.00
0.577460	125.00
0.577480	125.00
0.577500	126.00
0.577520	126.00
0.577540	126.00
0.577560	126.00
0.577580	126.00
0.577600	125.00
0.577620	125.00
0.577640	125.00
0.577660	125.00
0.577680	125.00
0.577700	125.00
0.577720	125.00
0.577740	125.00
0.577760	125.00
0.577780	125.00
0.577800	125.00
0.577820	126.00
0.577840	126.00
0.577860	126.00
0.577880	126.00
0.577900	125.00
0.577920	125.00
0.577940	124.00
0.577960	124.00
0.577980	124.00
0.578000	124.00
0.578020	124.00
0.578040	124.00
0.578060	125.00
0.578080	126.00
0.578100	127.00
0.578120	126.00
0.578140	126.00
0.578160	125.00
0.578180	125.00
0.578200	124.00
0.578220	124.00
0.578240	124.00
0.578260	124.00
0.578280	125.00
0.578300	126.00
0.578320	127.00
0.578340	127.00
0.578360	126.00
0.578380	126.00
0.578400	125.00
0.578420	124.00
0.578440	124.00
0.578460	124.00
0.578480	124.00
0.578500	125.00
0.578520	125.00
0.578540	126.00
0.578560	126.00
0.578580	125.00
0.578600	125.00
0.578620	124.00
0.578640	124.00
0.578660	124.00
0.578680	124.00
0.578700	125.00
0.578720	126.00
0.578740	126.00
0.578760	126.00
0.578780	126.00
0.578800	125.00
0.578820	125.00
0.578840	124.00
0.578860	124.00
0.578880	124.00
0.578900	125.00
0.578920	126.00
0.578940	127.00
0.578960	127.00
0.578980	127.00
0.579000	126.00
0.579020	124.00
0.579040	123.00
0.579060	122.00
0.579080	122.00
0.579100	124.00
0.579120	127.00
0.579140	129.00
0.579160	131.00
0.579180	131.00
0.579200	129.00
0.579220	126.00
0.579240	123.00
0.579260	120.00
0.579280	119.00
0.579300	120.00
0.579320	122.00
0.579340	125.00
0.579360	128.00
0.579380	130.00
0.579400	131.00
0.579420	130.00
0.579440	128.00
0.579460	125.00
0.579480	122.00
0.579500	120.00
0.579520	119.00
0.579540	120.00
0.579560	122.00
0.579580	125.00
0.579600	128.00
0.579620	131.00
0.579640	132.00
0.579660	132.00
0.579680	130.00
0.579700	127.00
0.579720	123.00
0.579740	120.00
0.579760	118.00
0.579780	118.00
0.579800	119.00
0.579820	122.00
0.579840	125.00
0.579860	129.00
0.579880	131.00
0.579900	132.00
0.579920	132.00
0.579940	131.00
0.579960	129.00
0.579980	126.00
0.580000	122.00
0.580020	120.00
0.580040	119.00
0.580060	119.00
0.580080	121.00
0.580100	123.00
0.580120	125.00
0.580140	127.00
0.580160	128.00
0.580180	129.00
0.580200	129.00
0.580220	128.00
0.580240	127.00
0.580260	125.00
0.580280	123.00
0.580300	122.00
0.580320	122.00
0.580340	122.00
0.580360	123.00
0.580380	124.00
0.580400	125.00
0.580420	126.00
0.580440	127.00
0.580460	127.00
0.580480	127.00
0.580500	126.00
0.580520	126.00
0.580540	125.00
0.580560	125.00
0.580580	124.00
0.580600	124.00
0.580620	124.00
0.580640	124.00
0.580660	125.00
0.580680	125.00
0.580700	126.00
0.580720	126.00
0.580740	126.00
0.580760	126.00
0.580780	126.00
0.580800	125.00
0.580820	125.00
0.580840	124.00
0.580860	124.00
0.580880	124.00
0.580900	125.00
0.580920	125.00
0.580940	126.00
0.580960	126.00
0.580980	126.00
0.581000	126.00
0.581020	126.00
0.581040	125.00
0.581060	125.00
0.581080	125.00
0.581100	125.00
0.581120	125.00
0.581140	125.00
0.581160	125.00
0.581180	125.00
0.581200	125.00
0.581220	125.00
0.581240	126.00
0.581260	126.00
0.581280	126.00
0.581300	125.00
0.581320	125.00
0.581340	125.00
0.581360	125.00
0.581380	125.00
0.581400	125.00
0.581420	125.00
0.581440	125.00
0.581460	125.00
0.581480	125.00
0.581500	125.00
0.581520	125.00
0.581540	125.00
0.581560	126.00
0.581580	126.00
0.581600	126.00
0.581620	125.00
0.581640	124.00
0.581660	124.00
0.581680	124.00
0.581700	124.00
0.581720	124.00
0.581740	124.00
0.581760	124.00
0.581780	125.00
0.581800	125.00
0.581820	125.00
0.581840	125.00
0.581860	125.00
0.581880	125.00
0.581900	125.00
0.581920	125.00
0.581940	125.00
0.581960	125.00
0.581980	125.00
0.582000	125.00
0.582020	125.00
0.582040	125.00
0.582060	125.00
0.582080	126.00
0.582100	126.00
0.582120	126.00
0.582140	126.00
0.582160	125.00
0.582180	126.00
0.582200	126.00
0.582220	126.00
0.582240	126.00
0.582260	125.00
0.582280	125.00
0.582300	125.00
0.582320	126.00
0.582340	126.00
0.582360	126.00
0.582380	126.00
0.582400	126.00
0.582420	126.00
0.582440	125.00
0.582460	125.00
0.582480	125.00
0.582500	125.00
0.582520	125.00
0.582540	125.00
0.582560	125.00
0.582580	125.00
0.582600	126.00
0.582620	125.00
0.582640	125.00
0.582660	125.00
0.582680	125.00
0.582700	125.00
0.582720	125.00
0.582740	125.00
0.582760	125.00
0.582780	125.00
0.582800	125.00
0.582820	125.00
0.582840	126.00
0.582860	126.00
0.582880	125.00
0.582900	125.00
0.582920	125.00
0.582940	125.00
0.582960	125.00
0.582980	125.00
0.583000	125.00
0.583020	125.00
0.583040	125.00
0.583060	125.00
0.583080	125.00
0.583100	125.00
0.583120	126.00
0.583140	126.00
0.583160	126.00
0.583180	126.00
0.583200	126.00
0.583220	125.00
0.583240	125.00
0.583260	125.00
0.583280	125.00
0.583300	126.00
0.583320	126.00
0.583340	126.00
0.583360	126.00
0.583380	125.00
0.583400	125.00
0.583420	125.00
0.583440	125.00
0.583460	125.00
0.583480	125.00
0.583500	125.00
0.583520	125.00
0.583540	125.00
0.583560	126.00
0.583580	126.00
0.583600	126.00
0.583620	126.00
0.583640	126.00
0.583660	125.00
0.583680	125.00
0.583700	125.00
0.583720	125.00
0.583740	125.00
0.583760	125.00
0.583780	125.00
0.583800	125.00
0.583820	125.00
0.583840	125.00
0.583860	125.00
0.583880	125.00
0.583900	125.00
0.583920	125.00
0.583940	125.00
0.583960	125.00
0.583980	125.00
0.584000	125.00
0.584020	125.00
0.584040	125.00
0.584060	125.00
0.584080	125.00
0.584100	125.00
0.584120	125.00
0.584140	125.00
0.584160	125.00
0.584180	125.00
0.584200	125.00
0.584220	125.00
0.584240	125.00
0.584260	125.00
0.584280	125.00
0.584300	125.00
0.584320	125.00
0.584340	125.00
0.584360	125.00
0.584380	126.00
0.584400	126.00
0.584420	126.00
0.584440	126.00
0.584460	126.00
0.584480	126.00
0.584500	125.00
0.584520	125.00
0.584540	125.00
0.584560	125.00
0.584580	125.00
0.584600	125.00
0.584620	125.00
0.584640	125.00
0.584660	125.00
0.584680	126.00
0.584700	126.00
0.584720	125.00
0.584740	125.00
0.584760	125.00
0.584780	125.00
0.584800	125.00
0.584820	125.00
0.584840	125.00
0.584860	125.00
0.584880	125.00
0.584900	125.00
0.584920	125.00
0.584940	125.00
0.584960	126.00
0.584980	126.00
0.585000	126.00
0.585020	126.00
0.585040	125.00
0.585060	125.00
0.585080	125.00
0.585100	125.00
0.585120	125.00
0.585140	125.00
0.585160	125.00
0.585180	126.00
0.585200	126.00
0.585220	125.00
0.585240	125.00
0.585260	125.00
0.585280	125.00
0.585300	125.00
0.585320	124.00
0.585340	124.00
0.585360	124.00
0.585380	125.00
0.585400	125.00
0.585420	125.00
0.585440	125.00
0.585460	125.00
0.585480	126.00
