0.545500	101.00
0.545520	49.00
0.545540	102.00
0.545560	141.00
0.545580	144.00
0.545600	125.00
0.545620	112.00
0.545640	119.00
0.545660	132.00
0.545680	134.00
0.545700	126.00
0.545720	118.00
0.545740	121.00
0.545760	128.00
0.545780	130.00
0.545800	125.00
0.545820	120.00
0.545840	122.00
0.545860	128.00
0.545880	130.00
0.545900	126.00
0.545920	122.00
0.545940	123.00
0.545960	127.00
0.545980	128.00
0.546000	124.00
0.546020	121.00
0.546040	122.00
0.546060	126.00
0.546080	127.00
0.546100	125.00
0.546120	123.00
0.546140	124.00
0.546160	127.00
0.546180	128.00
0.546200	126.00
0.546220	123.00
0.546240	124.00
0.546260	126.00
0.546280	127.00
0.546300	125.00
0.546320	123.00
0.546340	123.00
0.546360	126.00
0.546380	127.00
0.546400	125.00
0.546420	124.00
0.546440	124.00
0.546460	126.00
0.546480	127.00
0.546500	126.00
0.546520	124.00
0.546540	124.00
0.546560	126.00
0.546580	126.00
0.546600	124.00
0.546620	123.00
0.546640	124.00
0.546660	126.00
0.546680	127.00
0.546700	126.00
0.546720	125.00
0.546740	125.00
0.546760	126.00
0.546780	126.00
0.546800	125.00
0.546820	124.00
0.546840	124.00
0.546860	126.00
0.546880	126.00
0.546900	125.00
0.546920	124.00
0.546940	124.00
0.546960	126.00
0.546980	126.00
0.547000	125.00
0.547020	124.00
0.547040	124.00
0.547060	126.00
0.547080	126.00
0.547100	125.00
0.547120	124.00
0.547140	124.00
0.547160	125.00
0.547180	126.00
0.547200	125.00
0.547220	124.00
0.547240	124.00
0.547260	125.00
0.547280	126.00
0.547300	125.00
0.547320	124.00
0.547340	124.00
0.547360	125.00
0.547380	126.00
0.547400	125.00
0.547420	124.00
0.547440	125.00
0.547460	126.00
0.547480	127.00
0.547500	125.00
0.547520	124.00
0.547540	124.00
0.547560	125.00
0.547580	126.00
0.547600	125.00
0.547620	123.00
0.547640	124.00
0.547660	125.00
0.547680	126.00
0.547700	125.00
0.547720	124.00
0.547740	124.00
0.547760	125.00
0.547780	125.00
0.547800	125.00
0.547820	124.00
0.547840	124.00
0.547860	125.00
0.547880	126.00
0.547900	125.00
0.547920	124.00
0.547940	124.00
0.547960	125.00
0.547980	125.00
0.548000	125.00
0.548020	124.00
0.548040	125.00
0.548060	125.00
0.548080	125.00
0.548100	124.00
0.548120	124.00
0.548140	124.00
0.548160	125.00
0.548180	126.00
0.548200	126.00
0.548220	125.00
0.548240	126.00
0.548260	126.00
0.548280	126.00
0.548300	125.00
0.548320	124.00
0.548340	124.00
0.548360	125.00
0.548380	126.00
0.548400	126.00
0.548420	125.00
0.548440	126.00
0.548460	126.00
0.548480	126.00
0.548500	125.00
0.548520	125.00
0.548540	125.00
0.548560	125.00
0.548580	125.00
0.548600	125.00
0.548620	124.00
0.548640	125.00
0.548660	125.00
0.548680	125.00
0.548700	125.00
0.548720	124.00
0.548740	125.00
0.548760	125.00
0.548780	125.00
0.548800	125.00
0.548820	124.00
0.548840	125.00
0.548860	126.00
0.548880	126.00
0.548900	126.00
0.548920	125.00
0.548940	125.00
0.548960	126.00
0.548980	126.00
0.549000	125.00
0.549020	124.00
0.549040	124.00
0.549060	125.00
0.549080	125.00
0.549100	125.00
0.549120	125.00
0.549140	125.00
0.549160	126.00
0.549180	126.00
0.549200	126.00
0.549220	125.00
0.549240	124.00
0.549260	124.00
0.549280	123.00
0.549300	123.00
0.549320	123.00
0.549340	125.00
0.549360	126.00
0.549380	127.00
0.549400	127.00
0.549420	126.00
0.549440	125.00
0.549460	125.00
0.549480	125.00
0.549500	125.00
0.549520	125.00
0.549540	125.00
0.549560	125.00
0.549580	126.00
0.549600	126.00
0.549620	126.00
0.549640	126.00
0.549660	126.00
0.549680	126.00
0.549700	126.00
0.549720	125.00
0.549740	125.00
0.549760	125.00
0.549780	125.00
0.549800	124.00
0.549820	124.00
0.549840	125.00
0.549860	126.00
0.549880	126.00
0.549900	126.00
0.549920	126.00
0.549940	126.00
0.549960	126.00
0.549980	126.00
0.550000	125.00
0.550020	124.00
0.550040	124.00
0.550060	125.00
0.550080	126.00
0.550100	126.00
0.550120	126.00
0.550140	126.00
0.550160	126.00
0.550180	126.00
0.550200	125.00
0.550220	125.00
0.550240	126.00
0.550260	126.00
0.550280	126.00
0.550300	126.00
0.550320	125.00
0.550340	125.00
0.550360	125.00
0.550380	125.00
0.550400	125.00
0.550420	125.00
0.550440	125.00
0.550460	125.00
0.550480	125.00
0.550500	125.00
0.550520	125.00
0.550540	126.00
0.550560	127.00
0.550580	128.00
0.550600	128.00
0.550620	127.00
0.550640	126.00
0.550660	125.00
0.550680	123.00
0.550700	122.00
0.550720	121.00
0.550740	122.00
0.550760	124.00
0.550780	126.00
0.550800	128.00
0.550820	129.00
0.550840	128.00
0.550860	127.00
0.550880	125.00
0.550900	122.00
0.550920	120.00
0.550940	119.00
0.550960	120.00
0.550980	121.00
0.551000	124.00
0.551020	127.00
0.551040	130.00
0.551060	132.00
0.551080	133.00
0.551100	131.00
0.551120	127.00
0.551140	123.00
0.551160	119.00
0.551180	117.00
0.551200	117.00
0.551220	120.00
0.551240	124.00
0.551260	128.00
0.551280	130.00
0.551300	130.00
0.551320	128.00
0.551340	127.00
0.551360	127.00
0.551380	130.00
0.551400	133.00
0.551420	134.00
0.551440	131.00
0.551460	123.00
0.551480	113.00
0.551500	104.00
0.551520	101.00
0.551540	107.00
0.551560	121.00
0.551580	140.00
0.551600	155.00
0.551620	163.00
0.551640	158.00
0.551660	142.00
0.551680	119.00
0.551700	97.00
0.551720	83.00
0.551740	82.00
0.551760	94.00
0.551780	117.00
0.551800	144.00
0.551820	166.00
0.551840	175.00
0.551860	168.00
0.551880	147.00
0.551900	118.00
0.551920	91.00
0.551940	73.00
0.551960	68.00
0.551980	76.00
0.552000	96.00
0.552020	124.00
0.552040	154.00
0.552060	179.00
0.552080	194.00
0.552100	194.00
0.552120	179.00
0.552140	152.00
0.552160	117.00
0.552180	82.00
0.552200	55.00
0.552220	43.00
0.552240	48.00
0.552260	70.00
0.552280	102.00
0.552300	138.00
0.552320	169.00
0.552340	191.00
0.552360	200.00
0.552380	194.00
0.552400	175.00
0.552420	146.00
0.552440	115.00
0.552460	87.00
0.552480	67.00
0.552500	60.00
0.552520	65.00
0.552540	81.00
0.552560	106.00
0.552580	132.00
0.552600	155.00
0.552620	170.00
0.552640	175.00
0.552660	171.00
0.552680	158.00
0.552700	140.00
0.552720	120.00
0.552740	103.00
0.552760	92.00
0.552780	87.00
0.552800	90.00
0.552820	99.00
0.552840	112.00
0.552860	127.00
0.552880	141.00
0.552900	150.00
0.552920	153.00
0.552940	151.00
0.552960	144.00
0.552980	134.00
0.553000	123.00
0.553020	113.00
0.553040	107.00
0.553060	105.00
0.553080	107.00
0.553100	112.00
0.553120	119.00
0.553140	126.00
0.553160	133.00
0.553180	138.00
0.553200	140.00
0.553220	139.00
0.553240	136.00
0.553260	131.00
0.553280	125.00
0.553300	120.00
0.553320	116.00
0.553340	115.00
0.553360	116.00
0.553380	118.00
0.553400	121.00
0.553420	124.00
0.553440	127.00
0.553460	130.00
0.553480	131.00
0.553500	131.00
0.553520	130.00
0.553540	128.00
0.553560	125.00
0.553580	123.00
0.553600	121.00
0.553620	120.00
0.553640	120.00
0.553660	121.00
0.553680	123.00
0.553700	125.00
0.553720	127.00
0.553740	128.00
0.553760	128.00
0.553780	128.00
0.553800	127.00
0.553820	126.00
0.553840	125.00
0.553860	124.00
0.553880	123.00
0.553900	122.00
0.553920	122.00
0.553940	123.00
0.553960	124.00
0.553980	125.00
0.554000	126.00
0.554020	127.00
0.554040	127.00
0.554060	127.00
0.554080	127.00
0.554100	126.00
0.554120	126.00
0.554140	125.00
0.554160	125.00
0.554180	125.00
0.554200	125.00
0.554220	125.00
0.554240	125.00
0.554260	125.00
0.554280	125.00
0.554300	126.00
0.554320	126.00
0.554340	126.00
0.554360	126.00
0.554380	125.00
0.554400	125.00
0.554420	125.00
0.554440	125.00
0.554460	125.00
0.554480	125.00
0.554500	125.00
0.554520	125.00
0.554540	125.00
0.554560	126.00
0.554580	125.00
0.554600	125.00
0.554620	125.00
0.554640	125.00
0.554660	125.00
0.554680	125.00
0.554700	125.00
0.554720	125.00
0.554740	125.00
0.554760	125.00
0.554780	125.00
0.554800	125.00
0.554820	124.00
0.554840	124.00
0.554860	124.00
0.554880	124.00
0.554900	124.00
0.554920	124.00
0.554940	125.00
0.554960	125.00
0.554980	125.00
0.555000	125.00
0.555020	125.00
0.555040	125.00
0.555060	125.00
0.555080	125.00
0.555100	125.00
0.555120	125.00
0.555140	125.00
0.555160	125.00
0.555180	125.00
0.555200	125.00
0.555220	125.00
0.555240	125.00
0.555260	125.00
0.555280	125.00
0.555300	125.00
0.555320	125.00
0.555340	125.00
0.555360	125.00
0.555380	125.00
0.555400	125.00
0.555420	125.00
0.555440	125.00
0.555460	125.00
0.555480	125.00
0.555500	126.00
0.555520	126.00
0.555540	126.00
0.555560	126.00
0.555580	126.00
0.555600	126.00
0.555620	125.00
0.555640	125.00
0.555660	125.00
0.555680	124.00
0.555700	124.00
0.555720	124.00
0.555740	124.00
0.555760	125.00
0.555780	125.00
0.555800	125.00
0.555820	125.00
0.555840	125.00
0.555860	126.00
0.555880	126.00
0.555900	126.00
0.555920	125.00
0.555940	125.00
0.555960	125.00
0.555980	125.00
0.556000	125.00
0.556020	125.00
0.556040	125.00
0.556060	125.00
0.556080	125.00
0.556100	125.00
0.556120	125.00
0.556140	125.00
0.556160	125.00
0.556180	125.00
0.556200	125.00
0.556220	125.00
0.556240	125.00
0.556260	125.00
0.556280	125.00
0.556300	125.00
0.556320	125.00
0.556340	125.00
0.556360	125.00
0.556380	125.00
0.556400	125.00
0.556420	125.00
0.556440	125.00
0.556460	125.00
0.556480	125.00
0.556500	125.00
0.556520	125.00
0.556540	125.00
0.556560	125.00
0.556580	125.00
0.556600	125.00
0.556620	125.00
0.556640	125.00
0.556660	125.00
0.556680	125.00
0.556700	125.00
0.556720	125.00
0.556740	125.00
0.556760	125.00
0.556780	125.00
0.556800	125.00
0.556820	125.00
0.556840	125.00
0.556860	126.00
0.556880	126.00
0.556900	126.00
0.556920	125.00
0.556940	125.00
0.556960	125.00
0.556980	125.00
0.557000	125.00
0.557020	125.00
0.557040	125.00
0.557060	125.00
0.557080	125.00
0.557100	126.00
0.557120	126.00
0.557140	126.00
0.557160	126.00
0.557180	126.00
0.557200	126.00
0.557220	125.00
0.557240	125.00
0.557260	125.00
0.557280	125.00
0.557300	126.00
0.557320	126.00
0.557340	125.00
0.557360	125.00
0.557380	125.00
0.557400	125.00
0.557420	125.00
0.557440	124.00
0.557460	125.00
0.557480	125.00
0.557500	126.00
0.557520	126.00
0.557540	126.00
0.557560	126.00
0.557580	125.00
0.557600	125.00
0.557620	125.00
0.557640	125.00
0.557660	125.00
0.557680	125.00
0.557700	125.00
0.557720	125.00
0.557740	125.00
0.557760	125.00
0.557780	125.00
0.557800	126.00
0.557820	126.00
0.557840	125.00
0.557860	125.00
0.557880	124.00
0.557900	124.00
0.557920	125.00
0.557940	125.00
0.557960	125.00
0.557980	125.00
0.558000	125.00
0.558020	125.00
0.558040	125.00
0.558060	125.00
0.558080	124.00
0.558100	124.00
0.558120	124.00
0.558140	124.00
0.558160	125.00
0.558180	126.00
0.558200	126.00
0.558220	125.00
0.558240	125.00
0.558260	125.00
0.558280	125.00
0.558300	125.00
0.558320	125.00
0.558340	125.00
0.558360	125.00
0.558380	125.00
0.558400	125.00
0.558420	125.00
0.558440	125.00
0.558460	125.00
0.558480	125.00
0.558500	125.00
0.558520	125.00
0.558540	125.00
0.558560	125.00
0.558580	125.00
0.558600	125.00
0.558620	125.00
0.558640	125.00
0.558660	125.00
0.558680	125.00
0.558700	125.00
0.558720	125.00
0.558740	125.00
0.558760	125.00
0.558780	125.00
0.558800	125.00
0.558820	125.00
0.558840	125.00
0.558860	125.00
0.558880	125.00
0.558900	125.00
0.558920	125.00
0.558940	126.00
0.558960	126.00
0.558980	125.00
0.559000	125.00
0.559020	124.00
0.559040	124.00
0.559060	125.00
0.559080	125.00
0.559100	125.00
0.559120	125.00
0.559140	125.00
0.559160	125.00
0.559180	125.00
0.559200	126.00
0.559220	126.00
0.559240	126.00
0.559260	126.00
0.559280	126.00
0.559300	126.00
0.559320	125.00
0.559340	125.00
0.559360	125.00
0.559380	125.00
0.559400	125.00
0.559420	125.00
0.559440	125.00
0.559460	126.00
0.559480	125.00
0.559500	125.00
0.559520	125.00
0.559540	125.00
0.559560	125.00
0.559580	125.00
0.559600	125.00
0.559620	125.00
0.559640	125.00
0.559660	126.00
0.559680	126.00
0.559700	126.00
0.559720	125.00
0.559740	125.00
0.559760	125.00
0.559780	125.00
0.559800	125.00
0.559820	125.00
0.559840	125.00
0.559860	125.00
0.559880	125.00
0.559900	125.00
0.559920	126.00
0.559940	126.00
0.559960	126.00
0.559980	125.00
0.560000	125.00
0.560020	125.00
0.560040	125.00
0.560060	125.00
0.560080	125.00
0.560100	125.00
0.560120	125.00
0.560140	125.00
0.560160	125.00
0.560180	125.00
0.560200	125.00
0.560220	126.00
0.560240	126.00
0.560260	126.00
0.560280	125.00
0.560300	125.00
0.560320	125.00
0.560340	125.00
0.560360	125.00
0.560380	125.00
0.560400	125.00
0.560420	125.00
0.560440	125.00
0.560460	125.00
0.560480	125.00
0.560500	125.00
0.560520	125.00
0.560540	125.00
0.560560	125.00
0.560580	125.00
0.560600	125.00
0.560620	125.00
0.560640	125.00
0.560660	125.00
0.560680	125.00
0.560700	125.00
0.560720	125.00
0.560740	125.00
0.560760	125.00
0.560780	125.00
0.560800	125.00
0.560820	125.00
0.560840	125.00
0.560860	125.00
0.560880	125.00
0.560900	125.00
0.560920	125.00
0.560940	125.00
0.560960	126.00
0.560980	126.00
0.561000	126.00
0.561020	126.00
0.561040	125.00
0.561060	125.00
0.561080	125.00
0.561100	125.00
0.561120	125.00
0.561140	125.00
0.561160	125.00
0.561180	125.00
0.561200	125.00
0.561220	125.00
0.561240	125.00
0.561260	125.00
0.561280	125.00
0.561300	125.00
0.561320	125.00
0.561340	125.00
0.561360	125.00
0.561380	125.00
0.561400	125.00
0.561420	125.00
0.561440	124.00
0.561460	125.00
0.561480	125.00
0.561500	125.00
0.561520	125.00
0.561540	125.00
0.561560	125.00
0.561580	125.00
0.561600	125.00
0.561620	125.00
0.561640	126.00
0.561660	126.00
0.561680	126.00
0.561700	126.00
0.561720	125.00
0.561740	125.00
0.561760	125.00
0.561780	125.00
0.561800	125.00
0.561820	125.00
0.561840	125.00
0.561860	126.00
0.561880	126.00
0.561900	126.00
0.561920	125.00
0.561940	125.00
0.561960	125.00
0.561980	125.00
0.562000	126.00
0.562020	126.00
0.562040	126.00
0.562060	126.00
0.562080	126.00
0.562100	126.00
0.562120	125.00
0.562140	124.00
0.562160	124.00
0.562180	125.00
0.562200	125.00
0.562220	126.00
0.562240	126.00
0.562260	126.00
0.562280	126.00
0.562300	126.00
0.562320	126.00
0.562340	125.00
0.562360	125.00
0.562380	124.00
0.562400	124.00
0.562420	124.00
0.562440	124.00
0.562460	125.00
0.562480	125.00
0.562500	126.00
0.562520	127.00
0.562540	127.00
0.562560	127.00
0.562580	127.00
0.562600	126.00
0.562620	125.00
0.562640	124.00
0.562660	123.00
0.562680	122.00
0.562700	123.00
0.562720	124.00
0.562740	125.00
0.562760	126.00
0.562780	127.00
0.562800	127.00
0.562820	127.00
0.562840	126.00
0.562860	125.00
0.562880	124.00
0.562900	123.00
0.562920	123.00
0.562940	124.00
0.562960	125.00
0.562980	125.00
0.563000	126.00
0.563020	126.00
0.563040	127.00
0.563060	127.00
0.563080	126.00
0.563100	125.00
0.563120	125.00
0.563140	124.00
0.563160	124.00
0.563180	124.00
0.563200	124.00
0.563220	124.00
0.563240	125.00
0.563260	125.00
0.563280	126.00
0.563300	126.00
0.563320	127.00
0.563340	128.00
0.563360	128.00
0.563380	128.00
0.563400	126.00
0.563420	124.00
0.563440	123.00
0.563460	122.00
0.563480	122.00
0.563500	122.00
0.563520	122.00
0.563540	124.00
0.563560	126.00
0.563580	128.00
0.563600	129.00
0.563620	130.00
0.563640	129.00
0.563660	127.00
0.563680	125.00
0.563700	123.00
0.563720	122.00
0.563740	122.00
0.563760	122.00
0.563780	123.00
0.563800	123.00
0.563820	124.00
0.563840	125.00
0.563860	126.00
0.563880	128.00
0.563900	129.00
0.563920	129.00
0.563940	129.00
0.563960	128.00
0.563980	125.00
0.564000	122.00
0.564020	119.00
0.564040	117.00
0.564060	118.00
0.564080	121.00
0.564100	125.00
0.564120	130.00
0.564140	134.00
0.564160	135.00
0.564180	134.00
0.564200	130.00
0.564220	125.00
0.564240	119.00
0.564260	116.00
0.564280	115.00
0.564300	117.00
0.564320	121.00
0.564340	127.00
0.564360	132.00
0.564380	136.00
0.564400	137.00
0.564420	133.00
0.564440	128.00
0.564460	121.00
0.564480	115.00
0.564500	111.00
0.564520	110.00
0.564540	112.00
0.564560	118.00
0.564580	126.00
0.564600	134.00
0.564620	140.00
0.564640	143.00
0.564660	142.00
0.564680	137.00
0.564700	130.00
0.564720	121.00
0.564740	114.00
0.564760	109.00
0.564780	108.00
0.564800	110.00
0.564820	114.00
0.564840	121.00
0.564860	129.00
0.564880	136.00
0.564900	140.00
0.564920	141.00
0.564940	139.00
0.564960	134.00
0.564980	128.00
0.565000	122.00
0.565020	117.00
0.565040	114.00
0.565060	114.00
0.565080	115.00
0.565100	119.00
0.565120	123.00
0.565140	127.00
0.565160	131.00
0.565180	133.00
0.565200	133.00
0.565220	132.00
0.565240	130.00
0.565260	127.00
0.565280	124.00
0.565300	122.00
0.565320	120.00
0.565340	119.00
0.565360	120.00
0.565380	122.00
0.565400	124.00
0.565420	126.00
0.565440	128.00
0.565460	129.00
0.565480	129.00
0.565500	129.00
0.565520	128.00
0.565540	127.00
0.565560	125.00
0.565580	123.00
0.565600	122.00
0.565620	121.00
0.565640	122.00
0.565660	123.00
0.565680	124.00
0.565700	125.00
0.565720	126.00
0.565740	127.00
0.565760	128.00
0.565780	127.00
0.565800	126.00
0.565820	125.00
0.565840	125.00
0.565860	124.00
0.565880	124.00
0.565900	124.00
0.565920	124.00
0.565940	124.00
0.565960	125.00
0.565980	125.00
0.566000	125.00
0.566020	125.00
0.566040	126.00
0.566060	126.00
0.566080	125.00
0.566100	125.00
0.566120	124.00
0.566140	124.00
0.566160	124.00
0.566180	124.00
0.566200	125.00
0.566220	125.00
0.566240	125.00
0.566260	125.00
0.566280	125.00
0.566300	125.00
0.566320	125.00
0.566340	125.00
0.566360	125.00
0.566380	125.00
0.566400	125.00
0.566420	125.00
0.566440	125.00
0.566460	125.00
0.566480	125.00
0.566500	126.00
0.566520	126.00
0.566540	125.00
0.566560	125.00
0.566580	125.00
0.566600	125.00
0.566620	125.00
0.566640	125.00
0.566660	125.00
0.566680	125.00
0.566700	125.00
0.566720	125.00
0.566740	126.00
0.566760	126.00
0.566780	126.00
0.566800	126.00
0.566820	126.00
0.566840	125.00
0.566860	125.00
0.566880	125.00
0.566900	125.00
0.566920	125.00
0.566940	125.00
0.566960	125.00
0.566980	125.00
0.567000	125.00
0.567020	125.00
0.567040	125.00
0.567060	125.00
0.567080	125.00
0.567100	125.00
0.567120	125.00
0.567140	125.00
0.567160	125.00
0.567180	125.00
0.567200	125.00
0.567220	125.00
0.567240	125.00
0.567260	125.00
0.567280	125.00
0.567300	125.00
0.567320	124.00
0.567340	124.00
0.567360	124.00
0.567380	125.00
0.567400	125.00
0.567420	125.00
0.567440	126.00
0.567460	126.00
0.567480	125.00
0.567500	125.00
0.567520	125.00
0.567540	125.00
0.567560	125.00
0.567580	125.00
0.567600	125.00
0.567620	125.00
0.567640	125.00
0.567660	125.00
0.567680	125.00
0.567700	125.00
0.567720	125.00
0.567740	125.00
0.567760	125.00
0.567780	125.00
0.567800	125.00
0.567820	125.00
0.567840	125.00
0.567860	125.00
0.567880	125.00
0.567900	125.00
0.567920	125.00
0.567940	125.00
0.567960	125.00
0.567980	125.00
0.568000	125.00
0.568020	125.00
0.568040	125.00
0.568060	125.00
0.568080	125.00
0.568100	125.00
0.568120	125.00
0.568140	125.00
0.568160	125.00
0.568180	125.00
0.568200	125.00
0.568220	125.00
0.568240	125.00
0.568260	125.00
0.568280	125.00
0.568300	125.00
0.568320	125.00
0.568340	126.00
0.568360	126.00
0.568380	126.00
0.568400	126.00
0.568420	125.00
0.568440	125.00
0.568460	125.00
0.568480	125.00
0.568500	126.00
0.568520	126.00
0.568540	126.00
0.568560	126.00
0.568580	125.00
0.568600	125.00
0.568620	124.00
0.568640	124.00
0.568660	124.00
0.568680	124.00
0.568700	124.00
0.568720	125.00
0.568740	125.00
0.568760	126.00
0.568780	126.00
0.568800	126.00
0.568820	126.00
0.568840	125.00
0.568860	125.00
0.568880	125.00
0.568900	125.00
0.568920	125.00
0.568940	125.00
0.568960	125.00
0.568980	125.00
0.569000	125.00
0.569020	125.00
0.569040	125.00
0.569060	125.00
0.569080	125.00
0.569100	125.00
0.569120	125.00
0.569140	125.00
0.569160	125.00
0.569180	125.00
0.569200	125.00
0.569220	125.00
0.569240	125.00
0.569260	125.00
0.569280	124.00
0.569300	125.00
0.569320	125.00
0.569340	125.00
0.569360	126.00
0.569380	126.00
0.569400	126.00
0.569420	126.00
0.569440	125.00
0.569460	125.00
0.569480	125.00
0.569500	125.00
0.569520	125.00
0.569540	125.00
0.569560	126.00
0.569580	126.00
0.569600	126.00
0.569620	126.00
0.569640	126.00
0.569660	125.00
0.569680	125.00
0.569700	125.00
0.569720	125.00
0.569740	125.00
0.569760	125.00
0.569780	125.00
0.569800	125.00
0.569820	125.00
0.569840	125.00
0.569860	125.00
0.569880	125.00
0.569900	125.00
0.569920	125.00
0.569940	125.00
0.569960	125.00
0.569980	125.00
0.570000	125.00
0.570020	125.00
0.570040	125.00
0.570060	125.00
0.570080	125.00
0.570100	125.00
0.570120	126.00
0.570140	125.00
0.570160	125.00
0.570180	125.00
0.570200	125.00
0.570220	125.00
0.570240	125.00
0.570260	125.00
0.570280	125.00
0.570300	125.00
0.570320	125.00
0.570340	125.00
0.570360	125.00
0.570380	125.00
0.570400	125.00
0.570420	125.00
0.570440	126.00
0.570460	126.00
0.570480	125.00
0.570500	125.00
0.570520	125.00
0.570540	124.00
0.570560	125.00
0.570580	125.00
0.570600	125.00
0.570620	125.00
0.570640	125.00
0.570660	125.00
0.570680	125.00
0.570700	125.00
0.570720	125.00
0.570740	125.00
0.570760	125.00
0.570780	125.00
0.570800	125.00
0.570820	125.00
0.570840	125.00
0.570860	125.00
0.570880	125.00
0.570900	125.00
0.570920	125.00
0.570940	125.00
0.570960	125.00
0.570980	126.00
0.571000	125.00
0.571020	125.00
0.571040	125.00
0.571060	125.00
0.571080	125.00
0.571100	125.00
0.571120	125.00
0.571140	125.00
0.571160	125.00
0.571180	125.00
0.571200	125.00
0.571220	125.00
0.571240	125.00
0.571260	125.00
0.571280	126.00
0.571300	126.00
0.571320	125.00
0.571340	125.00
0.571360	125.00
0.571380	125.00
0.571400	125.00
0.571420	125.00
0.571440	125.00
0.571460	125.00
0.571480	125.00
0.571500	125.00
0.571520	125.00
0.571540	126.00
0.571560	126.00
0.571580	125.00
0.571600	125.00
0.571620	125.00
0.571640	125.00
0.571660	125.00
0.571680	125.00
0.571700	125.00
0.571720	125.00
0.571740	125.00
0.571760	125.00
0.571780	125.00
0.571800	125.00
0.571820	125.00
0.571840	126.00
0.571860	126.00
0.571880	125.00
0.571900	125.00
0.571920	125.00
0.571940	125.00
0.571960	125.00
0.571980	125.00
0.572000	125.00
0.572020	125.00
0.572040	125.00
0.572060	125.00
0.572080	126.00
0.572100	126.00
0.572120	126.00
0.572140	126.00
0.572160	126.00
0.572180	125.00
0.572200	125.00
0.572220	125.00
0.572240	124.00
0.572260	124.00
0.572280	124.00
0.572300	125.00
0.572320	125.00
0.572340	126.00
0.572360	126.00
0.572380	126.00
0.572400	126.00
0.572420	126.00
0.572440	126.00
0.572460	126.00
0.572480	125.00
0.572500	125.00
0.572520	125.00
0.572540	125.00
0.572560	125.00
0.572580	125.00
0.572600	125.00
0.572620	125.00
0.572640	125.00
0.572660	125.00
0.572680	125.00
0.572700	125.00
0.572720	125.00
0.572740	125.00
0.572760	125.00
0.572780	125.00
0.572800	125.00
0.572820	125.00
0.572840	125.00
0.572860	125.00
0.572880	125.00
0.572900	125.00
0.572920	125.00
0.572940	125.00
0.572960	125.00
0.572980	125.00
0.573000	125.00
0.573020	125.00
0.573040	125.00
0.573060	125.00
0.573080	125.00
0.573100	125.00
0.573120	125.00
0.573140	125.00
0.573160	125.00
0.573180	125.00
0.573200	125.00
0.573220	125.00
0.573240	125.00
0.573260	126.00
0.573280	126.00
0.573300	126.00
0.573320	126.00
0.573340	125.00
0.573360	125.00
0.573380	125.00
0.573400	125.00
0.573420	125.00
0.573440	125.00
0.573460	125.00
0.573480	126.00
0.573500	126.00
0.573520	126.00
0.573540	125.00
0.573560	125.00
0.573580	125.00
0.573600	125.00
0.573620	125.00
0.573640	125.00
0.573660	125.00
0.573680	125.00
0.573700	125.00
0.573720	126.00
0.573740	126.00
0.573760	126.00
0.573780	125.00
0.573800	125.00
0.573820	125.00
0.573840	125.00
0.573860	125.00
0.573880	125.00
0.573900	125.00
0.573920	125.00
0.573940	125.00
0.573960	125.00
0.573980	125.00
0.574000	125.00
0.574020	125.00
0.574040	125.00
0.574060	125.00
0.574080	125.00
0.574100	125.00
0.574120	125.00
0.574140	125.00
0.574160	125.00
0.574180	125.00
0.574200	125.00
0.574220	125.00
0.574240	125.00
0.574260	125.00
0.574280	124.00
0.574300	125.00
0.574320	125.00
0.574340	126.00
0.574360	126.00
0.574380	125.00
0.574400	125.00
0.574420	124.00
0.574440	124.00
0.574460	124.00
0.574480	124.00
0.574500	125.00
0.574520	125.00
0.574540	125.00
0.574560	126.00
0.574580	126.00
0.574600	126.00
0.574620	126.00
0.574640	126.00
0.574660	126.00
0.574680	125.00
0.574700	125.00
0.574720	125.00
0.574740	125.00
0.574760	126.00
0.574780	126.00
0.574800	126.00
0.574820	125.00
0.574840	125.00
0.574860	125.00
0.574880	125.00
0.574900	125.00
0.574920	125.00
0.574940	125.00
0.574960	125.00
0.574980	125.00
0.575000	125.00
0.575020	125.00
0.575040	125.00
0.575060	125.00
0.575080	124.00
0.575100	124.00
0.575120	125.00
0.575140	125.00
0.575160	126.00
0.575180	126.00
0.575200	126.00
0.575220	126.00
0.575240	125.00
0.575260	125.00
0.575280	124.00
0.575300	124.00
0.575320	124.00
0.575340	124.00
0.575360	124.00
0.575380	125.00
0.575400	126.00
0.575420	126.00
0.575440	126.00
0.575460	126.00
0.575480	126.00
0.575500	126.00
0.575520	125.00
0.575540	125.00
0.575560	124.00
0.575580	124.00
0.575600	124.00
0.575620	124.00
0.575640	125.00
0.575660	125.00
0.575680	126.00
0.575700	126.00
0.575720	126.00
0.575740	126.00
0.575760	126.00
0.575780	126.00
0.575800	126.00
0.575820	125.00
0.575840	124.00
0.575860	124.00
0.575880	124.00
0.575900	124.00
0.575920	125.00
0.575940	125.00
0.575960	126.00
0.575980	126.00
0.576000	126.00
0.576020	126.00
0.576040	126.00
0.576060	125.00
0.576080	124.00
0.576100	123.00
0.576120	123.00
0.576140	124.00
0.576160	124.00
0.576180	125.00
0.576200	125.00
0.576220	126.00
0.576240	126.00
0.576260	126.00
0.576280	125.00
0.576300	124.00
0.576320	124.00
0.576340	124.00
0.576360	125.00
0.576380	125.00
0.576400	126.00
0.576420	126.00
0.576440	126.00
0.576460	126.00
0.576480	125.00
0.576500	123.00
0.576520	122.00
0.576540	122.00
0.576560	123.00
0.576580	124.00
0.576600	126.00
0.576620	128.00
0.576640	130.00
0.576660	130.00
0.576680	129.00
0.576700	126.00
0.576720	123.00
0.576740	120.00
0.576760	119.00
0.576780	119.00
0.576800	121.00
0.576820	124.00
0.576840	128.00
0.576860	131.00
0.576880	132.00
0.576900	131.00
0.576920	128.00
0.576940	124.00
0.576960	120.00
0.576980	117.00
0.577000	117.00
0.577020	118.00
0.577040	122.00
0.577060	126.00
0.577080	130.00
0.577100	134.00
0.577120	135.00
0.577140	135.00
0.577160	132.00
0.577180	128.00
0.577200	123.00
0.577220	118.00
0.577240	114.00
0.577260	113.00
0.577280	114.00
0.577300	118.00
0.577320	123.00
0.577340	128.00
0.577360	132.00
0.577380	135.00
0.577400	136.00
0.577420	135.00
0.577440	132.00
0.577460	128.00
0.577480	124.00
0.577500	120.00
0.577520	117.00
0.577540	116.00
0.577560	117.00
0.577580	119.00
0.577600	122.00
0.577620	126.00
0.577640	129.00
0.577660	132.00
0.577680	132.00
0.577700	132.00
0.577720	130.00
0.577740	127.00
0.577760	125.00
0.577780	123.00
0.577800	122.00
0.577820	121.00
0.577840	120.00
0.577860	121.00
0.577880	123.00
0.577900	125.00
0.577920	127.00
0.577940	128.00
0.577960	129.00
0.577980	128.00
0.578000	127.00
0.578020	126.00
0.578040	125.00
0.578060	124.00
0.578080	123.00
0.578100	123.00
0.578120	123.00
0.578140	124.00
0.578160	124.00
0.578180	125.00
0.578200	126.00
0.578220	126.00
0.578240	126.00
0.578260	126.00
0.578280	126.00
0.578300	125.00
0.578320	125.00
0.578340	124.00
0.578360	124.00
0.578380	124.00
0.578400	125.00
0.578420	125.00
0.578440	126.00
0.578460	126.00
0.578480	126.00
0.578500	126.00
0.578520	125.00
0.578540	125.00
0.578560	126.00
0.578580	126.00
0.578600	126.00
0.578620	125.00
0.578640	125.00
0.578660	125.00
0.578680	126.00
0.578700	126.00
0.578720	125.00
0.578740	125.00
0.578760	125.00
0.578780	125.00
0.578800	126.00
0.578820	126.00
0.578840	125.00
0.578860	125.00
0.578880	125.00
0.578900	125.00
0.578920	125.00
0.578940	125.00
0.578960	125.00
0.578980	126.00
0.579000	125.00
0.579020	125.00
0.579040	125.00
0.579060	125.00
0.579080	125.00
0.579100	126.00
0.579120	126.00
0.579140	125.00
0.579160	125.00
0.579180	125.00
0.579200	125.00
0.579220	125.00
0.579240	125.00
0.579260	125.00
0.579280	125.00
0.579300	125.00
0.579320	126.00
0.579340	126.00
0.579360	126.00
0.579380	126.00
0.579400	126.00
0.579420	125.00
0.579440	125.00
0.579460	125.00
0.579480	125.00
0.579500	126.00
0.579520	126.00
0.579540	126.00
0.579560	125.00
0.579580	125.00
0.579600	125.00
0.579620	125.00
0.579640	125.00
0.579660	125.00
0.579680	125.00
0.579700	125.00
0.579720	125.00
0.579740	125.00
0.579760	126.00
0.579780	126.00
0.579800	126.00
0.579820	126.00
0.579840	126.00
0.579860	125.00
0.579880	125.00
0.579900	125.00
0.579920	125.00
0.579940	125.00
0.579960	125.00
0.579980	125.00
0.580000	125.00
0.580020	125.00
0.580040	125.00
0.580060	125.00
0.580080	126.00
0.580100	126.00
0.580120	125.00
0.580140	125.00
0.580160	125.00
0.580180	125.00
0.580200	126.00
0.580220	126.00
0.580240	126.00
0.580260	126.00
0.580280	125.00
0.580300	125.00
0.580320	125.00
0.580340	125.00
0.580360	125.00
0.580380	125.00
0.580400	125.00
0.580420	125.00
0.580440	125.00
0.580460	125.00
0.580480	125.00
0.580500	125.00
0.580520	125.00
0.580540	125.00
0.580560	125.00
0.580580	125.00
0.580600	125.00
0.580620	125.00
0.580640	125.00
0.580660	125.00
0.580680	125.00
0.580700	125.00
0.580720	125.00
0.580740	125.00
0.580760	125.00
0.580780	126.00
0.580800	126.00
0.580820	126.00
0.580840	125.00
0.580860	125.00
0.580880	125.00
0.580900	125.00
0.580920	125.00
0.580940	125.00
0.580960	125.00
0.580980	125.00
0.581000	125.00
0.581020	125.00
0.581040	125.00
0.581060	125.00
0.581080	125.00
0.581100	125.00
0.581120	125.00
0.581140	126.00
0.581160	126.00
0.581180	126.00
0.581200	126.00
0.581220	125.00
0.581240	125.00
0.581260	125.00
0.581280	125.00
0.581300	125.00
0.581320	125.00
0.581340	126.00
0.581360	126.00
0.581380	125.00
0.581400	125.00
0.581420	125.00
0.581440	124.00
0.581460	125.00
0.581480	125.00
0.581500	125.00
0.581520	126.00
0.581540	126.00
0.581560	126.00
0.581580	126.00
0.581600	126.00
0.581620	126.00
0.581640	125.00
0.581660	125.00
0.581680	124.00
0.581700	124.00
0.581720	124.00
0.581740	125.00
0.581760	126.00
0.581780	126.00
0.581800	126.00
0.581820	125.00
0.581840	125.00
0.581860	125.00
0.581880	125.00
0.581900	125.00
0.581920	124.00
0.581940	124.00
0.581960	124.00
0.581980	125.00
0.582000	126.00
0.582020	126.00
0.582040	126.00
0.582060	126.00
0.582080	125.00
0.582100	125.00
0.582120	125.00
0.582140	125.00
0.582160	125.00
0.582180	125.00
0.582200	125.00
0.582220	125.00
0.582240	125.00
0.582260	125.00
0.582280	125.00
0.582300	125.00
0.582320	125.00
0.582340	125.00
0.582360	125.00
0.582380	125.00
0.582400	125.00
0.582420	125.00
0.582440	125.00
0.582460	125.00
0.582480	125.00
0.582500	124.00
0.582520	124.00
0.582540	124.00
0.582560	124.00
0.582580	125.00
0.582600	125.00
0.582620	125.00
0.582640	125.00
0.582660	125.00
0.582680	125.00
0.582700	125.00
0.582720	125.00
0.582740	125.00
0.582760	125.00
0.582780	125.00
0.582800	125.00
0.582820	125.00
0.582840	125.00
0.582860	126.00
0.582880	126.00
0.582900	125.00
0.582920	125.00
0.582940	125.00
0.582960	125.00
0.582980	126.00
0.583000	126.00
0.583020	126.00
0.583040	125.00
0.583060	125.00
0.583080	125.00
0.583100	125.00
0.583120	125.00
0.583140	125.00
0.583160	125.00
0.583180	126.00
0.583200	126.00
0.583220	126.00
0.583240	126.00
0.583260	125.00
0.583280	125.00
0.583300	125.00
0.583320	125.00
0.583340	125.00
0.583360	124.00
0.583380	124.00
0.583400	125.00
0.583420	125.00
0.583440	126.00
0.583460	126.00
0.583480	126.00
0.583500	125.00
0.583520	125.00
0.583540	125.00
0.583560	125.00
0.583580	125.00
0.583600	125.00
0.583620	125.00
0.583640	125.00
0.583660	125.00
0.583680	125.00
0.583700	125.00
0.583720	125.00
0.583740	126.00
0.583760	126.00
0.583780	126.00
0.583800	126.00
0.583820	126.00
0.583840	125.00
0.583860	125.00
0.583880	125.00
0.583900	125.00
0.583920	125.00
0.583940	125.00
0.583960	125.00
0.583980	125.00
0.584000	125.00
0.584020	125.00
0.584040	125.00
0.584060	125.00
0.584080	125.00
0.584100	125.00
0.584120	125.00
0.584140	125.00
0.584160	125.00
0.584180	125.00
0.584200	125.00
0.584220	125.00
0.584240	125.00
0.584260	125.00
0.584280	125.00
0.584300	125.00
0.584320	125.00
0.584340	125.00
0.584360	125.00
0.584380	125.00
0.584400	125.00
0.584420	125.00
0.584440	125.00
0.584460	125.00
0.584480	125.00
0.584500	125.00
0.584520	125.00
0.584540	125.00
0.584560	125.00
0.584580	125.00
0.584600	125.00
0.584620	125.00
0.584640	126.00
0.584660	126.00
0.584680	126.00
0.584700	126.00
0.584720	126.00
0.584740	125.00
0.584760	125.00
0.584780	125.00
0.584800	125.00
0.584820	125.00
0.584840	125.00
0.584860	125.00
0.584880	125.00
0.584900	126.00
0.584920	126.00
0.584940	126.00
0.584960	126.00
0.584980	126.00
0.585000	126.00
0.585020	125.00
0.585040	125.00
0.585060	125.00
0.585080	125.00
0.585100	125.00
0.585120	126.00
0.585140	126.00
0.585160	126.00
0.585180	126.00
0.585200	126.00
0.585220	125.00
0.585240	125.00
0.585260	125.00
0.585280	125.00
0.585300	125.00
0.585320	125.00
0.585340	125.00
0.585360	125.00
0.585380	125.00
0.585400	125.00
0.585420	125.00
0.585440	125.00
0.585460	125.00
0.585480	126.00
