0.279400	98.00
0.279420	38.00
0.279440	94.00
0.279460	138.00
0.279480	144.00
0.279500	125.00
0.279520	109.00
0.279540	113.00
0.279560	125.00
0.279580	131.00
0.279600	126.00
0.279620	121.00
0.279640	124.00
0.279660	131.00
0.279680	134.00
0.279700	131.00
0.279720	127.00
0.279740	127.00
0.279760	130.00
0.279780	127.00
0.279800	121.00
0.279820	116.00
0.279840	119.00
0.279860	127.00
0.279880	132.00
0.279900	132.00
0.279920	128.00
0.279940	126.00
0.279960	128.00
0.279980	130.00
0.280000	132.00
0.280020	134.00
0.280040	136.00
0.280060	137.00
0.280080	135.00
0.280100	130.00
0.280120	127.00
0.280140	127.00
0.280160	129.00
0.280180	129.00
0.280200	128.00
0.280220	126.00
0.280240	126.00
0.280260	125.00
0.280280	123.00
0.280300	121.00
0.280320	120.00
0.280340	122.00
0.280360	123.00
0.280380	122.00
0.280400	118.00
0.280420	116.00
0.280440	118.00
0.280460	121.00
0.280480	123.00
0.280500	121.00
0.280520	118.00
0.280540	116.00
0.280560	117.00
0.280580	118.00
0.280600	119.00
0.280620	120.00
0.280640	122.00
0.280660	122.00
0.280680	123.00
0.280700	124.00
0.280720	127.00
0.280740	131.00
0.280760	130.00
0.280780	126.00
0.280800	120.00
0.280820	119.00
0.280840	124.00
0.280860	130.00
0.280880	132.00
0.280900	129.00
0.280920	125.00
0.280940	124.00
0.280960	128.00
0.280980	133.00
0.281000	137.00
0.281020	139.00
0.281040	139.00
0.281060	136.00
0.281080	132.00
0.281100	128.00
0.281120	125.00
0.281140	125.00
0.281160	126.00
0.281180	125.00
0.281200	123.00
0.281220	121.00
0.281240	122.00
0.281260	123.00
0.281280	122.00
0.281300	119.00
0.281320	116.00
0.281340	115.00
0.281360	117.00
0.281380	121.00
0.281400	123.00
0.281420	123.00
0.281440	122.00
0.281460	120.00
0.281480	119.00
0.281500	119.00
0.281520	121.00
0.281540	123.00
0.281560	125.00
0.281580	124.00
0.281600	122.00
0.281620	122.00
0.281640	125.00
0.281660	131.00
0.281680	135.00
0.281700	136.00
0.281720	134.00
0.281740	130.00
0.281760	128.00
0.281780	127.00
0.281800	126.00
0.281820	126.00
0.281840	126.00
0.281860	126.00
0.281880	126.00
0.281900	126.00
0.281920	127.00
0.281940	129.00
0.281960	131.00
0.281980	132.00
0.282000	131.00
0.282020	132.00
0.282040	134.00
0.282060	137.00
0.282080	137.00
0.282100	134.00
0.282120	131.00
0.282140	129.00
0.282160	128.00
0.282180	127.00
0.282200	125.00
0.282220	123.00
0.282240	123.00
0.282260	125.00
0.282280	126.00
0.282300	126.00
0.282320	124.00
0.282340	122.00
0.282360	122.00
0.282380	121.00
0.282400	120.00
0.282420	118.00
0.282440	117.00
0.282460	118.00
0.282480	121.00
0.282500	122.00
0.282520	120.00
0.282540	117.00
0.282560	114.00
0.282580	114.00
0.282600	118.00
0.282620	122.00
0.282640	124.00
0.282660	123.00
0.282680	120.00
0.282700	119.00
0.282720	121.00
0.282740	124.00
0.282760	126.00
0.282780	126.00
0.282800	125.00
0.282820	127.00
0.282840	129.00
0.282860	131.00
0.282880	130.00
0.282900	128.00
0.282920	129.00
0.282940	131.00
0.282960	133.00
0.282980	133.00
0.283000	129.00
0.283020	126.00
0.283040	124.00
0.283060	125.00
0.283080	128.00
0.283100	130.00
0.283120	132.00
0.283140	131.00
0.283160	129.00
0.283180	126.00
0.283200	124.00
0.283220	124.00
0.283240	125.00
0.283260	125.00
0.283280	124.00
0.283300	121.00
0.283320	119.00
0.283340	119.00
0.283360	120.00
0.283380	121.00
0.283400	121.00
0.283420	121.00
0.283440	121.00
0.283460	120.00
0.283480	118.00
0.283500	118.00
0.283520	119.00
0.283540	123.00
0.283560	126.00
0.283580	128.00
0.283600	128.00
0.283620	127.00
0.283640	127.00
0.283660	126.00
0.283680	123.00
0.283700	122.00
0.283720	122.00
0.283740	125.00
0.283760	129.00
0.283780	131.00
0.283800	131.00
0.283820	130.00
0.283840	129.00
0.283860	130.00
0.283880	132.00
0.283900	134.00
0.283920	136.00
0.283940	137.00
0.283960	135.00
0.283980	131.00
0.284000	125.00
0.284020	122.00
0.284040	125.00
0.284060	131.00
0.284080	134.00
0.284100	132.00
0.284120	126.00
0.284140	122.00
0.284160	121.00
0.284180	124.00
0.284200	126.00
0.284220	126.00
0.284240	126.00
0.284260	125.00
0.284280	126.00
0.284300	125.00
0.284320	124.00
0.284340	121.00
0.284360	118.00
0.284380	116.00
0.284400	115.00
0.284420	116.00
0.284440	119.00
0.284460	122.00
0.284480	125.00
0.284500	126.00
0.284520	126.00
0.284540	128.00
0.284560	131.00
0.284580	133.00
0.284600	132.00
0.284620	128.00
0.284640	125.00
0.284660	123.00
0.284680	126.00
0.284700	129.00
0.284720	132.00
0.284740	131.00
0.284760	129.00
0.284780	127.00
0.284800	127.00
0.284820	127.00
0.284840	128.00
0.284860	128.00
0.284880	128.00
0.284900	130.00
0.284920	132.00
0.284940	134.00
0.284960	133.00
0.284980	129.00
0.285000	125.00
0.285020	121.00
0.285040	120.00
0.285060	121.00
0.285080	123.00
0.285100	126.00
0.285120	129.00
0.285140	131.00
0.285160	129.00
0.285180	125.00
0.285200	121.00
0.285220	121.00
0.285240	125.00
0.285260	128.00
0.285280	128.00
0.285300	123.00
0.285320	117.00
0.285340	112.00
0.285360	109.00
0.285380	108.00
0.285400	109.00
0.285420	111.00
0.285440	115.00
0.285460	119.00
0.285480	122.00
0.285500	127.00
0.285520	135.00
0.285540	142.00
0.285560	144.00
0.285580	138.00
0.285600	127.00
0.285620	117.00
0.285640	115.00
0.285660	118.00
0.285680	122.00
0.285700	121.00
0.285720	118.00
0.285740	118.00
0.285760	122.00
0.285780	129.00
0.285800	134.00
0.285820	138.00
0.285840	143.00
0.285860	149.00
0.285880	152.00
0.285900	148.00
0.285920	138.00
0.285940	128.00
0.285960	122.00
0.285980	121.00
0.286000	122.00
0.286020	121.00
0.286040	117.00
0.286060	115.00
0.286080	116.00
0.286100	119.00
0.286120	122.00
0.286140	124.00
0.286160	127.00
0.286180	129.00
0.286200	130.00
0.286220	128.00
0.286240	124.00
0.286260	120.00
0.286280	117.00
0.286300	115.00
0.286320	112.00
0.286340	108.00
0.286360	108.00
0.286380	112.00
0.286400	118.00
0.286420	124.00
0.286440	128.00
0.286460	131.00
0.286480	136.00
0.286500	141.00
0.286520	143.00
0.286540	138.00
0.286560	130.00
0.286580	124.00
0.286600	124.00
0.286620	129.00
0.286640	133.00
0.286660	132.00
0.286680	127.00
0.286700	124.00
0.286720	124.00
0.286740	127.00
0.286760	128.00
0.286780	128.00
0.286800	127.00
0.286820	128.00
0.286840	131.00
0.286860	133.00
0.286880	134.00
0.286900	134.00
0.286920	134.00
0.286940	132.00
0.286960	129.00
0.286980	125.00
0.287000	121.00
0.287020	121.00
0.287040	122.00
0.287060	123.00
0.287080	122.00
0.287100	120.00
0.287120	119.00
0.287140	120.00
0.287160	120.00
0.287180	119.00
0.287200	117.00
0.287220	118.00
0.287240	122.00
0.287260	127.00
0.287280	129.00
0.287300	127.00
0.287320	124.00
0.287340	121.00
0.287360	121.00
0.287380	121.00
0.287400	122.00
0.287420	125.00
0.287440	130.00
0.287460	134.00
0.287480	135.00
0.287500	132.00
0.287520	126.00
0.287540	123.00
0.287560	123.00
0.287580	125.00
0.287600	128.00
0.287620	128.00
0.287640	127.00
0.287660	125.00
0.287680	123.00
0.287700	121.00
0.287720	119.00
0.287740	120.00
0.287760	124.00
0.287780	128.00
0.287800	133.00
0.287820	137.00
0.287840	139.00
0.287860	138.00
0.287880	134.00
0.287900	128.00
0.287920	123.00
0.287940	120.00
0.287960	121.00
0.287980	122.00
0.288000	122.00
0.288020	119.00
0.288040	116.00
0.288060	116.00
0.288080	119.00
0.288100	123.00
0.288120	125.00
0.288140	124.00
0.288160	121.00
0.288180	119.00
0.288200	120.00
0.288220	122.00
0.288240	123.00
0.288260	121.00
0.288280	118.00
0.288300	116.00
0.288320	117.00
0.288340	119.00
0.288360	123.00
0.288380	126.00
0.288400	129.00
0.288420	131.00
0.288440	133.00
0.288460	134.00
0.288480	133.00
0.288500	132.00
0.288520	131.00
0.288540	128.00
0.288560	126.00
0.288580	125.00
0.288600	127.00
0.288620	132.00
0.288640	135.00
0.288660	133.00
0.288680	128.00
0.288700	124.00
0.288720	126.00
0.288740	131.00
0.288760	134.00
0.288780	133.00
0.288800	129.00
0.288820	126.00
0.288840	128.00
0.288860	130.00
0.288880	130.00
0.288900	126.00
0.288920	121.00
0.288940	121.00
0.288960	123.00
0.288980	124.00
0.289000	123.00
0.289020	120.00
0.289040	119.00
0.289060	120.00
0.289080	120.00
0.289100	119.00
0.289120	116.00
0.289140	115.00
0.289160	118.00
0.289180	121.00
0.289200	122.00
0.289220	120.00
0.289240	118.00
0.289260	119.00
0.289280	121.00
0.289300	124.00
0.289320	124.00
0.289340	124.00
0.289360	126.00
0.289380	131.00
0.289400	136.00
0.289420	138.00
0.289440	136.00
0.289460	132.00
0.289480	129.00
0.289500	128.00
0.289520	128.00
0.289540	127.00
0.289560	126.00
0.289580	125.00
0.289600	126.00
0.289620	129.00
0.289640	131.00
0.289660	132.00
0.289680	130.00
0.289700	130.00
0.289720	131.00
0.289740	133.00
0.289760	133.00
0.289780	132.00
0.289800	128.00
0.289820	126.00
0.289840	126.00
0.289860	126.00
0.289880	127.00
0.289900	128.00
0.289920	129.00
0.289940	129.00
0.289960	127.00
0.289980	124.00
0.290000	122.00
0.290020	121.00
0.290040	122.00
0.290060	122.00
0.290080	120.00
0.290100	117.00
0.290120	115.00
0.290140	117.00
0.290160	121.00
0.290180	124.00
0.290200	123.00
0.290220	120.00
0.290240	118.00
0.290260	118.00
0.290280	120.00
0.290300	122.00
0.290320	125.00
0.290340	128.00
0.290360	132.00
0.290380	133.00
0.290400	131.00
0.290420	127.00
0.290440	123.00
0.290460	121.00
0.290480	123.00
0.290500	126.00
0.290520	127.00
0.290540	126.00
0.290560	124.00
0.290580	125.00
0.290600	127.00
0.290620	131.00
0.290640	132.00
0.290660	131.00
0.290680	128.00
0.290700	126.00
0.290720	127.00
0.290740	130.00
0.290760	132.00
0.290780	132.00
0.290800	130.00
0.290820	129.00
0.290840	128.00
0.290860	125.00
0.290880	120.00
0.290900	116.00
0.290920	117.00
0.290940	122.00
0.290960	128.00
0.290980	129.00
0.291000	125.00
0.291020	120.00
0.291040	118.00
0.291060	119.00
0.291080	120.00
0.291100	120.00
0.291120	118.00
0.291140	117.00
0.291160	118.00
0.291180	121.00
0.291200	122.00
0.291220	122.00
0.291240	121.00
0.291260	121.00
0.291280	122.00
0.291300	123.00
0.291320	125.00
0.291340	127.00
0.291360	128.00
0.291380	127.00
0.291400	125.00
0.291420	123.00
0.291440	124.00
0.291460	126.00
0.291480	128.00
0.291500	128.00
0.291520	127.00
0.291540	126.00
0.291560	128.00
0.291580	132.00
0.291600	135.00
0.291620	135.00
0.291640	132.00
0.291660	129.00
0.291680	127.00
0.291700	128.00
0.291720	131.00
0.291740	136.00
0.291760	140.00
0.291780	139.00
0.291800	135.00
0.291820	129.00
0.291840	125.00
0.291860	123.00
0.291880	122.00
0.291900	121.00
0.291920	120.00
0.291940	121.00
0.291960	123.00
0.291980	123.00
0.292000	122.00
0.292020	119.00
0.292040	117.00
0.292060	119.00
0.292080	123.00
0.292100	126.00
0.292120	124.00
0.292140	120.00
0.292160	118.00
0.292180	120.00
0.292200	125.00
0.292220	132.00
0.292240	135.00
0.292260	133.00
0.292280	127.00
0.292300	121.00
0.292320	117.00
0.292340	118.00
0.292360	122.00
0.292380	127.00
0.292400	130.00
0.292420	130.00
0.292440	127.00
0.292460	125.00
0.292480	124.00
0.292500	125.00
0.292520	127.00
0.292540	129.00
0.292560	128.00
0.292580	126.00
0.292600	123.00
0.292620	123.00
0.292640	127.00
0.292660	132.00
0.292680	135.00
0.292700	135.00
0.292720	132.00
0.292740	129.00
0.292760	129.00
0.292780	129.00
0.292800	128.00
0.292820	126.00
0.292840	124.00
0.292860	123.00
0.292880	122.00
0.292900	122.00
0.292920	121.00
0.292940	121.00
0.292960	121.00
0.292980	121.00
0.293000	120.00
0.293020	120.00
0.293040	122.00
0.293060	124.00
0.293080	123.00
0.293100	120.00
0.293120	116.00
0.293140	116.00
0.293160	119.00
0.293180	123.00
0.293200	125.00
0.293220	124.00
0.293240	125.00
0.293260	128.00
0.293280	130.00
0.293300	129.00
0.293320	125.00
0.293340	122.00
0.293360	124.00
0.293380	129.00
0.293400	133.00
0.293420	133.00
0.293440	131.00
0.293460	131.00
0.293480	133.00
0.293500	135.00
0.293520	135.00
0.293540	134.00
0.293560	134.00
0.293580	135.00
0.293600	134.00
0.293620	131.00
0.293640	127.00
0.293660	127.00
0.293680	129.00
0.293700	131.00
0.293720	128.00
0.293740	121.00
0.293760	117.00
0.293780	117.00
0.293800	120.00
0.293820	121.00
0.293840	117.00
0.293860	112.00
0.293880	111.00
0.293900	115.00
0.293920	119.00
0.293940	120.00
0.293960	118.00
0.293980	116.00
0.294000	117.00
0.294020	120.00
0.294040	121.00
0.294060	122.00
0.294080	122.00
0.294100	123.00
0.294120	123.00
0.294140	121.00
0.294160	121.00
0.294180	125.00
0.294200	132.00
0.294220	139.00
0.294240	141.00
0.294260	136.00
0.294280	129.00
0.294300	125.00
0.294320	125.00
0.294340	128.00
0.294360	130.00
0.294380	129.00
0.294400	127.00
0.294420	126.00
0.294440	126.00
0.294460	127.00
0.294480	128.00
0.294500	128.00
0.294520	129.00
0.294540	131.00
0.294560	133.00
0.294580	134.00
0.294600	134.00
0.294620	133.00
0.294640	132.00
0.294660	130.00
0.294680	127.00
0.294700	124.00
0.294720	122.00
0.294740	121.00
0.294760	123.00
0.294780	126.00
0.294800	128.00
0.294820	128.00
0.294840	127.00
0.294860	124.00
0.294880	123.00
0.294900	123.00
0.294920	124.00
0.294940	124.00
0.294960	122.00
0.294980	119.00
0.295000	116.00
0.295020	114.00
0.295040	116.00
0.295060	119.00
0.295080	121.00
0.295100	123.00
0.295120	123.00
0.295140	125.00
0.295160	128.00
0.295180	131.00
0.295200	132.00
0.295220	129.00
0.295240	125.00
0.295260	125.00
0.295280	128.00
0.295300	131.00
0.295320	132.00
0.295340	129.00
0.295360	125.00
0.295380	124.00
0.295400	127.00
0.295420	131.00
0.295440	133.00
0.295460	132.00
0.295480	130.00
0.295500	128.00
0.295520	126.00
0.295540	124.00
0.295560	124.00
0.295580	125.00
0.295600	128.00
0.295620	130.00
0.295640	129.00
0.295660	127.00
0.295680	124.00
0.295700	123.00
0.295720	121.00
0.295740	121.00
0.295760	122.00
0.295780	126.00
0.295800	130.00
0.295820	131.00
0.295840	128.00
0.295860	121.00
0.295880	117.00
0.295900	117.00
0.295920	121.00
0.295940	123.00
0.295960	121.00
0.295980	117.00
0.296000	115.00
0.296020	118.00
0.296040	122.00
0.296060	124.00
0.296080	122.00
0.296100	118.00
0.296120	117.00
0.296140	119.00
0.296160	124.00
0.296180	129.00
0.296200	130.00
0.296220	129.00
0.296240	128.00
0.296260	128.00
0.296280	129.00
0.296300	130.00
0.296320	130.00
0.296340	130.00
0.296360	129.00
0.296380	131.00
0.296400	133.00
0.296420	133.00
0.296440	130.00
0.296460	125.00
0.296480	121.00
0.296500	122.00
0.296520	125.00
0.296540	129.00
0.296560	131.00
0.296580	131.00
0.296600	129.00
0.296620	129.00
0.296640	128.00
0.296660	126.00
0.296680	122.00
0.296700	119.00
0.296720	117.00
0.296740	116.00
0.296760	115.00
0.296780	116.00
0.296800	119.00
0.296820	124.00
0.296840	128.00
0.296860	129.00
0.296880	129.00
0.296900	127.00
0.296920	126.00
0.296940	125.00
0.296960	125.00
0.296980	125.00
0.297000	125.00
0.297020	125.00
0.297040	126.00
0.297060	126.00
0.297080	126.00
0.297100	126.00
0.297120	127.00
0.297140	128.00
0.297160	126.00
0.297180	124.00
0.297200	123.00
0.297220	123.00
0.297240	125.00
0.297260	125.00
0.297280	124.00
0.297300	125.00
0.297320	128.00
0.297340	133.00
0.297360	137.00
0.297380	136.00
0.297400	133.00
0.297420	130.00
0.297440	129.00
0.297460	128.00
0.297480	127.00
0.297500	126.00
0.297520	125.00
0.297540	126.00
0.297560	127.00
0.297580	126.00
0.297600	123.00
0.297620	121.00
0.297640	120.00
0.297660	121.00
0.297680	124.00
0.297700	125.00
0.297720	125.00
0.297740	124.00
0.297760	121.00
0.297780	118.00
0.297800	116.00
0.297820	116.00
0.297840	119.00
0.297860	122.00
0.297880	123.00
0.297900	121.00
0.297920	120.00
0.297940	121.00
0.297960	124.00
0.297980	127.00
0.298000	127.00
0.298020	127.00
0.298040	128.00
0.298060	129.00
0.298080	131.00
0.298100	131.00
0.298120	130.00
0.298140	129.00
0.298160	128.00
0.298180	127.00
0.298200	125.00
0.298220	124.00
0.298240	123.00
0.298260	125.00
0.298280	127.00
0.298300	129.00
0.298320	128.00
0.298340	127.00
0.298360	125.00
0.298380	126.00
0.298400	129.00
0.298420	132.00
0.298440	134.00
0.298460	134.00
0.298480	132.00
0.298500	130.00
0.298520	129.00
0.298540	128.00
0.298560	128.00
0.298580	128.00
0.298600	128.00
0.298620	128.00
0.298640	128.00
0.298660	126.00
0.298680	122.00
0.298700	119.00
0.298720	118.00
0.298740	120.00
0.298760	123.00
0.298780	123.00
0.298800	121.00
0.298820	119.00
0.298840	117.00
0.298860	116.00
0.298880	115.00
0.298900	114.00
0.298920	116.00
0.298940	121.00
0.298960	127.00
0.298980	129.00
0.299000	128.00
0.299020	126.00
0.299040	127.00
0.299060	130.00
0.299080	132.00
0.299100	131.00
0.299120	127.00
0.299140	125.00
0.299160	124.00
0.299180	123.00
0.299200	122.00
0.299220	121.00
0.299240	124.00
0.299260	130.00
0.299280	136.00
0.299300	137.00
0.299320	135.00
0.299340	134.00
0.299360	136.00
0.299380	138.00
0.299400	137.00
0.299420	133.00
0.299440	128.00
0.299460	126.00
0.299480	127.00
0.299500	129.00
0.299520	132.00
0.299540	133.00
0.299560	132.00
0.299580	127.00
0.299600	119.00
0.299620	111.00
0.299640	106.00
0.299660	109.00
0.299680	116.00
0.299700	120.00
0.299720	121.00
0.299740	120.00
0.299760	121.00
0.299780	125.00
0.299800	129.00
0.299820	128.00
0.299840	122.00
0.299860	116.00
0.299880	113.00
0.299900	114.00
0.299920	116.00
0.299940	119.00
0.299960	123.00
0.299980	127.00
0.300000	132.00
0.300020	136.00
0.300040	137.00
0.300060	137.00
0.300080	135.00
0.300100	133.00
0.300120	130.00
0.300140	128.00
0.300160	127.00
0.300180	126.00
0.300200	127.00
0.300220	127.00
0.300240	129.00
0.300260	132.00
0.300280	137.00
0.300300	141.00
0.300320	140.00
0.300340	136.00
0.300360	128.00
0.300380	120.00
0.300400	114.00
0.300420	110.00
0.300440	110.00
0.300460	114.00
0.300480	124.00
0.300500	135.00
0.300520	143.00
0.300540	144.00
0.300560	138.00
0.300580	129.00
0.300600	121.00
0.300620	116.00
0.300640	114.00
0.300660	115.00
0.300680	118.00
0.300700	122.00
0.300720	126.00
0.300740	128.00
0.300760	127.00
0.300780	125.00
0.300800	122.00
0.300820	119.00
0.300840	117.00
0.300860	115.00
0.300880	113.00
0.300900	112.00
0.300920	114.00
0.300940	119.00
0.300960	123.00
0.300980	125.00
0.301000	121.00
0.301020	116.00
0.301040	113.00
0.301060	117.00
0.301080	129.00
0.301100	143.00
0.301120	154.00
0.301140	158.00
0.301160	151.00
0.301180	135.00
0.301200	113.00
0.301220	94.00
0.301240	87.00
0.301260	98.00
0.301280	122.00
0.301300	150.00
0.301320	171.00
0.301340	178.00
0.301360	170.00
0.301380	151.00
0.301400	125.00
0.301420	100.00
0.301440	82.00
0.301460	79.00
0.301480	92.00
0.301500	118.00
0.301520	146.00
0.301540	166.00
0.301560	170.00
0.301580	159.00
0.301600	136.00
0.301620	109.00
0.301640	86.00
0.301660	74.00
0.301680	77.00
0.301700	93.00
0.301720	115.00
0.301740	135.00
0.301760	148.00
0.301780	155.00
0.301800	154.00
0.301820	149.00
0.301840	140.00
0.301860	129.00
0.301880	118.00
0.301900	107.00
0.301920	97.00
0.301940	88.00
0.301960	86.00
0.301980	93.00
0.302000	108.00
0.302020	128.00
0.302040	146.00
0.302060	156.00
0.302080	158.00
0.302100	154.00
0.302120	146.00
0.302140	134.00
0.302160	122.00
0.302180	112.00
0.302200	107.00
0.302220	108.00
0.302240	112.00
0.302260	118.00
0.302280	125.00
0.302300	132.00
0.302320	140.00
0.302340	145.00
0.302360	145.00
0.302380	142.00
0.302400	137.00
0.302420	134.00
0.302440	130.00
0.302460	123.00
0.302480	115.00
0.302500	108.00
0.302520	108.00
0.302540	115.00
0.302560	123.00
0.302580	128.00
0.302600	127.00
0.302620	124.00
0.302640	125.00
0.302660	129.00
0.302680	134.00
0.302700	133.00
0.302720	126.00
0.302740	116.00
0.302760	110.00
0.302780	109.00
0.302800	111.00
0.302820	114.00
0.302840	119.00
0.302860	127.00
0.302880	135.00
0.302900	141.00
0.302920	142.00
0.302940	139.00
0.302960	136.00
0.302980	137.00
0.303000	139.00
0.303020	139.00
0.303040	136.00
0.303060	131.00
0.303080	129.00
0.303100	129.00
0.303120	130.00
0.303140	129.00
0.303160	128.00
0.303180	127.00
0.303200	129.00
0.303220	133.00
0.303240	135.00
0.303260	135.00
0.303280	132.00
0.303300	129.00
0.303320	125.00
0.303340	122.00
0.303360	120.00
0.303380	121.00
0.303400	124.00
0.303420	128.00
0.303440	130.00
0.303460	128.00
0.303480	123.00
0.303500	119.00
0.303520	117.00
0.303540	119.00
0.303560	121.00
0.303580	122.00
0.303600	121.00
0.303620	118.00
0.303640	117.00
0.303660	118.00
0.303680	123.00
0.303700	129.00
0.303720	132.00
0.303740	129.00
0.303760	122.00
0.303780	117.00
0.303800	116.00
0.303820	121.00
0.303840	126.00
0.303860	129.00
0.303880	130.00
0.303900	129.00
0.303920	127.00
0.303940	125.00
0.303960	123.00
0.303980	121.00
0.304000	122.00
0.304020	124.00
0.304040	127.00
0.304060	129.00
0.304080	128.00
0.304100	127.00
0.304120	127.00
0.304140	127.00
0.304160	127.00
0.304180	127.00
0.304200	127.00
0.304220	127.00
0.304240	128.00
0.304260	130.00
0.304280	132.00
0.304300	132.00
0.304320	130.00
0.304340	126.00
0.304360	124.00
0.304380	123.00
0.304400	124.00
0.304420	125.00
0.304440	123.00
0.304460	119.00
0.304480	115.00
0.304500	116.00
0.304520	119.00
0.304540	121.00
0.304560	122.00
0.304580	121.00
0.304600	120.00
0.304620	119.00
0.304640	119.00
0.304660	118.00
0.304680	118.00
0.304700	118.00
0.304720	120.00
0.304740	121.00
0.304760	122.00
0.304780	124.00
0.304800	128.00
0.304820	133.00
0.304840	136.00
0.304860	135.00
0.304880	131.00
0.304900	129.00
0.304920	129.00
0.304940	130.00
0.304960	131.00
0.304980	130.00
0.305000	129.00
0.305020	129.00
0.305040	130.00
0.305060	130.00
0.305080	129.00
0.305100	130.00
0.305120	132.00
0.305140	133.00
0.305160	133.00
0.305180	129.00
0.305200	125.00
0.305220	126.00
0.305240	131.00
0.305260	135.00
0.305280	135.00
0.305300	132.00
0.305320	128.00
0.305340	127.00
0.305360	128.00
0.305380	129.00
0.305400	127.00
0.305420	124.00
0.305440	122.00
0.305460	121.00
0.305480	121.00
0.305500	121.00
0.305520	119.00
0.305540	116.00
0.305560	114.00
0.305580	113.00
0.305600	113.00
0.305620	115.00
0.305640	117.00
0.305660	120.00
0.305680	124.00
0.305700	127.00
0.305720	129.00
0.305740	131.00
0.305760	132.00
0.305780	133.00
0.305800	133.00
0.305820	131.00
0.305840	127.00
0.305860	125.00
0.305880	124.00
0.305900	127.00
0.305920	130.00
0.305940	131.00
0.305960	130.00
0.305980	127.00
0.306000	125.00
0.306020	125.00
0.306040	126.00
0.306060	127.00
0.306080	130.00
0.306100	132.00
0.306120	133.00
0.306140	131.00
0.306160	127.00
0.306180	124.00
0.306200	125.00
0.306220	128.00
0.306240	131.00
0.306260	130.00
0.306280	125.00
0.306300	120.00
0.306320	119.00
0.306340	120.00
0.306360	121.00
0.306380	120.00
0.306400	117.00
0.306420	114.00
0.306440	114.00
0.306460	116.00
0.306480	119.00
0.306500	120.00
0.306520	121.00
0.306540	121.00
0.306560	122.00
0.306580	123.00
0.306600	122.00
0.306620	121.00
0.306640	121.00
0.306660	122.00
0.306680	123.00
0.306700	125.00
0.306720	128.00
0.306740	131.00
0.306760	134.00
0.306780	136.00
0.306800	136.00
0.306820	133.00
0.306840	129.00
0.306860	125.00
0.306880	124.00
0.306900	126.00
0.306920	128.00
0.306940	129.00
0.306960	126.00
0.306980	123.00
0.307000	124.00
0.307020	129.00
0.307040	134.00
0.307060	137.00
0.307080	136.00
0.307100	134.00
0.307120	134.00
0.307140	134.00
0.307160	132.00
0.307180	127.00
0.307200	122.00
0.307220	120.00
0.307240	123.00
0.307260	126.00
0.307280	128.00
0.307300	125.00
0.307320	121.00
0.307340	117.00
0.307360	115.00
0.307380	113.00
0.307400	113.00
0.307420	115.00
0.307440	120.00
0.307460	124.00
0.307480	126.00
0.307500	124.00
0.307520	119.00
0.307540	115.00
0.307560	115.00
0.307580	118.00
0.307600	123.00
0.307620	126.00
0.307640	126.00
0.307660	125.00
0.307680	126.00
0.307700	129.00
0.307720	133.00
0.307740	134.00
0.307760	131.00
0.307780	126.00
0.307800	123.00
0.307820	124.00
0.307840	125.00
0.307860	127.00
0.307880	127.00
0.307900	128.00
0.307920	129.00
0.307940	128.00
0.307960	126.00
0.307980	123.00
0.308000	124.00
0.308020	129.00
0.308040	137.00
0.308060	140.00
0.308080	137.00
0.308100	131.00
0.308120	127.00
0.308140	127.00
0.308160	129.00
0.308180	128.00
0.308200	126.00
0.308220	125.00
0.308240	125.00
0.308260	126.00
0.308280	125.00
0.308300	122.00
0.308320	119.00
0.308340	118.00
0.308360	118.00
0.308380	117.00
0.308400	116.00
0.308420	116.00
0.308440	119.00
0.308460	122.00
0.308480	122.00
0.308500	119.00
0.308520	116.00
0.308540	115.00
0.308560	118.00
0.308580	120.00
0.308600	120.00
0.308620	120.00
0.308640	121.00
0.308660	126.00
0.308680	129.00
0.308700	130.00
0.308720	129.00
0.308740	127.00
0.308760	128.00
0.308780	131.00
0.308800	134.00
0.308820	133.00
0.308840	130.00
0.308860	128.00
0.308880	128.00
0.308900	132.00
0.308920	136.00
0.308940	138.00
0.308960	135.00
0.308980	131.00
0.309000	128.00
0.309020	129.00
0.309040	132.00
0.309060	133.00
0.309080	131.00
0.309100	128.00
0.309120	126.00
0.309140	129.00
0.309160	131.00
0.309180	131.00
0.309200	127.00
0.309220	122.00
0.309240	121.00
0.309260	122.00
0.309280	123.00
0.309300	122.00
0.309320	120.00
0.309340	118.00
0.309360	118.00
0.309380	119.00
0.309400	118.00
0.309420	116.00
0.309440	115.00
0.309460	116.00
0.309480	118.00
0.309500	120.00
0.309520	122.00
0.309540	123.00
0.309560	123.00
0.309580	123.00
0.309600	123.00
0.309620	124.00
0.309640	125.00
0.309660	127.00
0.309680	125.00
0.309700	123.00
0.309720	122.00
0.309740	124.00
0.309760	129.00
0.309780	131.00
0.309800	131.00
0.309820	128.00
0.309840	127.00
0.309860	129.00
0.309880	131.00
0.309900	133.00
0.309920	134.00
0.309940	135.00
0.309960	138.00
0.309980	139.00
0.310000	138.00
0.310020	133.00
0.310040	130.00
0.310060	130.00
0.310080	132.00
0.310100	132.00
0.310120	129.00
0.310140	124.00
0.310160	121.00
0.310180	124.00
0.310200	128.00
0.310220	131.00
0.310240	131.00
0.310260	127.00
0.310280	124.00
0.310300	121.00
0.310320	118.00
0.310340	114.00
0.310360	108.00
0.310380	103.00
0.310400	104.00
0.310420	110.00
0.310440	117.00
0.310460	121.00
0.310480	122.00
0.310500	122.00
0.310520	125.00
0.310540	131.00
0.310560	136.00
0.310580	138.00
0.310600	136.00
0.310620	133.00
0.310640	130.00
0.310660	125.00
0.310680	118.00
0.310700	111.00
0.310720	108.00
0.310740	111.00
0.310760	119.00
0.310780	128.00
0.310800	133.00
0.310820	137.00
0.310840	141.00
0.310860	145.00
0.310880	146.00
0.310900	144.00
0.310920	141.00
0.310940	137.00
0.310960	134.00
0.310980	131.00
0.311000	125.00
0.311020	120.00
0.311040	119.00
0.311060	122.00
0.311080	127.00
0.311100	129.00
0.311120	128.00
0.311140	125.00
0.311160	124.00
0.311180	124.00
0.311200	124.00
0.311220	124.00
0.311240	124.00
0.311260	122.00
0.311280	118.00
0.311300	112.00
0.311320	109.00
0.311340	110.00
0.311360	114.00
0.311380	118.00
0.311400	119.00
0.311420	119.00
0.311440	120.00
0.311460	124.00
0.311480	126.00
0.311500	125.00
0.311520	123.00
0.311540	123.00
0.311560	128.00
0.311580	135.00
0.311600	137.00
0.311620	134.00
0.311640	128.00
0.311660	124.00
0.311680	123.00
0.311700	123.00
0.311720	122.00
0.311740	123.00
0.311760	125.00
0.311780	129.00
0.311800	132.00
0.311820	131.00
0.311840	129.00
0.311860	127.00
0.311880	126.00
0.311900	125.00
0.311920	125.00
0.311940	125.00
0.311960	128.00
0.311980	131.00
0.312000	133.00
0.312020	132.00
0.312040	130.00
0.312060	128.00
0.312080	128.00
0.312100	128.00
0.312120	127.00
0.312140	127.00
0.312160	126.00
0.312180	124.00
0.312200	121.00
0.312220	117.00
0.312240	116.00
0.312260	120.00
0.312280	126.00
0.312300	129.00
0.312320	127.00
0.312340	122.00
0.312360	118.00
0.312380	118.00
0.312400	121.00
0.312420	122.00
0.312440	121.00
0.312460	119.00
0.312480	120.00
0.312500	123.00
0.312520	127.00
0.312540	130.00
0.312560	133.00
0.312580	133.00
0.312600	130.00
0.312620	126.00
0.312640	122.00
0.312660	123.00
0.312680	127.00
0.312700	130.00
0.312720	128.00
0.312740	123.00
0.312760	119.00
0.312780	121.00
0.312800	125.00
0.312820	126.00
0.312840	124.00
0.312860	120.00
0.312880	120.00
0.312900	124.00
0.312920	129.00
0.312940	132.00
0.312960	133.00
0.312980	133.00
0.313000	133.00
0.313020	133.00
0.313040	130.00
0.313060	126.00
0.313080	122.00
0.313100	119.00
0.313120	118.00
0.313140	118.00
0.313160	121.00
0.313180	124.00
0.313200	126.00
0.313220	125.00
0.313240	121.00
0.313260	117.00
0.313280	116.00
0.313300	118.00
0.313320	120.00
0.313340	121.00
0.313360	121.00
0.313380	122.00
0.313400	123.00
0.313420	125.00
0.313440	126.00
0.313460	129.00
0.313480	133.00
0.313500	139.00
0.313520	141.00
0.313540	138.00
0.313560	132.00
0.313580	126.00
0.313600	126.00
0.313620	129.00
0.313640	131.00
0.313660	129.00
0.313680	126.00
0.313700	126.00
0.313720	129.00
0.313740	134.00
0.313760	136.00
0.313780	135.00
0.313800	132.00
0.313820	130.00
0.313840	131.00
0.313860	131.00
0.313880	130.00
0.313900	128.00
0.313920	127.00
0.313940	126.00
0.313960	126.00
0.313980	126.00
0.314000	124.00
0.314020	121.00
0.314040	118.00
0.314060	116.00
0.314080	118.00
0.314100	121.00
0.314120	123.00
0.314140	123.00
0.314160	121.00
0.314180	118.00
0.314200	117.00
0.314220	119.00
0.314240	122.00
0.314260	124.00
0.314280	123.00
0.314300	121.00
0.314320	120.00
0.314340	122.00
0.314360	125.00
0.314380	126.00
0.314400	125.00
0.314420	124.00
0.314440	127.00
0.314460	132.00
0.314480	136.00
0.314500	134.00
0.314520	129.00
0.314540	125.00
0.314560	126.00
0.314580	132.00
0.314600	136.00
0.314620	135.00
0.314640	130.00
0.314660	128.00
0.314680	129.00
0.314700	131.00
0.314720	131.00
0.314740	128.00
0.314760	128.00
0.314780	131.00
0.314800	135.00
0.314820	134.00
0.314840	128.00
0.314860	121.00
0.314880	120.00
0.314900	123.00
0.314920	126.00
0.314940	125.00
0.314960	121.00
0.314980	120.00
0.315000	121.00
0.315020	122.00
0.315040	120.00
0.315060	117.00
0.315080	117.00
0.315100	122.00
0.315120	127.00
0.315140	127.00
0.315160	122.00
0.315180	118.00
0.315200	120.00
0.315220	126.00
0.315240	128.00
0.315260	122.00
0.315280	115.00
0.315300	113.00
0.315320	118.00
0.315340	125.00
0.315360	128.00
0.315380	126.00
0.315400	125.00
0.315420	128.00
0.315440	132.00
0.315460	133.00
0.315480	128.00
0.315500	122.00
0.315520	121.00
0.315540	124.00
0.315560	128.00
0.315580	128.00
0.315600	127.00
0.315620	127.00
0.315640	130.00
0.315660	132.00
0.315680	131.00
0.315700	128.00
0.315720	126.00
0.315740	127.00
0.315760	129.00
0.315780	129.00
0.315800	128.00
0.315820	127.00
0.315840	128.00
0.315860	131.00
0.315880	134.00
0.315900	133.00
0.315920	131.00
0.315940	128.00
0.315960	126.00
0.315980	124.00
0.316000	121.00
0.316020	119.00
0.316040	119.00
0.316060	120.00
0.316080	121.00
0.316100	123.00
0.316120	123.00
0.316140	122.00
0.316160	121.00
0.316180	119.00
0.316200	118.00
0.316220	119.00
0.316240	122.00
0.316260	125.00
0.316280	126.00
0.316300	124.00
0.316320	120.00
0.316340	119.00
0.316360	123.00
0.316380	130.00
0.316400	134.00
0.316420	133.00
0.316440	128.00
0.316460	123.00
0.316480	124.00
0.316500	130.00
0.316520	133.00
0.316540	131.00
0.316560	124.00
0.316580	121.00
0.316600	124.00
0.316620	132.00
0.316640	137.00
0.316660	134.00
0.316680	128.00
0.316700	124.00
0.316720	125.00
0.316740	128.00
0.316760	129.00
0.316780	127.00
0.316800	124.00
0.316820	124.00
0.316840	125.00
0.316860	125.00
0.316880	122.00
0.316900	119.00
0.316920	119.00
0.316940	123.00
0.316960	126.00
0.316980	126.00
0.317000	123.00
0.317020	119.00
0.317040	118.00
0.317060	119.00
0.317080	118.00
0.317100	117.00
0.317120	115.00
0.317140	114.00
0.317160	114.00
0.317180	116.00
0.317200	118.00
0.317220	121.00
0.317240	123.00
0.317260	122.00
0.317280	120.00
0.317300	121.00
0.317320	126.00
0.317340	133.00
0.317360	136.00
0.317380	133.00
0.317400	128.00
0.317420	125.00
0.317440	128.00
0.317460	133.00
0.317480	134.00
0.317500	131.00
0.317520	126.00
0.317540	124.00
0.317560	127.00
0.317580	131.00
0.317600	133.00
0.317620	134.00
0.317640	133.00
0.317660	133.00
0.317680	134.00
0.317700	133.00
0.317720	133.00
0.317740	132.00
0.317760	132.00
0.317780	130.00
0.317800	128.00
0.317820	126.00
0.317840	127.00
0.317860	127.00
0.317880	125.00
0.317900	121.00
0.317920	116.00
0.317940	116.00
0.317960	119.00
0.317980	122.00
0.318000	121.00
0.318020	118.00
0.318040	115.00
0.318060	116.00
0.318080	119.00
0.318100	122.00
0.318120	122.00
0.318140	121.00
0.318160	121.00
0.318180	122.00
0.318200	123.00
0.318220	121.00
0.318240	120.00
0.318260	121.00
0.318280	124.00
0.318300	127.00
0.318320	127.00
0.318340	126.00
0.318360	126.00
0.318380	127.00
0.318400	128.00
0.318420	128.00
0.318440	127.00
0.318460	126.00
0.318480	128.00
0.318500	133.00
0.318520	137.00
0.318540	140.00
0.318560	139.00
0.318580	137.00
0.318600	133.00
0.318620	130.00
0.318640	130.00
0.318660	130.00
0.318680	130.00
0.318700	129.00
0.318720	127.00
0.318740	127.00
0.318760	127.00
0.318780	127.00
0.318800	124.00
0.318820	121.00
0.318840	120.00
0.318860	121.00
0.318880	124.00
0.318900	124.00
0.318920	121.00
0.318940	116.00
0.318960	113.00
0.318980	114.00
0.319000	117.00
0.319020	120.00
0.319040	121.00
0.319060	121.00
0.319080	121.00
0.319100	121.00
0.319120	120.00
0.319140	120.00
0.319160	120.00
0.319180	122.00
0.319200	125.00
0.319220	128.00
0.319240	131.00
0.319260	135.00
0.319280	136.00
0.319300	133.00
0.319320	127.00
0.319340	120.00
0.319360	119.00
0.319380	122.00
