0.279400	102.00
0.279420	50.00
0.279440	100.00
0.279460	137.00
0.279480	139.00
0.279500	121.00
0.279520	109.00
0.279540	116.00
0.279560	130.00
0.279580	134.00
0.279600	127.00
0.279620	120.00
0.279640	123.00
0.279660	130.00
0.279680	132.00
0.279700	128.00
0.279720	125.00
0.279740	129.00
0.279760	136.00
0.279780	137.00
0.279800	131.00
0.279820	124.00
0.279840	123.00
0.279860	125.00
0.279880	126.00
0.279900	123.00
0.279920	120.00
0.279940	121.00
0.279960	126.00
0.279980	128.00
0.280000	127.00
0.280020	127.00
0.280040	131.00
0.280060	137.00
0.280080	140.00
0.280100	136.00
0.280120	130.00
0.280140	125.00
0.280160	125.00
0.280180	128.00
0.280200	130.00
0.280220	132.00
0.280240	133.00
0.280260	133.00
0.280280	129.00
0.280300	124.00
0.280320	121.00
0.280340	121.00
0.280360	124.00
0.280380	126.00
0.280400	125.00
0.280420	124.00
0.280440	123.00
0.280460	125.00
0.280480	126.00
0.280500	126.00
0.280520	122.00
0.280540	116.00
0.280560	111.00
0.280580	108.00
0.280600	109.00
0.280620	115.00
0.280640	123.00
0.280660	129.00
0.280680	129.00
0.280700	126.00
0.280720	125.00
0.280740	127.00
0.280760	130.00
0.280780	130.00
0.280800	127.00
0.280820	124.00
0.280840	124.00
0.280860	127.00
0.280880	128.00
0.280900	128.00
0.280920	127.00
0.280940	127.00
0.280960	127.00
0.280980	126.00
0.281000	125.00
0.281020	125.00
0.281040	127.00
0.281060	129.00
0.281080	129.00
0.281100	127.00
0.281120	124.00
0.281140	126.00
0.281160	130.00
0.281180	131.00
0.281200	128.00
0.281220	123.00
0.281240	120.00
0.281260	121.00
0.281280	123.00
0.281300	123.00
0.281320	120.00
0.281340	118.00
0.281360	119.00
0.281380	121.00
0.281400	122.00
0.281420	122.00
0.281440	122.00
0.281460	123.00
0.281480	123.00
0.281500	121.00
0.281520	116.00
0.281540	114.00
0.281560	116.00
0.281580	123.00
0.281600	128.00
0.281620	130.00
0.281640	128.00
0.281660	128.00
0.281680	132.00
0.281700	137.00
0.281720	138.00
0.281740	133.00
0.281760	124.00
0.281780	117.00
0.281800	115.00
0.281820	118.00
0.281840	123.00
0.281860	126.00
0.281880	127.00
0.281900	126.00
0.281920	126.00
0.281940	126.00
0.281960	127.00
0.281980	130.00
0.282000	133.00
0.282020	136.00
0.282040	135.00
0.282060	131.00
0.282080	128.00
0.282100	127.00
0.282120	128.00
0.282140	129.00
0.282160	126.00
0.282180	122.00
0.282200	119.00
0.282220	120.00
0.282240	122.00
0.282260	124.00
0.282280	124.00
0.282300	123.00
0.282320	124.00
0.282340	125.00
0.282360	124.00
0.282380	122.00
0.282400	120.00
0.282420	119.00
0.282440	118.00
0.282460	118.00
0.282480	117.00
0.282500	117.00
0.282520	119.00
0.282540	120.00
0.282560	122.00
0.282580	121.00
0.282600	121.00
0.282620	123.00
0.282640	126.00
0.282660	129.00
0.282680	130.00
0.282700	131.00
0.282720	131.00
0.282740	132.00
0.282760	132.00
0.282780	130.00
0.282800	129.00
0.282820	130.00
0.282840	131.00
0.282860	132.00
0.282880	131.00
0.282900	131.00
0.282920	132.00
0.282940	134.00
0.282960	134.00
0.282980	130.00
0.283000	125.00
0.283020	123.00
0.283040	126.00
0.283060	130.00
0.283080	134.00
0.283100	134.00
0.283120	132.00
0.283140	131.00
0.283160	130.00
0.283180	129.00
0.283200	126.00
0.283220	122.00
0.283240	119.00
0.283260	119.00
0.283280	120.00
0.283300	120.00
0.283320	119.00
0.283340	117.00
0.283360	115.00
0.283380	114.00
0.283400	116.00
0.283420	117.00
0.283440	118.00
0.283460	118.00
0.283480	118.00
0.283500	120.00
0.283520	123.00
0.283540	125.00
0.283560	125.00
0.283580	123.00
0.283600	123.00
0.283620	127.00
0.283640	132.00
0.283660	133.00
0.283680	129.00
0.283700	122.00
0.283720	120.00
0.283740	123.00
0.283760	130.00
0.283780	135.00
0.283800	135.00
0.283820	133.00
0.283840	131.00
0.283860	131.00
0.283880	131.00
0.283900	130.00
0.283920	130.00
0.283940	131.00
0.283960	131.00
0.283980	131.00
0.284000	129.00
0.284020	126.00
0.284040	124.00
0.284060	124.00
0.284080	125.00
0.284100	127.00
0.284120	129.00
0.284140	131.00
0.284160	130.00
0.284180	126.00
0.284200	121.00
0.284220	120.00
0.284240	123.00
0.284260	128.00
0.284280	128.00
0.284300	123.00
0.284320	114.00
0.284340	109.00
0.284360	109.00
0.284380	113.00
0.284400	117.00
0.284420	118.00
0.284440	118.00
0.284460	118.00
0.284480	117.00
0.284500	117.00
0.284520	117.00
0.284540	121.00
0.284560	128.00
0.284580	133.00
0.284600	133.00
0.284620	127.00
0.284640	121.00
0.284660	119.00
0.284680	124.00
0.284700	131.00
0.284720	134.00
0.284740	132.00
0.284760	127.00
0.284780	125.00
0.284800	128.00
0.284820	133.00
0.284840	137.00
0.284860	136.00
0.284880	134.00
0.284900	132.00
0.284920	132.00
0.284940	132.00
0.284960	131.00
0.284980	130.00
0.285000	129.00
0.285020	129.00
0.285040	129.00
0.285060	129.00
0.285080	129.00
0.285100	131.00
0.285120	134.00
0.285140	135.00
0.285160	132.00
0.285180	124.00
0.285200	118.00
0.285220	117.00
0.285240	120.00
0.285260	124.00
0.285280	125.00
0.285300	124.00
0.285320	122.00
0.285340	122.00
0.285360	121.00
0.285380	118.00
0.285400	114.00
0.285420	112.00
0.285440	115.00
0.285460	121.00
0.285480	126.00
0.285500	128.00
0.285520	129.00
0.285540	130.00
0.285560	130.00
0.285580	130.00
0.285600	128.00
0.285620	126.00
0.285640	125.00
0.285660	126.00
0.285680	127.00
0.285700	128.00
0.285720	128.00
0.285740	127.00
0.285760	126.00
0.285780	124.00
0.285800	123.00
0.285820	124.00
0.285840	129.00
0.285860	134.00
0.285880	137.00
0.285900	138.00
0.285920	137.00
0.285940	136.00
0.285960	134.00
0.285980	130.00
0.286000	124.00
0.286020	119.00
0.286040	119.00
0.286060	123.00
0.286080	127.00
0.286100	127.00
0.286120	124.00
0.286140	122.00
0.286160	120.00
0.286180	119.00
0.286200	116.00
0.286220	114.00
0.286240	113.00
0.286260	115.00
0.286280	118.00
0.286300	118.00
0.286320	117.00
0.286340	116.00
0.286360	119.00
0.286380	122.00
0.286400	123.00
0.286420	121.00
0.286440	119.00
0.286460	121.00
0.286480	126.00
0.286500	130.00
0.286520	130.00
0.286540	126.00
0.286560	124.00
0.286580	125.00
0.286600	129.00
0.286620	131.00
0.286640	129.00
0.286660	126.00
0.286680	125.00
0.286700	126.00
0.286720	128.00
0.286740	128.00
0.286760	130.00
0.286780	132.00
0.286800	136.00
0.286820	138.00
0.286840	136.00
0.286860	133.00
0.286880	132.00
0.286900	134.00
0.286920	138.00
0.286940	138.00
0.286960	135.00
0.286980	129.00
0.287000	124.00
0.287020	122.00
0.287040	122.00
0.287060	121.00
0.287080	120.00
0.287100	119.00
0.287120	119.00
0.287140	120.00
0.287160	120.00
0.287180	119.00
0.287200	118.00
0.287220	116.00
0.287240	116.00
0.287260	117.00
0.287280	119.00
0.287300	120.00
0.287320	119.00
0.287340	117.00
0.287360	116.00
0.287380	117.00
0.287400	122.00
0.287420	126.00
0.287440	128.00
0.287460	128.00
0.287480	129.00
0.287500	131.00
0.287520	132.00
0.287540	129.00
0.287560	124.00
0.287580	120.00
0.287600	119.00
0.287620	123.00
0.287640	126.00
0.287660	127.00
0.287680	126.00
0.287700	127.00
0.287720	130.00
0.287740	134.00
0.287760	135.00
0.287780	133.00
0.287800	132.00
0.287820	133.00
0.287840	136.00
0.287860	136.00
0.287880	131.00
0.287900	125.00
0.287920	121.00
0.287940	122.00
0.287960	124.00
0.287980	125.00
0.288000	125.00
0.288020	124.00
0.288040	123.00
0.288060	123.00
0.288080	121.00
0.288100	119.00
0.288120	119.00
0.288140	121.00
0.288160	122.00
0.288180	121.00
0.288200	118.00
0.288220	118.00
0.288240	119.00
0.288260	120.00
0.288280	120.00
0.288300	119.00
0.288320	120.00
0.288340	122.00
0.288360	125.00
0.288380	125.00
0.288400	124.00
0.288420	124.00
0.288440	128.00
0.288460	132.00
0.288480	132.00
0.288500	128.00
0.288520	124.00
0.288540	122.00
0.288560	125.00
0.288580	127.00
0.288600	125.00
0.288620	122.00
0.288640	122.00
0.288660	125.00
0.288680	131.00
0.288700	136.00
0.288720	138.00
0.288740	138.00
0.288760	138.00
0.288780	137.00
0.288800	136.00
0.288820	133.00
0.288840	130.00
0.288860	129.00
0.288880	128.00
0.288900	129.00
0.288920	129.00
0.288940	129.00
0.288960	128.00
0.288980	126.00
0.289000	125.00
0.289020	125.00
0.289040	127.00
0.289060	129.00
0.289080	128.00
0.289100	124.00
0.289120	119.00
0.289140	116.00
0.289160	117.00
0.289180	121.00
0.289200	123.00
0.289220	122.00
0.289240	120.00
0.289260	119.00
0.289280	118.00
0.289300	118.00
0.289320	118.00
0.289340	119.00
0.289360	122.00
0.289380	128.00
0.289400	134.00
0.289420	135.00
0.289440	132.00
0.289460	127.00
0.289480	123.00
0.289500	123.00
0.289520	127.00
0.289540	131.00
0.289560	133.00
0.289580	133.00
0.289600	133.00
0.289620	133.00
0.289640	131.00
0.289660	128.00
0.289680	126.00
0.289700	129.00
0.289720	134.00
0.289740	140.00
0.289760	140.00
0.289780	134.00
0.289800	128.00
0.289820	126.00
0.289840	127.00
0.289860	127.00
0.289880	123.00
0.289900	118.00
0.289920	117.00
0.289940	120.00
0.289960	124.00
0.289980	124.00
0.290000	120.00
0.290020	116.00
0.290040	117.00
0.290060	123.00
0.290080	129.00
0.290100	131.00
0.290120	130.00
0.290140	127.00
0.290160	125.00
0.290180	124.00
0.290200	122.00
0.290220	120.00
0.290240	119.00
0.290260	120.00
0.290280	121.00
0.290300	122.00
0.290320	123.00
0.290340	127.00
0.290360	131.00
0.290380	133.00
0.290400	133.00
0.290420	130.00
0.290440	129.00
0.290460	128.00
0.290480	127.00
0.290500	125.00
0.290520	124.00
0.290540	124.00
0.290560	128.00
0.290580	131.00
0.290600	132.00
0.290620	130.00
0.290640	127.00
0.290660	126.00
0.290680	126.00
0.290700	126.00
0.290720	126.00
0.290740	127.00
0.290760	128.00
0.290780	130.00
0.290800	130.00
0.290820	129.00
0.290840	127.00
0.290860	128.00
0.290880	129.00
0.290900	129.00
0.290920	126.00
0.290940	122.00
0.290960	118.00
0.290980	118.00
0.291000	120.00
0.291020	122.00
0.291040	123.00
0.291060	123.00
0.291080	122.00
0.291100	122.00
0.291120	124.00
0.291140	126.00
0.291160	126.00
0.291180	124.00
0.291200	121.00
0.291220	118.00
0.291240	118.00
0.291260	121.00
0.291280	125.00
0.291300	127.00
0.291320	129.00
0.291340	130.00
0.291360	132.00
0.291380	131.00
0.291400	127.00
0.291420	122.00
0.291440	119.00
0.291460	122.00
0.291480	127.00
0.291500	131.00
0.291520	129.00
0.291540	126.00
0.291560	125.00
0.291580	131.00
0.291600	138.00
0.291620	143.00
0.291640	141.00
0.291660	135.00
0.291680	129.00
0.291700	128.00
0.291720	130.00
0.291740	130.00
0.291760	128.00
0.291780	124.00
0.291800	121.00
0.291820	120.00
0.291840	121.00
0.291860	120.00
0.291880	119.00
0.291900	118.00
0.291920	119.00
0.291940	121.00
0.291960	121.00
0.291980	121.00
0.292000	120.00
0.292020	121.00
0.292040	123.00
0.292060	123.00
0.292080	121.00
0.292100	117.00
0.292120	115.00
0.292140	117.00
0.292160	121.00
0.292180	123.00
0.292200	122.00
0.292220	119.00
0.292240	117.00
0.292260	117.00
0.292280	120.00
0.292300	125.00
0.292320	129.00
0.292340	130.00
0.292360	128.00
0.292380	125.00
0.292400	124.00
0.292420	125.00
0.292440	128.00
0.292460	130.00
0.292480	130.00
0.292500	129.00
0.292520	130.00
0.292540	132.00
0.292560	133.00
0.292580	133.00
0.292600	132.00
0.292620	131.00
0.292640	133.00
0.292660	134.00
0.292680	133.00
0.292700	130.00
0.292720	127.00
0.292740	127.00
0.292760	128.00
0.292780	128.00
0.292800	126.00
0.292820	124.00
0.292840	125.00
0.292860	127.00
0.292880	126.00
0.292900	121.00
0.292920	114.00
0.292940	112.00
0.292960	116.00
0.292980	121.00
0.293000	123.00
0.293020	120.00
0.293040	116.00
0.293060	115.00
0.293080	119.00
0.293100	123.00
0.293120	124.00
0.293140	122.00
0.293160	117.00
0.293180	115.00
0.293200	117.00
0.293220	122.00
0.293240	130.00
0.293260	137.00
0.293280	139.00
0.293300	135.00
0.293320	131.00
0.293340	129.00
0.293360	132.00
0.293380	135.00
0.293400	135.00
0.293420	130.00
0.293440	124.00
0.293460	124.00
0.293480	130.00
0.293500	136.00
0.293520	137.00
0.293540	133.00
0.293560	128.00
0.293580	126.00
0.293600	127.00
0.293620	131.00
0.293640	133.00
0.293660	132.00
0.293680	131.00
0.293700	131.00
0.293720	131.00
0.293740	131.00
0.293760	130.00
0.293780	127.00
0.293800	124.00
0.293820	122.00
0.293840	121.00
0.293860	121.00
0.293880	120.00
0.293900	120.00
0.293920	121.00
0.293940	124.00
0.293960	126.00
0.293980	126.00
0.294000	122.00
0.294020	115.00
0.294040	111.00
0.294060	112.00
0.294080	115.00
0.294100	119.00
0.294120	120.00
0.294140	120.00
0.294160	122.00
0.294180	124.00
0.294200	125.00
0.294220	126.00
0.294240	127.00
0.294260	129.00
0.294280	131.00
0.294300	132.00
0.294320	130.00
0.294340	128.00
0.294360	127.00
0.294380	127.00
0.294400	127.00
0.294420	124.00
0.294440	121.00
0.294460	121.00
0.294480	124.00
0.294500	130.00
0.294520	133.00
0.294540	134.00
0.294560	135.00
0.294580	137.00
0.294600	139.00
0.294620	139.00
0.294640	135.00
0.294660	130.00
0.294680	127.00
0.294700	128.00
0.294720	131.00
0.294740	134.00
0.294760	133.00
0.294780	130.00
0.294800	125.00
0.294820	120.00
0.294840	115.00
0.294860	113.00
0.294880	114.00
0.294900	118.00
0.294920	122.00
0.294940	125.00
0.294960	127.00
0.294980	128.00
0.295000	128.00
0.295020	126.00
0.295040	123.00
0.295060	121.00
0.295080	120.00
0.295100	119.00
0.295120	119.00
0.295140	119.00
0.295160	120.00
0.295180	121.00
0.295200	122.00
0.295220	122.00
0.295240	122.00
0.295260	124.00
0.295280	129.00
0.295300	136.00
0.295320	141.00
0.295340	143.00
0.295360	140.00
0.295380	135.00
0.295400	130.00
0.295420	125.00
0.295440	121.00
0.295460	118.00
0.295480	119.00
0.295500	120.00
0.295520	121.00
0.295540	121.00
0.295560	122.00
0.295580	124.00
0.295600	129.00
0.295620	133.00
0.295640	133.00
0.295660	131.00
0.295680	129.00
0.295700	130.00
0.295720	129.00
0.295740	125.00
0.295760	118.00
0.295780	112.00
0.295800	111.00
0.295820	114.00
0.295840	117.00
0.295860	117.00
0.295880	115.00
0.295900	116.00
0.295920	120.00
0.295940	126.00
0.295960	127.00
0.295980	124.00
0.296000	119.00
0.296020	116.00
0.296040	117.00
0.296060	119.00
0.296080	119.00
0.296100	117.00
0.296120	117.00
0.296140	119.00
0.296160	124.00
0.296180	128.00
0.296200	131.00
0.296220	132.00
0.296240	133.00
0.296260	135.00
0.296280	136.00
0.296300	135.00
0.296320	131.00
0.296340	125.00
0.296360	123.00
0.296380	125.00
0.296400	130.00
0.296420	135.00
0.296440	137.00
0.296460	136.00
0.296480	134.00
0.296500	133.00
0.296520	134.00
0.296540	135.00
0.296560	133.00
0.296580	129.00
0.296600	125.00
0.296620	123.00
0.296640	123.00
0.296660	124.00
0.296680	122.00
0.296700	119.00
0.296720	116.00
0.296740	116.00
0.296760	117.00
0.296780	119.00
0.296800	120.00
0.296820	120.00
0.296840	121.00
0.296860	122.00
0.296880	122.00
0.296900	121.00
0.296920	118.00
0.296940	118.00
0.296960	119.00
0.296980	120.00
0.297000	121.00
0.297020	119.00
0.297040	118.00
0.297060	120.00
0.297080	125.00
0.297100	132.00
0.297120	137.00
0.297140	137.00
0.297160	134.00
0.297180	129.00
0.297200	126.00
0.297220	126.00
0.297240	127.00
0.297260	128.00
0.297280	128.00
0.297300	128.00
0.297320	128.00
0.297340	128.00
0.297360	129.00
0.297380	129.00
0.297400	127.00
0.297420	127.00
0.297440	129.00
0.297460	133.00
0.297480	136.00
0.297500	136.00
0.297520	133.00
0.297540	131.00
0.297560	130.00
0.297580	130.00
0.297600	132.00
0.297620	132.00
0.297640	132.00
0.297660	130.00
0.297680	129.00
0.297700	126.00
0.297720	122.00
0.297740	119.00
0.297760	117.00
0.297780	119.00
0.297800	121.00
0.297820	121.00
0.297840	120.00
0.297860	119.00
0.297880	120.00
0.297900	123.00
0.297920	125.00
0.297940	124.00
0.297960	122.00
0.297980	120.00
0.298000	121.00
0.298020	124.00
0.298040	126.00
0.298060	127.00
0.298080	128.00
0.298100	128.00
0.298120	126.00
0.298140	124.00
0.298160	121.00
0.298180	122.00
0.298200	125.00
0.298220	128.00
0.298240	128.00
0.298260	125.00
0.298280	121.00
0.298300	122.00
0.298320	128.00
0.298340	134.00
0.298360	136.00
0.298380	134.00
0.298400	131.00
0.298420	130.00
0.298440	132.00
0.298460	132.00
0.298480	130.00
0.298500	128.00
0.298520	128.00
0.298540	129.00
0.298560	130.00
0.298580	129.00
0.298600	128.00
0.298620	127.00
0.298640	128.00
0.298660	127.00
0.298680	123.00
0.298700	119.00
0.298720	116.00
0.298740	116.00
0.298760	116.00
0.298780	117.00
0.298800	117.00
0.298820	119.00
0.298840	122.00
0.298860	124.00
0.298880	122.00
0.298900	119.00
0.298920	118.00
0.298940	120.00
0.298960	124.00
0.298980	127.00
0.299000	127.00
0.299020	127.00
0.299040	129.00
0.299060	132.00
0.299080	133.00
0.299100	132.00
0.299120	130.00
0.299140	129.00
0.299160	129.00
0.299180	126.00
0.299200	120.00
0.299220	114.00
0.299240	113.00
0.299260	119.00
0.299280	128.00
0.299300	135.00
0.299320	137.00
0.299340	136.00
0.299360	135.00
0.299380	134.00
0.299400	131.00
0.299420	126.00
0.299440	121.00
0.299460	121.00
0.299480	124.00
0.299500	129.00
0.299520	132.00
0.299540	133.00
0.299560	131.00
0.299580	129.00
0.299600	125.00
0.299620	119.00
0.299640	113.00
0.299660	110.00
0.299680	111.00
0.299700	116.00
0.299720	121.00
0.299740	126.00
0.299760	127.00
0.299780	128.00
0.299800	129.00
0.299820	130.00
0.299840	129.00
0.299860	126.00
0.299880	121.00
0.299900	116.00
0.299920	114.00
0.299940	117.00
0.299960	123.00
0.299980	129.00
0.300000	132.00
0.300020	132.00
0.300040	132.00
0.300060	132.00
0.300080	134.00
0.300100	134.00
0.300120	131.00
0.300140	125.00
0.300160	118.00
0.300180	115.00
0.300200	117.00
0.300220	123.00
0.300240	132.00
0.300260	142.00
0.300280	149.00
0.300300	151.00
0.300320	147.00
0.300340	138.00
0.300360	126.00
0.300380	116.00
0.300400	109.00
0.300420	109.00
0.300440	116.00
0.300460	127.00
0.300480	137.00
0.300500	142.00
0.300520	140.00
0.300540	132.00
0.300560	122.00
0.300580	114.00
0.300600	111.00
0.300620	112.00
0.300640	116.00
0.300660	120.00
0.300680	123.00
0.300700	124.00
0.300720	124.00
0.300740	124.00
0.300760	122.00
0.300780	120.00
0.300800	117.00
0.300820	115.00
0.300840	117.00
0.300860	120.00
0.300880	122.00
0.300900	121.00
0.300920	118.00
0.300940	115.00
0.300960	115.00
0.300980	119.00
0.301000	123.00
0.301020	128.00
0.301040	133.00
0.301060	139.00
0.301080	145.00
0.301100	146.00
0.301120	142.00
0.301140	133.00
0.301160	122.00
0.301180	114.00
0.301200	110.00
0.301220	109.00
0.301240	112.00
0.301260	120.00
0.301280	131.00
0.301300	141.00
0.301320	148.00
0.301340	150.00
0.301360	148.00
0.301380	145.00
0.301400	139.00
0.301420	129.00
0.301440	118.00
0.301460	110.00
0.301480	107.00
0.301500	111.00
0.301520	115.00
0.301540	118.00
0.301560	119.00
0.301580	121.00
0.301600	125.00
0.301620	129.00
0.301640	132.00
0.301660	131.00
0.301680	128.00
0.301700	124.00
0.301720	120.00
0.301740	114.00
0.301760	109.00
0.301780	106.00
0.301800	105.00
0.301820	108.00
0.301840	113.00
0.301860	119.00
0.301880	127.00
0.301900	136.00
0.301920	144.00
0.301940	148.00
0.301960	145.00
0.301980	139.00
0.302000	131.00
0.302020	125.00
0.302040	121.00
0.302060	119.00
0.302080	117.00
0.302100	115.00
0.302120	116.00
0.302140	120.00
0.302160	126.00
0.302180	132.00
0.302200	136.00
0.302220	136.00
0.302240	134.00
0.302260	129.00
0.302280	126.00
0.302300	124.00
0.302320	124.00
0.302340	125.00
0.302360	126.00
0.302380	126.00
0.302400	127.00
0.302420	129.00
0.302440	132.00
0.302460	134.00
0.302480	134.00
0.302500	131.00
0.302520	125.00
0.302540	121.00
0.302560	120.00
0.302580	121.00
0.302600	121.00
0.302620	121.00
0.302640	120.00
0.302660	121.00
0.302680	123.00
0.302700	124.00
0.302720	121.00
0.302740	118.00
0.302760	116.00
0.302780	117.00
0.302800	119.00
0.302820	120.00
0.302840	120.00
0.302860	122.00
0.302880	129.00
0.302900	136.00
0.302920	139.00
0.302940	136.00
0.302960	130.00
0.302980	127.00
0.303000	129.00
0.303020	134.00
0.303040	137.00
0.303060	135.00
0.303080	130.00
0.303100	127.00
0.303120	127.00
0.303140	129.00
0.303160	131.00
0.303180	133.00
0.303200	135.00
0.303220	137.00
0.303240	138.00
0.303260	135.00
0.303280	131.00
0.303300	125.00
0.303320	122.00
0.303340	123.00
0.303360	125.00
0.303380	127.00
0.303400	127.00
0.303420	124.00
0.303440	119.00
0.303460	117.00
0.303480	118.00
0.303500	121.00
0.303520	124.00
0.303540	125.00
0.303560	123.00
0.303580	120.00
0.303600	118.00
0.303620	118.00
0.303640	120.00
0.303660	122.00
0.303680	123.00
0.303700	123.00
0.303720	121.00
0.303740	118.00
0.303760	116.00
0.303780	115.00
0.303800	117.00
0.303820	121.00
0.303840	127.00
0.303860	131.00
0.303880	132.00
0.303900	130.00
0.303920	126.00
0.303940	123.00
0.303960	122.00
0.303980	123.00
0.304000	123.00
0.304020	122.00
0.304040	120.00
0.304060	120.00
0.304080	123.00
0.304100	127.00
0.304120	131.00
0.304140	132.00
0.304160	133.00
0.304180	135.00
0.304200	139.00
0.304220	140.00
0.304240	137.00
0.304260	130.00
0.304280	125.00
0.304300	122.00
0.304320	122.00
0.304340	123.00
0.304360	122.00
0.304380	120.00
0.304400	119.00
0.304420	120.00
0.304440	121.00
0.304460	122.00
0.304480	124.00
0.304500	128.00
0.304520	132.00
0.304540	134.00
0.304560	132.00
0.304580	126.00
0.304600	121.00
0.304620	119.00
0.304640	118.00
0.304660	116.00
0.304680	112.00
0.304700	110.00
0.304720	111.00
0.304740	116.00
0.304760	123.00
0.304780	129.00
0.304800	133.00
0.304820	135.00
0.304840	135.00
0.304860	132.00
0.304880	127.00
0.304900	120.00
0.304920	116.00
0.304940	116.00
0.304960	120.00
0.304980	124.00
0.305000	125.00
0.305020	126.00
0.305040	127.00
0.305060	131.00
0.305080	137.00
0.305100	141.00
0.305120	140.00
0.305140	135.00
0.305160	129.00
0.305180	125.00
0.305200	125.00
0.305220	127.00
0.305240	129.00
0.305260	130.00
0.305280	130.00
0.305300	129.00
0.305320	129.00
0.305340	129.00
0.305360	130.00
0.305380	129.00
0.305400	126.00
0.305420	122.00
0.305440	121.00
0.305460	121.00
0.305480	123.00
0.305500	123.00
0.305520	122.00
0.305540	120.00
0.305560	120.00
0.305580	120.00
0.305600	122.00
0.305620	122.00
0.305640	123.00
0.305660	124.00
0.305680	125.00
0.305700	125.00
0.305720	123.00
0.305740	122.00
0.305760	123.00
0.305780	128.00
0.305800	132.00
0.305820	132.00
0.305840	128.00
0.305860	123.00
0.305880	122.00
0.305900	125.00
0.305920	128.00
0.305940	127.00
0.305960	124.00
0.305980	122.00
0.306000	123.00
0.306020	126.00
0.306040	128.00
0.306060	128.00
0.306080	127.00
0.306100	127.00
0.306120	127.00
0.306140	126.00
0.306160	124.00
0.306180	122.00
0.306200	123.00
0.306220	125.00
0.306240	126.00
0.306260	124.00
0.306280	123.00
0.306300	123.00
0.306320	125.00
0.306340	125.00
0.306360	123.00
0.306380	119.00
0.306400	119.00
0.306420	121.00
0.306440	124.00
0.306460	125.00
0.306480	124.00
0.306500	123.00
0.306520	123.00
0.306540	122.00
0.306560	121.00
0.306580	119.00
0.306600	120.00
0.306620	123.00
0.306640	126.00
0.306660	125.00
0.306680	120.00
0.306700	118.00
0.306720	121.00
0.306740	128.00
0.306760	132.00
0.306780	132.00
0.306800	128.00
0.306820	126.00
0.306840	125.00
0.306860	126.00
0.306880	127.00
0.306900	127.00
0.306920	129.00
0.306940	131.00
0.306960	131.00
0.306980	128.00
0.307000	124.00
0.307020	124.00
0.307040	128.00
0.307060	134.00
0.307080	137.00
0.307100	135.00
0.307120	132.00
0.307140	129.00
0.307160	129.00
0.307180	129.00
0.307200	129.00
0.307220	127.00
0.307240	125.00
0.307260	123.00
0.307280	123.00
0.307300	124.00
0.307320	126.00
0.307340	125.00
0.307360	122.00
0.307380	116.00
0.307400	113.00
0.307420	116.00
0.307440	123.00
0.307460	129.00
0.307480	129.00
0.307500	124.00
0.307520	118.00
0.307540	116.00
0.307560	119.00
0.307580	122.00
0.307600	121.00
0.307620	118.00
0.307640	116.00
0.307660	117.00
0.307680	122.00
0.307700	129.00
0.307720	136.00
0.307740	139.00
0.307760	138.00
0.307780	134.00
0.307800	128.00
0.307820	124.00
0.307840	123.00
0.307860	126.00
0.307880	129.00
0.307900	130.00
0.307920	130.00
0.307940	130.00
0.307960	130.00
0.307980	131.00
0.308000	132.00
0.308020	133.00
0.308040	134.00
0.308060	134.00
0.308080	132.00
0.308100	129.00
0.308120	127.00
0.308140	125.00
0.308160	125.00
0.308180	124.00
0.308200	123.00
0.308220	122.00
0.308240	121.00
0.308260	121.00
0.308280	120.00
0.308300	119.00
0.308320	117.00
0.308340	119.00
0.308360	121.00
0.308380	123.00
0.308400	123.00
0.308420	121.00
0.308440	120.00
0.308460	121.00
0.308480	122.00
0.308500	121.00
0.308520	118.00
0.308540	116.00
0.308560	116.00
0.308580	118.00
0.308600	121.00
0.308620	122.00
0.308640	124.00
0.308660	127.00
0.308680	130.00
0.308700	132.00
0.308720	132.00
0.308740	129.00
0.308760	127.00
0.308780	125.00
0.308800	123.00
0.308820	122.00
0.308840	122.00
0.308860	124.00
0.308880	128.00
0.308900	132.00
0.308920	135.00
0.308940	134.00
0.308960	132.00
0.308980	129.00
0.309000	128.00
0.309020	128.00
0.309040	127.00
0.309060	126.00
0.309080	126.00
0.309100	125.00
0.309120	126.00
0.309140	126.00
0.309160	127.00
0.309180	127.00
0.309200	127.00
0.309220	128.00
0.309240	128.00
0.309260	127.00
0.309280	126.00
0.309300	123.00
0.309320	121.00
0.309340	121.00
0.309360	122.00
0.309380	123.00
0.309400	123.00
0.309420	121.00
0.309440	118.00
0.309460	115.00
0.309480	113.00
0.309500	115.00
0.309520	118.00
0.309540	121.00
0.309560	124.00
0.309580	125.00
0.309600	126.00
0.309620	128.00
0.309640	130.00
0.309660	130.00
0.309680	129.00
0.309700	127.00
0.309720	127.00
0.309740	130.00
0.309760	133.00
0.309780	135.00
0.309800	133.00
0.309820	130.00
0.309840	127.00
0.309860	127.00
0.309880	129.00
0.309900	131.00
0.309920	132.00
0.309940	133.00
0.309960	134.00
0.309980	134.00
0.310000	132.00
0.310020	129.00
0.310040	126.00
0.310060	124.00
0.310080	124.00
0.310100	124.00
0.310120	123.00
0.310140	123.00
0.310160	122.00
0.310180	121.00
0.310200	121.00
0.310220	122.00
0.310240	124.00
0.310260	126.00
0.310280	127.00
0.310300	124.00
0.310320	120.00
0.310340	116.00
0.310360	117.00
0.310380	120.00
0.310400	124.00
0.310420	125.00
0.310440	124.00
0.310460	122.00
0.310480	121.00
0.310500	123.00
0.310520	124.00
0.310540	124.00
0.310560	123.00
0.310580	124.00
0.310600	127.00
0.310620	130.00
0.310640	130.00
0.310660	128.00
0.310680	125.00
0.310700	125.00
0.310720	128.00
0.310740	130.00
0.310760	129.00
0.310780	125.00
0.310800	122.00
0.310820	123.00
0.310840	128.00
0.310860	132.00
0.310880	132.00
0.310900	130.00
0.310920	129.00
0.310940	132.00
0.310960	136.00
0.310980	138.00
0.311000	135.00
0.311020	130.00
0.311040	127.00
0.311060	127.00
0.311080	128.00
0.311100	127.00
0.311120	125.00
0.311140	122.00
0.311160	123.00
0.311180	124.00
0.311200	125.00
0.311220	121.00
0.311240	116.00
0.311260	112.00
0.311280	111.00
0.311300	112.00
0.311320	115.00
0.311340	117.00
0.311360	119.00
0.311380	120.00
0.311400	120.00
0.311420	119.00
0.311440	117.00
0.311460	116.00
0.311480	117.00
0.311500	121.00
0.311520	126.00
0.311540	129.00
0.311560	132.00
0.311580	133.00
0.311600	132.00
0.311620	129.00
0.311640	127.00
0.311660	125.00
0.311680	125.00
0.311700	126.00
0.311720	127.00
0.311740	126.00
0.311760	126.00
0.311780	128.00
0.311800	130.00
0.311820	131.00
0.311840	131.00
0.311860	131.00
0.311880	133.00
0.311900	135.00
0.311920	138.00
0.311940	137.00
0.311960	134.00
0.311980	129.00
0.312000	126.00
0.312020	126.00
0.312040	128.00
0.312060	131.00
0.312080	134.00
0.312100	134.00
0.312120	131.00
0.312140	127.00
0.312160	121.00
0.312180	118.00
0.312200	117.00
0.312220	119.00
0.312240	121.00
0.312260	121.00
0.312280	122.00
0.312300	123.00
0.312320	125.00
0.312340	125.00
0.312360	125.00
0.312380	122.00
0.312400	120.00
0.312420	118.00
0.312440	116.00
0.312460	116.00
0.312480	117.00
0.312500	119.00
0.312520	124.00
0.312540	129.00
0.312560	132.00
0.312580	132.00
0.312600	130.00
0.312620	129.00
0.312640	129.00
0.312660	130.00
0.312680	131.00
0.312700	130.00
0.312720	129.00
0.312740	128.00
0.312760	128.00
0.312780	128.00
0.312800	127.00
0.312820	128.00
0.312840	129.00
0.312860	131.00
0.312880	131.00
0.312900	129.00
0.312920	126.00
0.312940	125.00
0.312960	126.00
0.312980	129.00
0.313000	130.00
0.313020	129.00
0.313040	126.00
0.313060	123.00
0.313080	122.00
0.313100	123.00
0.313120	124.00
0.313140	126.00
0.313160	126.00
0.313180	126.00
0.313200	126.00
0.313220	126.00
0.313240	126.00
0.313260	125.00
0.313280	123.00
0.313300	121.00
0.313320	119.00
0.313340	119.00
0.313360	120.00
0.313380	120.00
0.313400	120.00
0.313420	119.00
0.313440	120.00
0.313460	124.00
0.313480	129.00
0.313500	133.00
0.313520	133.00
0.313540	130.00
0.313560	125.00
0.313580	122.00
0.313600	122.00
0.313620	123.00
0.313640	125.00
0.313660	126.00
0.313680	126.00
0.313700	127.00
0.313720	128.00
0.313740	129.00
0.313760	129.00
0.313780	128.00
0.313800	128.00
0.313820	128.00
0.313840	130.00
0.313860	133.00
0.313880	133.00
0.313900	130.00
0.313920	126.00
0.313940	123.00
0.313960	124.00
0.313980	126.00
0.314000	126.00
0.314020	123.00
0.314040	118.00
0.314060	116.00
0.314080	118.00
0.314100	123.00
0.314120	127.00
0.314140	127.00
0.314160	124.00
0.314180	120.00
0.314200	118.00
0.314220	119.00
0.314240	120.00
0.314260	121.00
0.314280	121.00
0.314300	121.00
0.314320	121.00
0.314340	122.00
0.314360	124.00
0.314380	127.00
0.314400	131.00
0.314420	133.00
0.314440	135.00
0.314460	135.00
0.314480	134.00
0.314500	132.00
0.314520	129.00
0.314540	126.00
0.314560	126.00
0.314580	127.00
0.314600	129.00
0.314620	130.00
0.314640	130.00
0.314660	129.00
0.314680	129.00
0.314700	131.00
0.314720	132.00
0.314740	131.00
0.314760	129.00
0.314780	128.00
0.314800	129.00
0.314820	130.00
0.314840	131.00
0.314860	130.00
0.314880	128.00
0.314900	127.00
0.314920	128.00
0.314940	129.00
0.314960	130.00
0.314980	130.00
0.315000	128.00
0.315020	126.00
0.315040	122.00
0.315060	117.00
0.315080	114.00
0.315100	113.00
0.315120	117.00
0.315140	122.00
0.315160	126.00
0.315180	126.00
0.315200	122.00
0.315220	119.00
0.315240	118.00
0.315260	119.00
0.315280	120.00
0.315300	121.00
0.315320	120.00
0.315340	118.00
0.315360	118.00
0.315380	120.00
0.315400	121.00
0.315420	121.00
0.315440	120.00
0.315460	121.00
0.315480	123.00
0.315500	127.00
0.315520	129.00
0.315540	128.00
0.315560	124.00
0.315580	122.00
0.315600	123.00
0.315620	127.00
0.315640	131.00
0.315660	133.00
0.315680	132.00
0.315700	131.00
0.315720	130.00
0.315740	130.00
0.315760	128.00
0.315780	127.00
0.315800	127.00
0.315820	128.00
0.315840	129.00
0.315860	129.00
0.315880	127.00
0.315900	123.00
0.315920	119.00
0.315940	118.00
0.315960	120.00
0.315980	122.00
0.316000	123.00
0.316020	123.00
0.316040	122.00
0.316060	122.00
0.316080	123.00
0.316100	126.00
0.316120	127.00
0.316140	126.00
0.316160	124.00
0.316180	122.00
0.316200	122.00
0.316220	123.00
0.316240	125.00
0.316260	124.00
0.316280	120.00
0.316300	114.00
0.316320	111.00
0.316340	111.00
0.316360	117.00
0.316380	125.00
0.316400	131.00
0.316420	133.00
0.316440	132.00
0.316460	128.00
0.316480	125.00
0.316500	124.00
0.316520	126.00
0.316540	128.00
0.316560	129.00
0.316580	128.00
0.316600	126.00
0.316620	125.00
0.316640	125.00
0.316660	127.00
0.316680	130.00
0.316700	134.00
0.316720	137.00
0.316740	137.00
0.316760	134.00
0.316780	131.00
0.316800	130.00
0.316820	132.00
0.316840	135.00
0.316860	137.00
0.316880	135.00
0.316900	132.00
0.316920	129.00
0.316940	127.00
0.316960	127.00
0.316980	125.00
0.317000	121.00
0.317020	117.00
0.317040	117.00
0.317060	119.00
0.317080	122.00
0.317100	122.00
0.317120	118.00
0.317140	114.00
0.317160	112.00
0.317180	115.00
0.317200	118.00
0.317220	120.00
0.317240	119.00
0.317260	115.00
0.317280	113.00
0.317300	115.00
0.317320	122.00
0.317340	129.00
0.317360	132.00
0.317380	129.00
0.317400	125.00
0.317420	122.00
0.317440	125.00
0.317460	129.00
0.317480	131.00
0.317500	129.00
0.317520	125.00
0.317540	124.00
0.317560	127.00
0.317580	132.00
0.317600	135.00
0.317620	135.00
0.317640	133.00
0.317660	133.00
0.317680	135.00
0.317700	137.00
0.317720	136.00
0.317740	134.00
0.317760	132.00
0.317780	134.00
0.317800	135.00
0.317820	135.00
0.317840	131.00
0.317860	127.00
0.317880	124.00
0.317900	123.00
0.317920	123.00
0.317940	121.00
0.317960	119.00
0.317980	118.00
0.318000	118.00
0.318020	119.00
0.318040	121.00
0.318060	123.00
0.318080	125.00
0.318100	126.00
0.318120	125.00
0.318140	121.00
0.318160	118.00
0.318180	118.00
0.318200	121.00
0.318220	125.00
0.318240	124.00
0.318260	119.00
0.318280	115.00
0.318300	115.00
0.318320	120.00
0.318340	127.00
0.318360	132.00
0.318380	131.00
0.318400	129.00
0.318420	127.00
0.318440	127.00
0.318460	128.00
0.318480	127.00
0.318500	125.00
0.318520	124.00
0.318540	125.00
0.318560	127.00
0.318580	129.00
0.318600	129.00
0.318620	128.00
0.318640	128.00
0.318660	130.00
0.318680	133.00
0.318700	135.00
0.318720	135.00
0.318740	132.00
0.318760	129.00
0.318780	127.00
0.318800	127.00
0.318820	127.00
0.318840	127.00
0.318860	125.00
0.318880	124.00
0.318900	124.00
0.318920	124.00
0.318940	122.00
0.318960	118.00
0.318980	114.00
0.319000	114.00
0.319020	119.00
0.319040	125.00
0.319060	128.00
0.319080	125.00
0.319100	120.00
0.319120	118.00
0.319140	120.00
0.319160	125.00
0.319180	126.00
0.319200	123.00
0.319220	119.00
0.319240	119.00
0.319260	125.00
0.319280	133.00
0.319300	138.00
0.319320	136.00
0.319340	131.00
0.319360	126.00
0.319380	124.00
