0.279400	103.00
0.279420	55.00
0.279440	108.00
0.279460	147.00
0.279480	149.00
0.279500	128.00
0.279520	115.00
0.279540	121.00
0.279560	137.00
0.279580	143.00
0.279600	137.00
0.279620	128.00
0.279640	126.00
0.279660	127.00
0.279680	126.00
0.279700	120.00
0.279720	118.00
0.279740	121.00
0.279760	125.00
0.279780	123.00
0.279800	116.00
0.279820	111.00
0.279840	112.00
0.279860	116.00
0.279880	116.00
0.279900	113.00
0.279920	112.00
0.279940	117.00
0.279960	125.00
0.279980	130.00
0.280000	130.00
0.280020	126.00
0.280040	125.00
0.280060	125.00
0.280080	126.00
0.280100	125.00
0.280120	124.00
0.280140	124.00
0.280160	124.00
0.280180	122.00
0.280200	121.00
0.280220	123.00
0.280240	128.00
0.280260	131.00
0.280280	129.00
0.280300	125.00
0.280320	124.00
0.280340	128.00
0.280360	132.00
0.280380	131.00
0.280400	126.00
0.280420	121.00
0.280440	121.00
0.280460	126.00
0.280480	130.00
0.280500	129.00
0.280520	125.00
0.280540	122.00
0.280560	122.00
0.280580	125.00
0.280600	129.00
0.280620	131.00
0.280640	131.00
0.280660	126.00
0.280680	120.00
0.280700	115.00
0.280720	115.00
0.280740	119.00
0.280760	124.00
0.280780	126.00
0.280800	124.00
0.280820	122.00
0.280840	121.00
0.280860	122.00
0.280880	123.00
0.280900	123.00
0.280920	122.00
0.280940	123.00
0.280960	126.00
0.280980	128.00
0.281000	128.00
0.281020	125.00
0.281040	122.00
0.281060	120.00
0.281080	121.00
0.281100	125.00
0.281120	129.00
0.281140	131.00
0.281160	129.00
0.281180	126.00
0.281200	126.00
0.281220	129.00
0.281240	134.00
0.281260	136.00
0.281280	133.00
0.281300	128.00
0.281320	125.00
0.281340	126.00
0.281360	128.00
0.281380	129.00
0.281400	130.00
0.281420	132.00
0.281440	135.00
0.281460	136.00
0.281480	133.00
0.281500	128.00
0.281520	125.00
0.281540	124.00
0.281560	126.00
0.281580	125.00
0.281600	123.00
0.281620	121.00
0.281640	121.00
0.281660	120.00
0.281680	119.00
0.281700	118.00
0.281720	118.00
0.281740	120.00
0.281760	121.00
0.281780	119.00
0.281800	114.00
0.281820	111.00
0.281840	114.00
0.281860	122.00
0.281880	130.00
0.281900	134.00
0.281920	134.00
0.281940	132.00
0.281960	131.00
0.281980	132.00
0.282000	132.00
0.282020	130.00
0.282040	127.00
0.282060	123.00
0.282080	120.00
0.282100	121.00
0.282120	124.00
0.282140	128.00
0.282160	129.00
0.282180	127.00
0.282200	125.00
0.282220	125.00
0.282240	127.00
0.282260	131.00
0.282280	133.00
0.282300	131.00
0.282320	129.00
0.282340	127.00
0.282360	128.00
0.282380	128.00
0.282400	129.00
0.282420	128.00
0.282440	126.00
0.282460	125.00
0.282480	124.00
0.282500	124.00
0.282520	126.00
0.282540	127.00
0.282560	127.00
0.282580	124.00
0.282600	121.00
0.282620	121.00
0.282640	122.00
0.282660	124.00
0.282680	123.00
0.282700	121.00
0.282720	119.00
0.282740	120.00
0.282760	124.00
0.282780	129.00
0.282800	131.00
0.282820	131.00
0.282840	128.00
0.282860	125.00
0.282880	123.00
0.282900	122.00
0.282920	123.00
0.282940	124.00
0.282960	124.00
0.282980	122.00
0.283000	120.00
0.283020	120.00
0.283040	122.00
0.283060	124.00
0.283080	126.00
0.283100	128.00
0.283120	130.00
0.283140	131.00
0.283160	133.00
0.283180	133.00
0.283200	134.00
0.283220	135.00
0.283240	135.00
0.283260	133.00
0.283280	132.00
0.283300	132.00
0.283320	134.00
0.283340	136.00
0.283360	134.00
0.283380	128.00
0.283400	123.00
0.283420	122.00
0.283440	123.00
0.283460	123.00
0.283480	117.00
0.283500	110.00
0.283520	108.00
0.283540	113.00
0.283560	120.00
0.283580	123.00
0.283600	121.00
0.283620	118.00
0.283640	117.00
0.283660	119.00
0.283680	118.00
0.283700	116.00
0.283720	115.00
0.283740	117.00
0.283760	121.00
0.283780	125.00
0.283800	124.00
0.283820	122.00
0.283840	122.00
0.283860	127.00
0.283880	132.00
0.283900	135.00
0.283920	133.00
0.283940	131.00
0.283960	131.00
0.283980	134.00
0.284000	136.00
0.284020	136.00
0.284040	132.00
0.284060	127.00
0.284080	123.00
0.284100	123.00
0.284120	125.00
0.284140	128.00
0.284160	131.00
0.284180	132.00
0.284200	131.00
0.284220	129.00
0.284240	129.00
0.284260	129.00
0.284280	128.00
0.284300	127.00
0.284320	126.00
0.284340	126.00
0.284360	126.00
0.284380	124.00
0.284400	121.00
0.284420	119.00
0.284440	119.00
0.284460	121.00
0.284480	123.00
0.284500	124.00
0.284520	124.00
0.284540	124.00
0.284560	125.00
0.284580	126.00
0.284600	126.00
0.284620	125.00
0.284640	123.00
0.284660	120.00
0.284680	117.00
0.284700	116.00
0.284720	117.00
0.284740	120.00
0.284760	124.00
0.284780	126.00
0.284800	127.00
0.284820	127.00
0.284840	128.00
0.284860	129.00
0.284880	131.00
0.284900	131.00
0.284920	130.00
0.284940	129.00
0.284960	128.00
0.284980	130.00
0.285000	132.00
0.285020	133.00
0.285040	133.00
0.285060	132.00
0.285080	130.00
0.285100	130.00
0.285120	129.00
0.285140	128.00
0.285160	127.00
0.285180	125.00
0.285200	126.00
0.285220	128.00
0.285240	130.00
0.285260	131.00
0.285280	131.00
0.285300	132.00
0.285320	134.00
0.285340	135.00
0.285360	132.00
0.285380	124.00
0.285400	117.00
0.285420	116.00
0.285440	120.00
0.285460	126.00
0.285480	127.00
0.285500	122.00
0.285520	116.00
0.285540	115.00
0.285560	117.00
0.285580	121.00
0.285600	120.00
0.285620	117.00
0.285640	114.00
0.285660	114.00
0.285680	117.00
0.285700	120.00
0.285720	122.00
0.285740	123.00
0.285760	124.00
0.285780	124.00
0.285800	124.00
0.285820	125.00
0.285840	127.00
0.285860	129.00
0.285880	129.00
0.285900	127.00
0.285920	125.00
0.285940	124.00
0.285960	125.00
0.285980	126.00
0.286000	125.00
0.286020	122.00
0.286040	121.00
0.286060	123.00
0.286080	128.00
0.286100	132.00
0.286120	134.00
0.286140	132.00
0.286160	129.00
0.286180	128.00
0.286200	129.00
0.286220	132.00
0.286240	133.00
0.286260	131.00
0.286280	126.00
0.286300	122.00
0.286320	123.00
0.286340	126.00
0.286360	129.00
0.286380	128.00
0.286400	124.00
0.286420	120.00
0.286440	118.00
0.286460	120.00
0.286480	122.00
0.286500	121.00
0.286520	119.00
0.286540	118.00
0.286560	119.00
0.286580	123.00
0.286600	125.00
0.286620	124.00
0.286640	121.00
0.286660	118.00
0.286680	118.00
0.286700	120.00
0.286720	124.00
0.286740	127.00
0.286760	128.00
0.286780	128.00
0.286800	127.00
0.286820	126.00
0.286840	126.00
0.286860	128.00
0.286880	130.00
0.286900	131.00
0.286920	129.00
0.286940	125.00
0.286960	123.00
0.286980	125.00
0.287000	130.00
0.287020	135.00
0.287040	136.00
0.287060	133.00
0.287080	129.00
0.287100	128.00
0.287120	129.00
0.287140	131.00
0.287160	130.00
0.287180	127.00
0.287200	125.00
0.287220	126.00
0.287240	129.00
0.287260	132.00
0.287280	131.00
0.287300	127.00
0.287320	122.00
0.287340	120.00
0.287360	120.00
0.287380	120.00
0.287400	122.00
0.287420	124.00
0.287440	126.00
0.287460	127.00
0.287480	125.00
0.287500	123.00
0.287520	122.00
0.287540	122.00
0.287560	120.00
0.287580	117.00
0.287600	113.00
0.287620	112.00
0.287640	116.00
0.287660	121.00
0.287680	123.00
0.287700	123.00
0.287720	123.00
0.287740	127.00
0.287760	134.00
0.287780	137.00
0.287800	134.00
0.287820	126.00
0.287840	119.00
0.287860	118.00
0.287880	122.00
0.287900	128.00
0.287920	131.00
0.287940	131.00
0.287960	129.00
0.287980	128.00
0.288000	128.00
0.288020	129.00
0.288040	129.00
0.288060	129.00
0.288080	128.00
0.288100	129.00
0.288120	130.00
0.288140	131.00
0.288160	132.00
0.288180	132.00
0.288200	131.00
0.288220	131.00
0.288240	130.00
0.288260	129.00
0.288280	128.00
0.288300	126.00
0.288320	123.00
0.288340	119.00
0.288360	116.00
0.288380	114.00
0.288400	114.00
0.288420	115.00
0.288440	118.00
0.288460	120.00
0.288480	120.00
0.288500	120.00
0.288520	118.00
0.288540	117.00
0.288560	117.00
0.288580	118.00
0.288600	121.00
0.288620	125.00
0.288640	127.00
0.288660	128.00
0.288680	130.00
0.288700	132.00
0.288720	134.00
0.288740	134.00
0.288760	131.00
0.288780	126.00
0.288800	122.00
0.288820	122.00
0.288840	126.00
0.288860	130.00
0.288880	130.00
0.288900	127.00
0.288920	124.00
0.288940	124.00
0.288960	128.00
0.288980	134.00
0.289000	138.00
0.289020	140.00
0.289040	138.00
0.289060	133.00
0.289080	128.00
0.289100	126.00
0.289120	129.00
0.289140	133.00
0.289160	134.00
0.289180	130.00
0.289200	125.00
0.289220	122.00
0.289240	125.00
0.289260	130.00
0.289280	131.00
0.289300	127.00
0.289320	122.00
0.289340	120.00
0.289360	123.00
0.289380	125.00
0.289400	125.00
0.289420	122.00
0.289440	120.00
0.289460	120.00
0.289480	121.00
0.289500	120.00
0.289520	118.00
0.289540	118.00
0.289560	120.00
0.289580	122.00
0.289600	122.00
0.289620	121.00
0.289640	122.00
0.289660	125.00
0.289680	129.00
0.289700	132.00
0.289720	131.00
0.289740	128.00
0.289760	125.00
0.289780	125.00
0.289800	126.00
0.289820	128.00
0.289840	130.00
0.289860	132.00
0.289880	132.00
0.289900	130.00
0.289920	128.00
0.289940	126.00
0.289960	127.00
0.289980	129.00
0.290000	131.00
0.290020	130.00
0.290040	129.00
0.290060	129.00
0.290080	130.00
0.290100	132.00
0.290120	131.00
0.290140	127.00
0.290160	122.00
0.290180	118.00
0.290200	116.00
0.290220	116.00
0.290240	118.00
0.290260	120.00
0.290280	122.00
0.290300	123.00
0.290320	121.00
0.290340	119.00
0.290360	118.00
0.290380	119.00
0.290400	121.00
0.290420	121.00
0.290440	118.00
0.290460	114.00
0.290480	113.00
0.290500	116.00
0.290520	121.00
0.290540	124.00
0.290560	123.00
0.290580	120.00
0.290600	119.00
0.290620	121.00
0.290640	126.00
0.290660	129.00
0.290680	127.00
0.290700	124.00
0.290720	122.00
0.290740	124.00
0.290760	128.00
0.290780	130.00
0.290800	130.00
0.290820	129.00
0.290840	129.00
0.290860	131.00
0.290880	133.00
0.290900	133.00
0.290920	132.00
0.290940	132.00
0.290960	134.00
0.290980	136.00
0.291000	136.00
0.291020	133.00
0.291040	130.00
0.291060	129.00
0.291080	129.00
0.291100	129.00
0.291120	127.00
0.291140	125.00
0.291160	124.00
0.291180	123.00
0.291200	122.00
0.291220	119.00
0.291240	117.00
0.291260	118.00
0.291280	123.00
0.291300	128.00
0.291320	128.00
0.291340	125.00
0.291360	120.00
0.291380	119.00
0.291400	120.00
0.291420	121.00
0.291440	119.00
0.291460	116.00
0.291480	115.00
0.291500	117.00
0.291520	121.00
0.291540	124.00
0.291560	126.00
0.291580	127.00
0.291600	131.00
0.291620	135.00
0.291640	135.00
0.291660	131.00
0.291680	124.00
0.291700	120.00
0.291720	121.00
0.291740	124.00
0.291760	126.00
0.291780	126.00
0.291800	124.00
0.291820	123.00
0.291840	125.00
0.291860	127.00
0.291880	130.00
0.291900	132.00
0.291920	134.00
0.291940	134.00
0.291960	133.00
0.291980	131.00
0.292000	130.00
0.292020	129.00
0.292040	130.00
0.292060	130.00
0.292080	128.00
0.292100	125.00
0.292120	123.00
0.292140	123.00
0.292160	123.00
0.292180	123.00
0.292200	122.00
0.292220	121.00
0.292240	122.00
0.292260	123.00
0.292280	124.00
0.292300	123.00
0.292320	120.00
0.292340	118.00
0.292360	118.00
0.292380	118.00
0.292400	118.00
0.292420	117.00
0.292440	115.00
0.292460	116.00
0.292480	119.00
0.292500	122.00
0.292520	125.00
0.292540	126.00
0.292560	126.00
0.292580	126.00
0.292600	127.00
0.292620	128.00
0.292640	127.00
0.292660	126.00
0.292680	125.00
0.292700	126.00
0.292720	127.00
0.292740	127.00
0.292760	126.00
0.292780	126.00
0.292800	127.00
0.292820	130.00
0.292840	133.00
0.292860	134.00
0.292880	134.00
0.292900	133.00
0.292920	132.00
0.292940	130.00
0.292960	129.00
0.292980	128.00
0.293000	129.00
0.293020	131.00
0.293040	132.00
0.293060	133.00
0.293080	132.00
0.293100	130.00
0.293120	128.00
0.293140	125.00
0.293160	122.00
0.293180	121.00
0.293200	121.00
0.293220	123.00
0.293240	123.00
0.293260	119.00
0.293280	114.00
0.293300	111.00
0.293320	113.00
0.293340	117.00
0.293360	120.00
0.293380	122.00
0.293400	123.00
0.293420	126.00
0.293440	127.00
0.293460	126.00
0.293480	122.00
0.293500	120.00
0.293520	122.00
0.293540	127.00
0.293560	131.00
0.293580	130.00
0.293600	128.00
0.293620	128.00
0.293640	131.00
0.293660	134.00
0.293680	134.00
0.293700	130.00
0.293720	127.00
0.293740	128.00
0.293760	130.00
0.293780	132.00
0.293800	131.00
0.293820	129.00
0.293840	128.00
0.293860	128.00
0.293880	127.00
0.293900	125.00
0.293920	125.00
0.293940	126.00
0.293960	128.00
0.293980	129.00
0.294000	127.00
0.294020	125.00
0.294040	124.00
0.294060	126.00
0.294080	126.00
0.294100	123.00
0.294120	120.00
0.294140	118.00
0.294160	120.00
0.294180	123.00
0.294200	125.00
0.294220	125.00
0.294240	123.00
0.294260	121.00
0.294280	120.00
0.294300	118.00
0.294320	116.00
0.294340	115.00
0.294360	115.00
0.294380	116.00
0.294400	117.00
0.294420	119.00
0.294440	121.00
0.294460	124.00
0.294480	126.00
0.294500	128.00
0.294520	130.00
0.294540	131.00
0.294560	131.00
0.294580	129.00
0.294600	127.00
0.294620	127.00
0.294640	130.00
0.294660	133.00
0.294680	134.00
0.294700	131.00
0.294720	127.00
0.294740	125.00
0.294760	127.00
0.294780	131.00
0.294800	133.00
0.294820	134.00
0.294840	135.00
0.294860	135.00
0.294880	134.00
0.294900	131.00
0.294920	128.00
0.294940	127.00
0.294960	127.00
0.294980	128.00
0.295000	127.00
0.295020	124.00
0.295040	121.00
0.295060	121.00
0.295080	121.00
0.295100	121.00
0.295120	119.00
0.295140	119.00
0.295160	121.00
0.295180	124.00
0.295200	126.00
0.295220	124.00
0.295240	122.00
0.295260	120.00
0.295280	120.00
0.295300	119.00
0.295320	118.00
0.295340	117.00
0.295360	118.00
0.295380	120.00
0.295400	122.00
0.295420	122.00
0.295440	123.00
0.295460	124.00
0.295480	128.00
0.295500	131.00
0.295520	132.00
0.295540	132.00
0.295560	134.00
0.295580	138.00
0.295600	141.00
0.295620	141.00
0.295640	137.00
0.295660	131.00
0.295680	127.00
0.295700	124.00
0.295720	121.00
0.295740	119.00
0.295760	118.00
0.295780	121.00
0.295800	127.00
0.295820	132.00
0.295840	134.00
0.295860	134.00
0.295880	134.00
0.295900	136.00
0.295920	138.00
0.295940	137.00
0.295960	133.00
0.295980	125.00
0.296000	120.00
0.296020	118.00
0.296040	119.00
0.296060	120.00
0.296080	118.00
0.296100	112.00
0.296120	107.00
0.296140	105.00
0.296160	109.00
0.296180	116.00
0.296200	123.00
0.296220	126.00
0.296240	127.00
0.296260	126.00
0.296280	125.00
0.296300	124.00
0.296320	124.00
0.296340	124.00
0.296360	124.00
0.296380	127.00
0.296400	131.00
0.296420	134.00
0.296440	134.00
0.296460	130.00
0.296480	126.00
0.296500	124.00
0.296520	125.00
0.296540	128.00
0.296560	129.00
0.296580	128.00
0.296600	125.00
0.296620	124.00
0.296640	124.00
0.296660	125.00
0.296680	125.00
0.296700	122.00
0.296720	120.00
0.296740	120.00
0.296760	123.00
0.296780	129.00
0.296800	133.00
0.296820	135.00
0.296840	134.00
0.296860	131.00
0.296880	128.00
0.296900	127.00
0.296920	128.00
0.296940	129.00
0.296960	130.00
0.296980	128.00
0.297000	126.00
0.297020	124.00
0.297040	124.00
0.297060	123.00
0.297080	121.00
0.297100	119.00
0.297120	118.00
0.297140	120.00
0.297160	125.00
0.297180	127.00
0.297200	126.00
0.297220	122.00
0.297240	119.00
0.297260	121.00
0.297280	125.00
0.297300	128.00
0.297320	127.00
0.297340	125.00
0.297360	124.00
0.297380	128.00
0.297400	132.00
0.297420	133.00
0.297440	130.00
0.297460	126.00
0.297480	125.00
0.297500	128.00
0.297520	132.00
0.297540	133.00
0.297560	130.00
0.297580	126.00
0.297600	126.00
0.297620	128.00
0.297640	131.00
0.297660	132.00
0.297680	131.00
0.297700	131.00
0.297720	132.00
0.297740	132.00
0.297760	131.00
0.297780	129.00
0.297800	128.00
0.297820	129.00
0.297840	132.00
0.297860	134.00
0.297880	133.00
0.297900	129.00
0.297920	124.00
0.297940	121.00
0.297960	119.00
0.297980	119.00
0.298000	120.00
0.298020	122.00
0.298040	124.00
0.298060	125.00
0.298080	125.00
0.298100	123.00
0.298120	121.00
0.298140	120.00
0.298160	122.00
0.298180	125.00
0.298200	127.00
0.298220	125.00
0.298240	120.00
0.298260	115.00
0.298280	112.00
0.298300	114.00
0.298320	120.00
0.298340	127.00
0.298360	132.00
0.298380	132.00
0.298400	128.00
0.298420	123.00
0.298440	118.00
0.298460	119.00
0.298480	123.00
0.298500	127.00
0.298520	130.00
0.298540	129.00
0.298560	127.00
0.298580	126.00
0.298600	125.00
0.298620	125.00
0.298640	124.00
0.298660	124.00
0.298680	127.00
0.298700	131.00
0.298720	134.00
0.298740	133.00
0.298760	130.00
0.298780	127.00
0.298800	127.00
0.298820	128.00
0.298840	129.00
0.298860	127.00
0.298880	124.00
0.298900	122.00
0.298920	121.00
0.298940	121.00
0.298960	119.00
0.298980	117.00
0.299000	116.00
0.299020	118.00
0.299040	124.00
0.299060	130.00
0.299080	134.00
0.299100	133.00
0.299120	128.00
0.299140	119.00
0.299160	112.00
0.299180	109.00
0.299200	112.00
0.299220	117.00
0.299240	121.00
0.299260	124.00
0.299280	127.00
0.299300	133.00
0.299320	139.00
0.299340	141.00
0.299360	137.00
0.299380	129.00
0.299400	122.00
0.299420	120.00
0.299440	123.00
0.299460	127.00
0.299480	129.00
0.299500	129.00
0.299520	128.00
0.299540	130.00
0.299560	135.00
0.299580	143.00
0.299600	150.00
0.299620	150.00
0.299640	139.00
0.299660	121.00
0.299680	104.00
0.299700	96.00
0.299720	99.00
0.299740	112.00
0.299760	129.00
0.299780	147.00
0.299800	162.00
0.299820	171.00
0.299840	168.00
0.299860	149.00
0.299880	119.00
0.299900	89.00
0.299920	72.00
0.299940	73.00
0.299960	90.00
0.299980	115.00
0.300000	141.00
0.300020	162.00
0.300040	169.00
0.300060	160.00
0.300080	136.00
0.300100	108.00
0.300120	86.00
0.300140	76.00
0.300160	80.00
0.300180	91.00
0.300200	107.00
0.300220	123.00
0.300240	138.00
0.300260	149.00
0.300280	153.00
0.300300	151.00
0.300320	145.00
0.300340	137.00
0.300360	128.00
0.300380	118.00
0.300400	110.00
0.300420	107.00
0.300440	108.00
0.300460	116.00
0.300480	126.00
0.300500	138.00
0.300520	146.00
0.300540	148.00
0.300560	145.00
0.300580	140.00
0.300600	135.00
0.300620	130.00
0.300640	125.00
0.300660	118.00
0.300680	112.00
0.300700	110.00
0.300720	113.00
0.300740	120.00
0.300760	126.00
0.300780	130.00
0.300800	134.00
0.300820	137.00
0.300840	140.00
0.300860	140.00
0.300880	136.00
0.300900	129.00
0.300920	120.00
0.300940	111.00
0.300960	102.00
0.300980	96.00
0.301000	98.00
0.301020	106.00
0.301040	117.00
0.301060	124.00
0.301080	126.00
0.301100	125.00
0.301120	127.00
0.301140	134.00
0.301160	140.00
0.301180	140.00
0.301200	136.00
0.301220	132.00
0.301240	130.00
0.301260	129.00
0.301280	125.00
0.301300	117.00
0.301320	112.00
0.301340	113.00
0.301360	122.00
0.301380	133.00
0.301400	141.00
0.301420	146.00
0.301440	148.00
0.301460	146.00
0.301480	141.00
0.301500	132.00
0.301520	121.00
0.301540	112.00
0.301560	106.00
0.301580	105.00
0.301600	107.00
0.301620	116.00
0.301640	128.00
0.301660	139.00
0.301680	146.00
0.301700	144.00
0.301720	139.00
0.301740	133.00
0.301760	130.00
0.301780	125.00
0.301800	118.00
0.301820	110.00
0.301840	104.00
0.301860	103.00
0.301880	105.00
0.301900	109.00
0.301920	114.00
0.301940	121.00
0.301960	129.00
0.301980	136.00
0.302000	138.00
0.302020	133.00
0.302040	126.00
0.302060	120.00
0.302080	116.00
0.302100	113.00
0.302120	109.00
0.302140	106.00
0.302160	108.00
0.302180	117.00
0.302200	129.00
0.302220	140.00
0.302240	145.00
0.302260	144.00
0.302280	139.00
0.302300	135.00
0.302320	133.00
0.302340	132.00
0.302360	128.00
0.302380	122.00
0.302400	117.00
0.302420	115.00
0.302440	119.00
0.302460	126.00
0.302480	132.00
0.302500	135.00
0.302520	135.00
0.302540	134.00
0.302560	132.00
0.302580	131.00
0.302600	131.00
0.302620	131.00
0.302640	130.00
0.302660	128.00
0.302680	123.00
0.302700	120.00
0.302720	120.00
0.302740	123.00
0.302760	127.00
0.302780	130.00
0.302800	129.00
0.302820	126.00
0.302840	123.00
0.302860	121.00
0.302880	118.00
0.302900	115.00
0.302920	113.00
0.302940	114.00
0.302960	117.00
0.302980	119.00
0.303000	119.00
0.303020	116.00
0.303040	117.00
0.303060	121.00
0.303080	125.00
0.303100	127.00
0.303120	126.00
0.303140	126.00
0.303160	131.00
0.303180	137.00
0.303200	139.00
0.303220	135.00
0.303240	126.00
0.303260	121.00
0.303280	121.00
0.303300	125.00
0.303320	129.00
0.303340	130.00
0.303360	131.00
0.303380	132.00
0.303400	135.00
0.303420	135.00
0.303440	132.00
0.303460	127.00
0.303480	124.00
0.303500	124.00
0.303520	126.00
0.303540	127.00
0.303560	128.00
0.303580	129.00
0.303600	131.00
0.303620	133.00
0.303640	133.00
0.303660	130.00
0.303680	126.00
0.303700	123.00
0.303720	124.00
0.303740	125.00
0.303760	124.00
0.303780	121.00
0.303800	118.00
0.303820	119.00
0.303840	123.00
0.303860	125.00
0.303880	125.00
0.303900	122.00
0.303920	119.00
0.303940	119.00
0.303960	119.00
0.303980	118.00
0.304000	116.00
0.304020	114.00
0.304040	116.00
0.304060	120.00
0.304080	123.00
0.304100	124.00
0.304120	125.00
0.304140	127.00
0.304160	131.00
0.304180	131.00
0.304200	127.00
0.304220	123.00
0.304240	122.00
0.304260	127.00
0.304280	131.00
0.304300	131.00
0.304320	126.00
0.304340	120.00
0.304360	120.00
0.304380	124.00
0.304400	128.00
0.304420	130.00
0.304440	130.00
0.304460	131.00
0.304480	133.00
0.304500	134.00
0.304520	133.00
0.304540	132.00
0.304560	133.00
0.304580	135.00
0.304600	135.00
0.304620	131.00
0.304640	125.00
0.304660	121.00
0.304680	121.00
0.304700	123.00
0.304720	122.00
0.304740	120.00
0.304760	119.00
0.304780	120.00
0.304800	122.00
0.304820	122.00
0.304840	120.00
0.304860	119.00
0.304880	121.00
0.304900	124.00
0.304920	126.00
0.304940	124.00
0.304960	120.00
0.304980	119.00
0.305000	120.00
0.305020	121.00
0.305040	120.00
0.305060	118.00
0.305080	120.00
0.305100	127.00
0.305120	133.00
0.305140	136.00
0.305160	134.00
0.305180	130.00
0.305200	129.00
0.305220	131.00
0.305240	134.00
0.305260	134.00
0.305280	132.00
0.305300	129.00
0.305320	126.00
0.305340	123.00
0.305360	122.00
0.305380	123.00
0.305400	126.00
0.305420	129.00
0.305440	131.00
0.305460	132.00
0.305480	132.00
0.305500	133.00
0.305520	134.00
0.305540	134.00
0.305560	131.00
0.305580	127.00
0.305600	123.00
0.305620	122.00
0.305640	123.00
0.305660	125.00
0.305680	127.00
0.305700	127.00
0.305720	125.00
0.305740	123.00
0.305760	121.00
0.305780	120.00
0.305800	120.00
0.305820	120.00
0.305840	119.00
0.305860	117.00
0.305880	117.00
0.305900	118.00
0.305920	120.00
0.305940	121.00
0.305960	122.00
0.305980	123.00
0.306000	124.00
0.306020	125.00
0.306040	124.00
0.306060	122.00
0.306080	121.00
0.306100	122.00
0.306120	126.00
0.306140	129.00
0.306160	129.00
0.306180	127.00
0.306200	126.00
0.306220	126.00
0.306240	128.00
0.306260	128.00
0.306280	127.00
0.306300	124.00
0.306320	123.00
0.306340	125.00
0.306360	128.00
0.306380	131.00
0.306400	133.00
0.306420	133.00
0.306440	132.00
0.306460	131.00
0.306480	131.00
0.306500	132.00
0.306520	133.00
0.306540	133.00
0.306560	131.00
0.306580	129.00
0.306600	128.00
0.306620	127.00
0.306640	128.00
0.306660	128.00
0.306680	128.00
0.306700	126.00
0.306720	125.00
0.306740	124.00
0.306760	125.00
0.306780	126.00
0.306800	125.00
0.306820	122.00
0.306840	117.00
0.306860	112.00
0.306880	111.00
0.306900	114.00
0.306920	119.00
0.306940	123.00
0.306960	123.00
0.306980	123.00
0.307000	125.00
0.307020	129.00
0.307040	132.00
0.307060	131.00
0.307080	127.00
0.307100	124.00
0.307120	124.00
0.307140	128.00
0.307160	131.00
0.307180	129.00
0.307200	125.00
0.307220	122.00
0.307240	121.00
0.307260	123.00
0.307280	125.00
0.307300	126.00
0.307320	126.00
0.307340	126.00
0.307360	125.00
0.307380	126.00
0.307400	129.00
0.307420	133.00
0.307440	137.00
0.307460	139.00
0.307480	137.00
0.307500	133.00
0.307520	129.00
0.307540	128.00
0.307560	126.00
0.307580	122.00
0.307600	117.00
0.307620	113.00
0.307640	113.00
0.307660	118.00
0.307680	122.00
0.307700	122.00
0.307720	118.00
0.307740	115.00
0.307760	115.00
0.307780	119.00
0.307800	122.00
0.307820	121.00
0.307840	118.00
0.307860	116.00
0.307880	117.00
0.307900	120.00
0.307920	122.00
0.307940	122.00
0.307960	123.00
0.307980	127.00
0.308000	133.00
0.308020	136.00
0.308040	136.00
0.308060	133.00
0.308080	130.00
0.308100	128.00
0.308120	128.00
0.308140	129.00
0.308160	128.00
0.308180	127.00
0.308200	128.00
0.308220	129.00
0.308240	129.00
0.308260	129.00
0.308280	129.00
0.308300	130.00
0.308320	132.00
0.308340	133.00
0.308360	133.00
0.308380	132.00
0.308400	130.00
0.308420	129.00
0.308440	128.00
0.308460	127.00
0.308480	125.00
0.308500	124.00
0.308520	125.00
0.308540	127.00
0.308560	128.00
0.308580	128.00
0.308600	126.00
0.308620	123.00
0.308640	121.00
0.308660	120.00
0.308680	120.00
0.308700	120.00
0.308720	120.00
0.308740	119.00
0.308760	117.00
0.308780	114.00
0.308800	113.00
0.308820	115.00
0.308840	119.00
0.308860	122.00
0.308880	123.00
0.308900	122.00
0.308920	123.00
0.308940	125.00
0.308960	129.00
0.308980	131.00
0.309000	130.00
0.309020	126.00
0.309040	123.00
0.309060	122.00
0.309080	126.00
0.309100	130.00
0.309120	132.00
0.309140	130.00
0.309160	125.00
0.309180	122.00
0.309200	122.00
0.309220	126.00
0.309240	130.00
0.309260	131.00
0.309280	130.00
0.309300	128.00
0.309320	127.00
0.309340	129.00
0.309360	132.00
0.309380	133.00
0.309400	131.00
0.309420	126.00
0.309440	122.00
0.309460	121.00
0.309480	124.00
0.309500	128.00
0.309520	129.00
0.309540	127.00
0.309560	123.00
0.309580	122.00
0.309600	124.00
0.309620	125.00
0.309640	124.00
0.309660	119.00
0.309680	116.00
0.309700	117.00
0.309720	122.00
0.309740	125.00
0.309760	125.00
0.309780	122.00
0.309800	119.00
0.309820	119.00
0.309840	121.00
0.309860	122.00
0.309880	123.00
0.309900	126.00
0.309920	130.00
0.309940	134.00
0.309960	133.00
0.309980	129.00
0.310000	126.00
0.310020	126.00
0.310040	128.00
0.310060	129.00
0.310080	126.00
0.310100	121.00
0.310120	120.00
0.310140	122.00
0.310160	127.00
0.310180	129.00
0.310200	130.00
0.310220	130.00
0.310240	130.00
0.310260	132.00
0.310280	133.00
0.310300	132.00
0.310320	131.00
0.310340	130.00
0.310360	129.00
0.310380	127.00
0.310400	126.00
0.310420	124.00
0.310440	124.00
0.310460	124.00
0.310480	126.00
0.310500	128.00
0.310520	128.00
0.310540	126.00
0.310560	123.00
0.310580	121.00
0.310600	121.00
0.310620	124.00
0.310640	126.00
0.310660	127.00
0.310680	124.00
0.310700	120.00
0.310720	117.00
0.310740	118.00
0.310760	123.00
0.310780	129.00
0.310800	132.00
0.310820	132.00
0.310840	130.00
0.310860	128.00
0.310880	129.00
0.310900	133.00
0.310920	136.00
0.310940	135.00
0.310960	130.00
0.310980	124.00
0.311000	121.00
0.311020	122.00
0.311040	126.00
0.311060	128.00
0.311080	126.00
0.311100	124.00
0.311120	122.00
0.311140	123.00
0.311160	126.00
0.311180	128.00
0.311200	130.00
0.311220	130.00
0.311240	131.00
0.311260	130.00
0.311280	129.00
0.311300	128.00
0.311320	128.00
0.311340	128.00
0.311360	127.00
0.311380	125.00
0.311400	123.00
0.311420	122.00
0.311440	121.00
0.311460	120.00
0.311480	119.00
0.311500	118.00
0.311520	120.00
0.311540	122.00
0.311560	124.00
0.311580	123.00
0.311600	122.00
0.311620	121.00
0.311640	120.00
0.311660	119.00
0.311680	116.00
0.311700	112.00
0.311720	111.00
0.311740	114.00
0.311760	117.00
0.311780	120.00
0.311800	120.00
0.311820	121.00
0.311840	125.00
0.311860	129.00
0.311880	132.00
0.311900	133.00
0.311920	130.00
0.311940	127.00
0.311960	126.00
0.311980	126.00
0.312000	128.00
0.312020	130.00
0.312040	131.00
0.312060	130.00
0.312080	128.00
0.312100	126.00
0.312120	126.00
0.312140	127.00
0.312160	129.00
0.312180	131.00
0.312200	132.00
0.312220	131.00
0.312240	128.00
0.312260	125.00
0.312280	124.00
0.312300	126.00
0.312320	128.00
0.312340	130.00
0.312360	128.00
0.312380	124.00
0.312400	122.00
0.312420	123.00
0.312440	126.00
0.312460	126.00
0.312480	123.00
0.312500	118.00
0.312520	115.00
0.312540	114.00
0.312560	116.00
0.312580	118.00
0.312600	119.00
0.312620	119.00
0.312640	121.00
0.312660	122.00
0.312680	122.00
0.312700	122.00
0.312720	121.00
0.312740	123.00
0.312760	126.00
0.312780	130.00
0.312800	132.00
0.312820	132.00
0.312840	131.00
0.312860	128.00
0.312880	126.00
0.312900	124.00
0.312920	124.00
0.312940	124.00
0.312960	124.00
0.312980	125.00
0.313000	127.00
0.313020	130.00
0.313040	132.00
0.313060	134.00
0.313080	134.00
0.313100	134.00
0.313120	134.00
0.313140	133.00
0.313160	131.00
0.313180	130.00
0.313200	129.00
0.313220	129.00
0.313240	131.00
0.313260	131.00
0.313280	131.00
0.313300	130.00
0.313320	132.00
0.313340	132.00
0.313360	130.00
0.313380	124.00
0.313400	118.00
0.313420	117.00
0.313440	122.00
0.313460	127.00
0.313480	129.00
0.313500	125.00
0.313520	120.00
0.313540	117.00
0.313560	117.00
0.313580	119.00
0.313600	120.00
0.313620	121.00
0.313640	121.00
0.313660	122.00
0.313680	123.00
0.313700	124.00
0.313720	126.00
0.313740	128.00
0.313760	130.00
0.313780	130.00
0.313800	127.00
0.313820	125.00
0.313840	125.00
0.313860	127.00
0.313880	130.00
0.313900	132.00
0.313920	131.00
0.313940	129.00
0.313960	127.00
0.313980	126.00
0.314000	127.00
0.314020	128.00
0.314040	130.00
0.314060	131.00
0.314080	130.00
0.314100	130.00
0.314120	131.00
0.314140	133.00
0.314160	134.00
0.314180	133.00
0.314200	132.00
0.314220	131.00
0.314240	130.00
0.314260	130.00
0.314280	128.00
0.314300	126.00
0.314320	124.00
0.314340	124.00
0.314360	124.00
0.314380	124.00
0.314400	123.00
0.314420	124.00
0.314440	125.00
0.314460	126.00
0.314480	123.00
0.314500	117.00
0.314520	112.00
0.314540	111.00
0.314560	112.00
0.314580	113.00
0.314600	113.00
0.314620	113.00
0.314640	116.00
0.314660	121.00
0.314680	124.00
0.314700	125.00
0.314720	126.00
0.314740	129.00
0.314760	134.00
0.314780	138.00
0.314800	138.00
0.314820	134.00
0.314840	130.00
0.314860	129.00
0.314880	130.00
0.314900	129.00
0.314920	126.00
0.314940	124.00
0.314960	125.00
0.314980	128.00
0.315000	131.00
0.315020	131.00
0.315040	130.00
0.315060	129.00
0.315080	128.00
0.315100	127.00
0.315120	126.00
0.315140	127.00
0.315160	129.00
0.315180	129.00
0.315200	127.00
0.315220	123.00
0.315240	120.00
0.315260	121.00
0.315280	124.00
0.315300	127.00
0.315320	126.00
0.315340	124.00
0.315360	124.00
0.315380	127.00
0.315400	129.00
0.315420	128.00
0.315440	125.00
0.315460	122.00
0.315480	122.00
0.315500	123.00
0.315520	124.00
0.315540	122.00
0.315560	119.00
0.315580	118.00
0.315600	118.00
0.315620	119.00
0.315640	120.00
0.315660	122.00
0.315680	126.00
0.315700	133.00
0.315720	139.00
0.315740	140.00
0.315760	135.00
0.315780	127.00
0.315800	121.00
0.315820	120.00
0.315840	124.00
0.315860	129.00
0.315880	132.00
0.315900	131.00
0.315920	128.00
0.315940	125.00
0.315960	124.00
0.315980	125.00
0.316000	127.00
0.316020	130.00
0.316040	132.00
0.316060	131.00
0.316080	128.00
0.316100	125.00
0.316120	125.00
0.316140	126.00
0.316160	128.00
0.316180	128.00
0.316200	124.00
0.316220	120.00
0.316240	119.00
0.316260	120.00
0.316280	122.00
0.316300	122.00
0.316320	120.00
0.316340	119.00
0.316360	120.00
0.316380	120.00
0.316400	120.00
0.316420	119.00
0.316440	120.00
0.316460	124.00
0.316480	127.00
0.316500	126.00
0.316520	120.00
0.316540	114.00
0.316560	113.00
0.316580	117.00
0.316600	122.00
0.316620	125.00
0.316640	125.00
0.316660	125.00
0.316680	128.00
0.316700	133.00
0.316720	135.00
0.316740	133.00
0.316760	130.00
0.316780	129.00
0.316800	130.00
0.316820	130.00
0.316840	129.00
0.316860	125.00
0.316880	124.00
0.316900	127.00
0.316920	132.00
0.316940	134.00
0.316960	132.00
0.316980	128.00
0.317000	128.00
0.317020	131.00
0.317040	135.00
0.317060	136.00
0.317080	133.00
0.317100	128.00
0.317120	125.00
0.317140	126.00
0.317160	128.00
0.317180	127.00
0.317200	124.00
0.317220	120.00
0.317240	118.00
0.317260	119.00
0.317280	121.00
0.317300	123.00
0.317320	122.00
0.317340	120.00
0.317360	119.00
0.317380	120.00
0.317400	123.00
0.317420	123.00
0.317440	121.00
0.317460	116.00
0.317480	114.00
0.317500	117.00
0.317520	123.00
0.317540	129.00
0.317560	132.00
0.317580	131.00
0.317600	129.00
0.317620	129.00
0.317640	132.00
0.317660	134.00
0.317680	134.00
0.317700	130.00
0.317720	125.00
0.317740	124.00
0.317760	125.00
0.317780	127.00
0.317800	128.00
0.317820	126.00
0.317840	124.00
0.317860	123.00
0.317880	124.00
0.317900	126.00
0.317920	130.00
0.317940	132.00
0.317960	133.00
0.317980	132.00
0.318000	130.00
0.318020	130.00
0.318040	130.00
0.318060	131.00
0.318080	131.00
0.318100	129.00
0.318120	127.00
0.318140	126.00
0.318160	126.00
0.318180	125.00
0.318200	122.00
0.318220	118.00
0.318240	116.00
0.318260	115.00
0.318280	116.00
0.318300	117.00
0.318320	118.00
0.318340	119.00
0.318360	119.00
0.318380	119.00
0.318400	119.00
0.318420	120.00
0.318440	120.00
0.318460	121.00
0.318480	122.00
0.318500	121.00
0.318520	120.00
0.318540	119.00
0.318560	121.00
0.318580	124.00
0.318600	127.00
0.318620	129.00
0.318640	128.00
0.318660	126.00
0.318680	126.00
0.318700	126.00
0.318720	125.00
0.318740	125.00
0.318760	126.00
0.318780	127.00
0.318800	130.00
0.318820	133.00
0.318840	135.00
0.318860	135.00
0.318880	133.00
0.318900	129.00
0.318920	126.00
0.318940	126.00
0.318960	128.00
0.318980	132.00
0.319000	134.00
0.319020	133.00
0.319040	131.00
0.319060	129.00
0.319080	127.00
0.319100	125.00
0.319120	122.00
0.319140	121.00
0.319160	121.00
0.319180	122.00
0.319200	122.00
0.319220	120.00
0.319240	116.00
0.319260	115.00
0.319280	116.00
0.319300	119.00
0.319320	119.00
0.319340	118.00
0.319360	116.00
0.319380	118.00
