0.279400	101.00
0.279420	45.00
0.279440	93.00
0.279460	131.00
0.279480	140.00
0.279500	126.00
0.279520	114.00
0.279540	115.00
0.279560	125.00
0.279580	131.00
0.279600	132.00
0.279620	133.00
0.279640	138.00
0.279660	143.00
0.279680	143.00
0.279700	137.00
0.279720	131.00
0.279740	131.00
0.279760	133.00
0.279780	133.00
0.279800	128.00
0.279820	123.00
0.279840	122.00
0.279860	124.00
0.279880	125.00
0.279900	126.00
0.279920	128.00
0.279940	131.00
0.279960	135.00
0.279980	135.00
0.280000	132.00
0.280020	129.00
0.280040	129.00
0.280060	130.00
0.280080	128.00
0.280100	123.00
0.280120	117.00
0.280140	115.00
0.280160	116.00
0.280180	118.00
0.280200	117.00
0.280220	115.00
0.280240	113.00
0.280260	113.00
0.280280	116.00
0.280300	120.00
0.280320	125.00
0.280340	128.00
0.280360	128.00
0.280380	127.00
0.280400	127.00
0.280420	127.00
0.280440	128.00
0.280460	127.00
0.280480	124.00
0.280500	121.00
0.280520	124.00
0.280540	128.00
0.280560	131.00
0.280580	129.00
0.280600	124.00
0.280620	122.00
0.280640	125.00
0.280660	131.00
0.280680	135.00
0.280700	134.00
0.280720	130.00
0.280740	127.00
0.280760	127.00
0.280780	128.00
0.280800	130.00
0.280820	130.00
0.280840	129.00
0.280860	127.00
0.280880	123.00
0.280900	121.00
0.280920	122.00
0.280940	126.00
0.280960	130.00
0.280980	130.00
0.281000	127.00
0.281020	123.00
0.281040	120.00
0.281060	119.00
0.281080	118.00
0.281100	116.00
0.281120	115.00
0.281140	114.00
0.281160	115.00
0.281180	116.00
0.281200	117.00
0.281220	118.00
0.281240	119.00
0.281260	118.00
0.281280	116.00
0.281300	113.00
0.281320	113.00
0.281340	116.00
0.281360	121.00
0.281380	125.00
0.281400	127.00
0.281420	129.00
0.281440	130.00
0.281460	131.00
0.281480	130.00
0.281500	129.00
0.281520	130.00
0.281540	131.00
0.281560	132.00
0.281580	130.00
0.281600	128.00
0.281620	128.00
0.281640	130.00
0.281660	132.00
0.281680	132.00
0.281700	131.00
0.281720	130.00
0.281740	133.00
0.281760	136.00
0.281780	135.00
0.281800	132.00
0.281820	129.00
0.281840	130.00
0.281860	132.00
0.281880	133.00
0.281900	130.00
0.281920	125.00
0.281940	123.00
0.281960	122.00
0.281980	122.00
0.282000	119.00
0.282020	116.00
0.282040	117.00
0.282060	123.00
0.282080	129.00
0.282100	130.00
0.282120	126.00
0.282140	121.00
0.282160	118.00
0.282180	119.00
0.282200	121.00
0.282220	122.00
0.282240	121.00
0.282260	121.00
0.282280	122.00
0.282300	124.00
0.282320	126.00
0.282340	128.00
0.282360	129.00
0.282380	129.00
0.282400	128.00
0.282420	127.00
0.282440	128.00
0.282460	129.00
0.282480	130.00
0.282500	130.00
0.282520	127.00
0.282540	124.00
0.282560	123.00
0.282580	126.00
0.282600	130.00
0.282620	133.00
0.282640	134.00
0.282660	131.00
0.282680	127.00
0.282700	125.00
0.282720	127.00
0.282740	132.00
0.282760	136.00
0.282780	137.00
0.282800	134.00
0.282820	131.00
0.282840	129.00
0.282860	128.00
0.282880	125.00
0.282900	119.00
0.282920	115.00
0.282940	115.00
0.282960	120.00
0.282980	125.00
0.283000	127.00
0.283020	123.00
0.283040	117.00
0.283060	115.00
0.283080	116.00
0.283100	118.00
0.283120	119.00
0.283140	118.00
0.283160	115.00
0.283180	113.00
0.283200	113.00
0.283220	114.00
0.283240	116.00
0.283260	118.00
0.283280	120.00
0.283300	122.00
0.283320	123.00
0.283340	124.00
0.283360	125.00
0.283380	127.00
0.283400	128.00
0.283420	128.00
0.283440	129.00
0.283460	131.00
0.283480	135.00
0.283500	137.00
0.283520	137.00
0.283540	133.00
0.283560	128.00
0.283580	125.00
0.283600	125.00
0.283620	128.00
0.283640	132.00
0.283660	137.00
0.283680	141.00
0.283700	143.00
0.283720	141.00
0.283740	135.00
0.283760	128.00
0.283780	124.00
0.283800	125.00
0.283820	129.00
0.283840	132.00
0.283860	131.00
0.283880	128.00
0.283900	124.00
0.283920	122.00
0.283940	120.00
0.283960	117.00
0.283980	114.00
0.284000	112.00
0.284020	114.00
0.284040	121.00
0.284060	127.00
0.284080	131.00
0.284100	129.00
0.284120	125.00
0.284140	121.00
0.284160	120.00
0.284180	122.00
0.284200	123.00
0.284220	124.00
0.284240	122.00
0.284260	121.00
0.284280	122.00
0.284300	127.00
0.284320	133.00
0.284340	136.00
0.284360	134.00
0.284380	129.00
0.284400	125.00
0.284420	125.00
0.284440	129.00
0.284460	133.00
0.284480	134.00
0.284500	132.00
0.284520	131.00
0.284540	130.00
0.284560	129.00
0.284580	128.00
0.284600	128.00
0.284620	129.00
0.284640	131.00
0.284660	133.00
0.284680	132.00
0.284700	130.00
0.284720	129.00
0.284740	130.00
0.284760	129.00
0.284780	126.00
0.284800	121.00
0.284820	118.00
0.284840	119.00
0.284860	123.00
0.284880	124.00
0.284900	122.00
0.284920	118.00
0.284940	115.00
0.284960	115.00
0.284980	115.00
0.285000	113.00
0.285020	110.00
0.285040	111.00
0.285060	116.00
0.285080	122.00
0.285100	124.00
0.285120	122.00
0.285140	118.00
0.285160	117.00
0.285180	121.00
0.285200	126.00
0.285220	127.00
0.285240	126.00
0.285260	124.00
0.285280	126.00
0.285300	129.00
0.285320	130.00
0.285340	128.00
0.285360	124.00
0.285380	122.00
0.285400	123.00
0.285420	126.00
0.285440	129.00
0.285460	130.00
0.285480	130.00
0.285500	130.00
0.285520	131.00
0.285540	131.00
0.285560	132.00
0.285580	133.00
0.285600	134.00
0.285620	135.00
0.285640	135.00
0.285660	132.00
0.285680	129.00
0.285700	126.00
0.285720	125.00
0.285740	126.00
0.285760	126.00
0.285780	127.00
0.285800	128.00
0.285820	128.00
0.285840	126.00
0.285860	121.00
0.285880	117.00
0.285900	117.00
0.285920	120.00
0.285940	123.00
0.285960	123.00
0.285980	118.00
0.286000	114.00
0.286020	113.00
0.286040	117.00
0.286060	121.00
0.286080	122.00
0.286100	119.00
0.286120	116.00
0.286140	116.00
0.286160	119.00
0.286180	123.00
0.286200	125.00
0.286220	126.00
0.286240	128.00
0.286260	130.00
0.286280	131.00
0.286300	131.00
0.286320	130.00
0.286340	129.00
0.286360	129.00
0.286380	127.00
0.286400	123.00
0.286420	119.00
0.286440	118.00
0.286460	122.00
0.286480	128.00
0.286500	131.00
0.286520	130.00
0.286540	126.00
0.286560	126.00
0.286580	129.00
0.286600	134.00
0.286620	136.00
0.286640	134.00
0.286660	130.00
0.286680	127.00
0.286700	127.00
0.286720	128.00
0.286740	129.00
0.286760	129.00
0.286780	129.00
0.286800	129.00
0.286820	128.00
0.286840	127.00
0.286860	125.00
0.286880	123.00
0.286900	121.00
0.286920	121.00
0.286940	122.00
0.286960	123.00
0.286980	123.00
0.287000	121.00
0.287020	117.00
0.287040	116.00
0.287060	118.00
0.287080	122.00
0.287100	125.00
0.287120	123.00
0.287140	118.00
0.287160	117.00
0.287180	122.00
0.287200	133.00
0.287220	141.00
0.287240	141.00
0.287260	136.00
0.287280	130.00
0.287300	128.00
0.287320	131.00
0.287340	134.00
0.287360	132.00
0.287380	128.00
0.287400	126.00
0.287420	127.00
0.287440	131.00
0.287460	131.00
0.287480	129.00
0.287500	125.00
0.287520	125.00
0.287540	127.00
0.287560	131.00
0.287580	132.00
0.287600	131.00
0.287620	130.00
0.287640	130.00
0.287660	132.00
0.287680	131.00
0.287700	127.00
0.287720	123.00
0.287740	122.00
0.287760	125.00
0.287780	129.00
0.287800	130.00
0.287820	125.00
0.287840	117.00
0.287860	112.00
0.287880	113.00
0.287900	118.00
0.287920	121.00
0.287940	119.00
0.287960	114.00
0.287980	113.00
0.288000	115.00
0.288020	119.00
0.288040	120.00
0.288060	117.00
0.288080	115.00
0.288100	116.00
0.288120	119.00
0.288140	122.00
0.288160	123.00
0.288180	122.00
0.288200	123.00
0.288220	126.00
0.288240	127.00
0.288260	127.00
0.288280	124.00
0.288300	123.00
0.288320	125.00
0.288340	127.00
0.288360	128.00
0.288380	128.00
0.288400	130.00
0.288420	132.00
0.288440	135.00
0.288460	135.00
0.288480	133.00
0.288500	133.00
0.288520	135.00
0.288540	137.00
0.288560	137.00
0.288580	134.00
0.288600	131.00
0.288620	130.00
0.288640	131.00
0.288660	133.00
0.288680	133.00
0.288700	129.00
0.288720	123.00
0.288740	118.00
0.288760	116.00
0.288780	116.00
0.288800	116.00
0.288820	116.00
0.288840	114.00
0.288860	112.00
0.288880	113.00
0.288900	119.00
0.288920	125.00
0.288940	128.00
0.288960	125.00
0.288980	119.00
0.289000	117.00
0.289020	120.00
0.289040	125.00
0.289060	128.00
0.289080	127.00
0.289100	126.00
0.289120	128.00
0.289140	131.00
0.289160	131.00
0.289180	127.00
0.289200	122.00
0.289220	121.00
0.289240	125.00
0.289260	129.00
0.289280	129.00
0.289300	124.00
0.289320	121.00
0.289340	123.00
0.289360	128.00
0.289380	132.00
0.289400	132.00
0.289420	131.00
0.289440	132.00
0.289460	135.00
0.289480	138.00
0.289500	138.00
0.289520	135.00
0.289540	129.00
0.289560	125.00
0.289580	123.00
0.289600	122.00
0.289620	123.00
0.289640	124.00
0.289660	124.00
0.289680	123.00
0.289700	120.00
0.289720	118.00
0.289740	117.00
0.289760	118.00
0.289780	119.00
0.289800	120.00
0.289820	121.00
0.289840	123.00
0.289860	125.00
0.289880	125.00
0.289900	123.00
0.289920	120.00
0.289940	119.00
0.289960	121.00
0.289980	123.00
0.290000	122.00
0.290020	119.00
0.290040	118.00
0.290060	122.00
0.290080	131.00
0.290100	137.00
0.290120	138.00
0.290140	132.00
0.290160	124.00
0.290180	120.00
0.290200	119.00
0.290220	121.00
0.290240	122.00
0.290260	123.00
0.290280	124.00
0.290300	125.00
0.290320	125.00
0.290340	124.00
0.290360	125.00
0.290380	126.00
0.290400	130.00
0.290420	133.00
0.290440	134.00
0.290460	133.00
0.290480	132.00
0.290500	132.00
0.290520	132.00
0.290540	131.00
0.290560	128.00
0.290580	124.00
0.290600	123.00
0.290620	124.00
0.290640	127.00
0.290660	128.00
0.290680	128.00
0.290700	128.00
0.290720	126.00
0.290740	124.00
0.290760	120.00
0.290780	117.00
0.290800	116.00
0.290820	118.00
0.290840	121.00
0.290860	123.00
0.290880	122.00
0.290900	119.00
0.290920	117.00
0.290940	118.00
0.290960	121.00
0.290980	122.00
0.291000	123.00
0.291020	124.00
0.291040	127.00
0.291060	131.00
0.291080	133.00
0.291100	132.00
0.291120	128.00
0.291140	126.00
0.291160	125.00
0.291180	126.00
0.291200	127.00
0.291220	127.00
0.291240	127.00
0.291260	129.00
0.291280	131.00
0.291300	131.00
0.291320	129.00
0.291340	126.00
0.291360	125.00
0.291380	129.00
0.291400	135.00
0.291420	141.00
0.291440	142.00
0.291460	137.00
0.291480	129.00
0.291500	124.00
0.291520	123.00
0.291540	125.00
0.291560	127.00
0.291580	126.00
0.291600	124.00
0.291620	123.00
0.291640	123.00
0.291660	123.00
0.291680	122.00
0.291700	120.00
0.291720	119.00
0.291740	120.00
0.291760	120.00
0.291780	120.00
0.291800	120.00
0.291820	121.00
0.291840	123.00
0.291860	124.00
0.291880	123.00
0.291900	119.00
0.291920	117.00
0.291940	118.00
0.291960	122.00
0.291980	125.00
0.292000	127.00
0.292020	127.00
0.292040	128.00
0.292060	130.00
0.292080	131.00
0.292100	130.00
0.292120	129.00
0.292140	127.00
0.292160	126.00
0.292180	125.00
0.292200	124.00
0.292220	123.00
0.292240	124.00
0.292260	128.00
0.292280	131.00
0.292300	132.00
0.292320	132.00
0.292340	133.00
0.292360	136.00
0.292380	138.00
0.292400	138.00
0.292420	133.00
0.292440	128.00
0.292460	124.00
0.292480	124.00
0.292500	126.00
0.292520	126.00
0.292540	124.00
0.292560	121.00
0.292580	120.00
0.292600	121.00
0.292620	124.00
0.292640	126.00
0.292660	128.00
0.292680	129.00
0.292700	128.00
0.292720	126.00
0.292740	121.00
0.292760	117.00
0.292780	114.00
0.292800	113.00
0.292820	112.00
0.292840	114.00
0.292860	117.00
0.292880	122.00
0.292900	126.00
0.292920	128.00
0.292940	129.00
0.292960	131.00
0.292980	136.00
0.293000	139.00
0.293020	138.00
0.293040	132.00
0.293060	125.00
0.293080	121.00
0.293100	122.00
0.293120	125.00
0.293140	125.00
0.293160	123.00
0.293180	122.00
0.293200	124.00
0.293220	126.00
0.293240	127.00
0.293260	125.00
0.293280	122.00
0.293300	121.00
0.293320	123.00
0.293340	124.00
0.293360	124.00
0.293380	124.00
0.293400	125.00
0.293420	126.00
0.293440	126.00
0.293460	124.00
0.293480	121.00
0.293500	121.00
0.293520	123.00
0.293540	125.00
0.293560	125.00
0.293580	122.00
0.293600	120.00
0.293620	120.00
0.293640	122.00
0.293660	124.00
0.293680	124.00
0.293700	123.00
0.293720	124.00
0.293740	124.00
0.293760	124.00
0.293780	121.00
0.293800	119.00
0.293820	120.00
0.293840	123.00
0.293860	126.00
0.293880	126.00
0.293900	126.00
0.293920	127.00
0.293940	130.00
0.293960	135.00
0.293980	136.00
0.294000	134.00
0.294020	130.00
0.294040	128.00
0.294060	128.00
0.294080	130.00
0.294100	131.00
0.294120	132.00
0.294140	132.00
0.294160	132.00
0.294180	132.00
0.294200	130.00
0.294220	129.00
0.294240	129.00
0.294260	131.00
0.294280	134.00
0.294300	136.00
0.294320	136.00
0.294340	135.00
0.294360	133.00
0.294380	133.00
0.294400	132.00
0.294420	131.00
0.294440	128.00
0.294460	124.00
0.294480	122.00
0.294500	123.00
0.294520	124.00
0.294540	125.00
0.294560	123.00
0.294580	120.00
0.294600	117.00
0.294620	118.00
0.294640	120.00
0.294660	122.00
0.294680	122.00
0.294700	120.00
0.294720	116.00
0.294740	115.00
0.294760	117.00
0.294780	122.00
0.294800	126.00
0.294820	127.00
0.294840	123.00
0.294860	119.00
0.294880	120.00
0.294900	126.00
0.294920	135.00
0.294940	140.00
0.294960	138.00
0.294980	132.00
0.295000	126.00
0.295020	124.00
0.295040	125.00
0.295060	125.00
0.295080	122.00
0.295100	119.00
0.295120	119.00
0.295140	123.00
0.295160	127.00
0.295180	130.00
0.295200	131.00
0.295220	130.00
0.295240	129.00
0.295260	129.00
0.295280	129.00
0.295300	127.00
0.295320	127.00
0.295340	127.00
0.295360	128.00
0.295380	127.00
0.295400	124.00
0.295420	121.00
0.295440	120.00
0.295460	120.00
0.295480	121.00
0.295500	120.00
0.295520	118.00
0.295540	117.00
0.295560	119.00
0.295580	122.00
0.295600	125.00
0.295620	124.00
0.295640	122.00
0.295660	119.00
0.295680	117.00
0.295700	116.00
0.295720	114.00
0.295740	112.00
0.295760	112.00
0.295780	115.00
0.295800	119.00
0.295820	122.00
0.295840	124.00
0.295860	126.00
0.295880	128.00
0.295900	131.00
0.295920	132.00
0.295940	129.00
0.295960	124.00
0.295980	121.00
0.296000	122.00
0.296020	126.00
0.296040	129.00
0.296060	128.00
0.296080	125.00
0.296100	124.00
0.296120	127.00
0.296140	131.00
0.296160	134.00
0.296180	135.00
0.296200	136.00
0.296220	137.00
0.296240	137.00
0.296260	136.00
0.296280	133.00
0.296300	129.00
0.296320	126.00
0.296340	124.00
0.296360	122.00
0.296380	121.00
0.296400	121.00
0.296420	123.00
0.296440	124.00
0.296460	123.00
0.296480	120.00
0.296500	117.00
0.296520	117.00
0.296540	120.00
0.296560	123.00
0.296580	124.00
0.296600	125.00
0.296620	127.00
0.296640	129.00
0.296660	129.00
0.296680	127.00
0.296700	123.00
0.296720	120.00
0.296740	119.00
0.296760	122.00
0.296780	125.00
0.296800	129.00
0.296820	131.00
0.296840	131.00
0.296860	130.00
0.296880	128.00
0.296900	127.00
0.296920	126.00
0.296940	125.00
0.296960	124.00
0.296980	124.00
0.297000	126.00
0.297020	130.00
0.297040	133.00
0.297060	132.00
0.297080	129.00
0.297100	127.00
0.297120	130.00
0.297140	135.00
0.297160	137.00
0.297180	134.00
0.297200	128.00
0.297220	124.00
0.297240	124.00
0.297260	125.00
0.297280	125.00
0.297300	124.00
0.297320	122.00
0.297340	122.00
0.297360	124.00
0.297380	125.00
0.297400	125.00
0.297420	124.00
0.297440	124.00
0.297460	124.00
0.297480	124.00
0.297500	124.00
0.297520	124.00
0.297540	126.00
0.297560	127.00
0.297580	126.00
0.297600	123.00
0.297620	120.00
0.297640	120.00
0.297660	121.00
0.297680	124.00
0.297700	125.00
0.297720	124.00
0.297740	123.00
0.297760	122.00
0.297780	123.00
0.297800	125.00
0.297820	129.00
0.297840	132.00
0.297860	133.00
0.297880	132.00
0.297900	130.00
0.297920	129.00
0.297940	129.00
0.297960	130.00
0.297980	129.00
0.298000	126.00
0.298020	125.00
0.298040	127.00
0.298060	130.00
0.298080	132.00
0.298100	131.00
0.298120	128.00
0.298140	126.00
0.298160	124.00
0.298180	123.00
0.298200	122.00
0.298220	120.00
0.298240	119.00
0.298260	122.00
0.298280	126.00
0.298300	131.00
0.298320	133.00
0.298340	133.00
0.298360	131.00
0.298380	128.00
0.298400	124.00
0.298420	121.00
0.298440	119.00
0.298460	119.00
0.298480	120.00
0.298500	122.00
0.298520	121.00
0.298540	119.00
0.298560	116.00
0.298580	114.00
0.298600	116.00
0.298620	119.00
0.298640	122.00
0.298660	122.00
0.298680	119.00
0.298700	117.00
0.298720	118.00
0.298740	123.00
0.298760	129.00
0.298780	133.00
0.298800	135.00
0.298820	135.00
0.298840	134.00
0.298860	133.00
0.298880	131.00
0.298900	127.00
0.298920	123.00
0.298940	122.00
0.298960	124.00
0.298980	129.00
0.299000	133.00
0.299020	135.00
0.299040	134.00
0.299060	133.00
0.299080	133.00
0.299100	134.00
0.299120	133.00
0.299140	130.00
0.299160	126.00
0.299180	124.00
0.299200	124.00
0.299220	125.00
0.299240	126.00
0.299260	125.00
0.299280	125.00
0.299300	127.00
0.299320	131.00
0.299340	134.00
0.299360	131.00
0.299380	123.00
0.299400	113.00
0.299420	107.00
0.299440	107.00
0.299460	111.00
0.299480	115.00
0.299500	119.00
0.299520	121.00
0.299540	122.00
0.299560	121.00
0.299580	118.00
0.299600	114.00
0.299620	112.00
0.299640	112.00
0.299660	114.00
0.299680	118.00
0.299700	122.00
0.299720	128.00
0.299740	134.00
0.299760	137.00
0.299780	139.00
0.299800	139.00
0.299820	140.00
0.299840	142.00
0.299860	142.00
0.299880	137.00
0.299900	126.00
0.299920	113.00
0.299940	102.00
0.299960	96.00
0.299980	98.00
0.300000	104.00
0.300020	115.00
0.300040	131.00
0.300060	148.00
0.300080	163.00
0.300100	171.00
0.300120	165.00
0.300140	148.00
0.300160	125.00
0.300180	106.00
0.300200	99.00
0.300220	103.00
0.300240	117.00
0.300260	132.00
0.300280	143.00
0.300300	148.00
0.300320	147.00
0.300340	140.00
0.300360	126.00
0.300380	110.00
0.300400	98.00
0.300420	97.00
0.300440	107.00
0.300460	124.00
0.300480	137.00
0.300500	141.00
0.300520	137.00
0.300540	130.00
0.300560	122.00
0.300580	113.00
0.300600	104.00
0.300620	99.00
0.300640	101.00
0.300660	111.00
0.300680	125.00
0.300700	134.00
0.300720	137.00
0.300740	135.00
0.300760	132.00
0.300780	133.00
0.300800	135.00
0.300820	136.00
0.300840	133.00
0.300860	128.00
0.300880	123.00
0.300900	119.00
0.300920	117.00
0.300940	117.00
0.300960	120.00
0.300980	125.00
0.301000	131.00
0.301020	137.00
0.301040	140.00
0.301060	136.00
0.301080	128.00
0.301100	120.00
0.301120	115.00
0.301140	116.00
0.301160	122.00
0.301180	132.00
0.301200	140.00
0.301220	143.00
0.301240	140.00
0.301260	134.00
0.301280	126.00
0.301300	119.00
0.301320	115.00
0.301340	112.00
0.301360	112.00
0.301380	112.00
0.301400	115.00
0.301420	120.00
0.301440	126.00
0.301460	129.00
0.301480	127.00
0.301500	123.00
0.301520	117.00
0.301540	115.00
0.301560	115.00
0.301580	116.00
0.301600	115.00
0.301620	112.00
0.301640	110.00
0.301660	111.00
0.301680	116.00
0.301700	125.00
0.301720	133.00
0.301740	138.00
0.301760	140.00
0.301780	141.00
0.301800	143.00
0.301820	145.00
0.301840	143.00
0.301860	137.00
0.301880	129.00
0.301900	123.00
0.301920	121.00
0.301940	124.00
0.301960	127.00
0.301980	129.00
0.302000	129.00
0.302020	130.00
0.302040	130.00
0.302060	130.00
0.302080	127.00
0.302100	125.00
0.302120	125.00
0.302140	128.00
0.302160	131.00
0.302180	131.00
0.302200	128.00
0.302220	125.00
0.302240	122.00
0.302260	121.00
0.302280	120.00
0.302300	119.00
0.302320	120.00
0.302340	123.00
0.302360	126.00
0.302380	129.00
0.302400	129.00
0.302420	127.00
0.302440	124.00
0.302460	123.00
0.302480	121.00
0.302500	118.00
0.302520	116.00
0.302540	116.00
0.302560	117.00
0.302580	119.00
0.302600	122.00
0.302620	125.00
0.302640	127.00
0.302660	128.00
0.302680	127.00
0.302700	127.00
0.302720	127.00
0.302740	129.00
0.302760	130.00
0.302780	129.00
0.302800	128.00
0.302820	127.00
0.302840	128.00
0.302860	130.00
0.302880	130.00
0.302900	129.00
0.302920	128.00
0.302940	130.00
0.302960	132.00
0.302980	132.00
0.303000	128.00
0.303020	123.00
0.303040	122.00
0.303060	125.00
0.303080	129.00
0.303100	129.00
0.303120	128.00
0.303140	126.00
0.303160	126.00
0.303180	127.00
0.303200	128.00
0.303220	127.00
0.303240	125.00
0.303260	124.00
0.303280	121.00
0.303300	118.00
0.303320	114.00
0.303340	113.00
0.303360	116.00
0.303380	121.00
0.303400	124.00
0.303420	124.00
0.303440	121.00
0.303460	119.00
0.303480	119.00
0.303500	119.00
0.303520	119.00
0.303540	121.00
0.303560	124.00
0.303580	130.00
0.303600	133.00
0.303620	132.00
0.303640	127.00
0.303660	122.00
0.303680	122.00
0.303700	125.00
0.303720	129.00
0.303740	131.00
0.303760	130.00
0.303780	129.00
0.303800	129.00
0.303820	131.00
0.303840	133.00
0.303860	133.00
0.303880	134.00
0.303900	135.00
0.303920	136.00
0.303940	136.00
0.303960	134.00
0.303980	130.00
0.304000	127.00
0.304020	125.00
0.304040	125.00
0.304060	127.00
0.304080	127.00
0.304100	125.00
0.304120	122.00
0.304140	120.00
0.304160	120.00
0.304180	120.00
0.304200	120.00
0.304220	120.00
0.304240	119.00
0.304260	119.00
0.304280	118.00
0.304300	116.00
0.304320	116.00
0.304340	118.00
0.304360	121.00
0.304380	123.00
0.304400	124.00
0.304420	123.00
0.304440	122.00
0.304460	121.00
0.304480	122.00
0.304500	123.00
0.304520	125.00
0.304540	129.00
0.304560	132.00
0.304580	136.00
0.304600	136.00
0.304620	134.00
0.304640	131.00
0.304660	127.00
0.304680	124.00
0.304700	121.00
0.304720	120.00
0.304740	121.00
0.304760	123.00
0.304780	125.00
0.304800	126.00
0.304820	127.00
0.304840	129.00
0.304860	133.00
0.304880	136.00
0.304900	137.00
0.304920	134.00
0.304940	128.00
0.304960	125.00
0.304980	123.00
0.305000	124.00
0.305020	125.00
0.305040	127.00
0.305060	129.00
0.305080	130.00
0.305100	127.00
0.305120	123.00
0.305140	118.00
0.305160	117.00
0.305180	120.00
0.305200	126.00
0.305220	129.00
0.305240	129.00
0.305260	127.00
0.305280	124.00
0.305300	122.00
0.305320	120.00
0.305340	120.00
0.305360	122.00
0.305380	124.00
0.305400	123.00
0.305420	118.00
0.305440	112.00
0.305460	108.00
0.305480	112.00
0.305500	121.00
0.305520	130.00
0.305540	133.00
0.305560	132.00
0.305580	129.00
0.305600	127.00
0.305620	126.00
0.305640	126.00
0.305660	125.00
0.305680	124.00
0.305700	124.00
0.305720	127.00
0.305740	130.00
0.305760	133.00
0.305780	134.00
0.305800	134.00
0.305820	134.00
0.305840	133.00
0.305860	132.00
0.305880	131.00
0.305900	131.00
0.305920	132.00
0.305940	132.00
0.305960	131.00
0.305980	128.00
0.306000	125.00
0.306020	123.00
0.306040	123.00
0.306060	124.00
0.306080	124.00
0.306100	123.00
0.306120	121.00
0.306140	120.00
0.306160	120.00
0.306180	122.00
0.306200	123.00
0.306220	121.00
0.306240	118.00
0.306260	114.00
0.306280	112.00
0.306300	112.00
0.306320	114.00
0.306340	116.00
0.306360	120.00
0.306380	125.00
0.306400	128.00
0.306420	130.00
0.306440	129.00
0.306460	127.00
0.306480	126.00
0.306500	128.00
0.306520	131.00
0.306540	132.00
0.306560	129.00
0.306580	123.00
0.306600	119.00
0.306620	119.00
0.306640	122.00
0.306660	126.00
0.306680	129.00
0.306700	127.00
0.306720	125.00
0.306740	124.00
0.306760	127.00
0.306780	133.00
0.306800	138.00
0.306820	140.00
0.306840	137.00
0.306860	133.00
0.306880	131.00
0.306900	133.00
0.306920	135.00
0.306940	134.00
0.306960	130.00
0.306980	125.00
0.307000	123.00
0.307020	124.00
0.307040	126.00
0.307060	127.00
0.307080	126.00
0.307100	124.00
0.307120	124.00
0.307140	124.00
0.307160	122.00
0.307180	119.00
0.307200	116.00
0.307220	115.00
0.307240	117.00
0.307260	119.00
0.307280	119.00
0.307300	118.00
0.307320	120.00
0.307340	124.00
0.307360	128.00
0.307380	130.00
0.307400	128.00
0.307420	127.00
0.307440	129.00
0.307460	132.00
0.307480	133.00
0.307500	129.00
0.307520	124.00
0.307540	121.00
0.307560	123.00
0.307580	126.00
0.307600	128.00
0.307620	127.00
0.307640	126.00
0.307660	126.00
0.307680	129.00
0.307700	132.00
0.307720	133.00
0.307740	133.00
0.307760	133.00
0.307780	134.00
0.307800	133.00
0.307820	129.00
0.307840	124.00
0.307860	124.00
0.307880	128.00
0.307900	135.00
0.307920	137.00
0.307940	134.00
0.307960	128.00
0.307980	125.00
0.308000	126.00
0.308020	128.00
0.308040	126.00
0.308060	122.00
0.308080	118.00
0.308100	118.00
0.308120	121.00
0.308140	124.00
0.308160	124.00
0.308180	121.00
0.308200	119.00
0.308220	118.00
0.308240	118.00
0.308260	118.00
0.308280	120.00
0.308300	123.00
0.308320	127.00
0.308340	129.00
0.308360	129.00
0.308380	128.00
0.308400	127.00
0.308420	127.00
0.308440	127.00
0.308460	126.00
0.308480	123.00
0.308500	123.00
0.308520	124.00
0.308540	127.00
0.308560	129.00
0.308580	128.00
0.308600	126.00
0.308620	125.00
0.308640	126.00
0.308660	127.00
0.308680	127.00
0.308700	128.00
0.308720	130.00
0.308740	133.00
0.308760	135.00
0.308780	135.00
0.308800	133.00
0.308820	130.00
0.308840	128.00
0.308860	127.00
0.308880	128.00
0.308900	129.00
0.308920	129.00
0.308940	128.00
0.308960	127.00
0.308980	126.00
0.309000	125.00
0.309020	125.00
0.309040	125.00
0.309060	125.00
0.309080	125.00
0.309100	126.00
0.309120	127.00
0.309140	126.00
0.309160	125.00
0.309180	123.00
0.309200	123.00
0.309220	123.00
0.309240	124.00
0.309260	124.00
0.309280	125.00
0.309300	126.00
0.309320	126.00
0.309340	124.00
0.309360	121.00
0.309380	119.00
0.309400	120.00
0.309420	124.00
0.309440	128.00
0.309460	129.00
0.309480	125.00
0.309500	121.00
0.309520	120.00
0.309540	122.00
0.309560	126.00
0.309580	127.00
0.309600	128.00
0.309620	128.00
0.309640	129.00
0.309660	130.00
0.309680	131.00
0.309700	129.00
0.309720	126.00
0.309740	123.00
0.309760	122.00
0.309780	124.00
0.309800	128.00
0.309820	131.00
0.309840	131.00
0.309860	127.00
0.309880	123.00
0.309900	121.00
0.309920	121.00
0.309940	120.00
0.309960	119.00
0.309980	117.00
0.310000	117.00
0.310020	119.00
0.310040	121.00
0.310060	119.00
0.310080	115.00
0.310100	112.00
0.310120	114.00
0.310140	120.00
0.310160	125.00
0.310180	127.00
0.310200	125.00
0.310220	123.00
0.310240	123.00
0.310260	123.00
0.310280	122.00
0.310300	121.00
0.310320	124.00
0.310340	130.00
0.310360	135.00
0.310380	136.00
0.310400	131.00
0.310420	126.00
0.310440	124.00
0.310460	124.00
0.310480	125.00
0.310500	124.00
0.310520	123.00
0.310540	125.00
0.310560	128.00
0.310580	132.00
0.310600	134.00
0.310620	134.00
0.310640	131.00
0.310660	127.00
0.310680	123.00
0.310700	121.00
0.310720	122.00
0.310740	126.00
0.310760	129.00
0.310780	129.00
0.310800	125.00
0.310820	121.00
0.310840	121.00
0.310860	124.00
0.310880	126.00
0.310900	126.00
0.310920	123.00
0.310940	120.00
0.310960	119.00
0.310980	117.00
0.311000	115.00
0.311020	113.00
0.311040	113.00
0.311060	116.00
0.311080	121.00
0.311100	124.00
0.311120	123.00
0.311140	121.00
0.311160	119.00
0.311180	118.00
0.311200	118.00
0.311220	120.00
0.311240	123.00
0.311260	128.00
0.311280	132.00
0.311300	134.00
0.311320	134.00
0.311340	132.00
0.311360	130.00
0.311380	130.00
0.311400	129.00
0.311420	129.00
0.311440	130.00
0.311460	131.00
0.311480	133.00
0.311500	134.00
0.311520	133.00
0.311540	131.00
0.311560	130.00
0.311580	130.00
0.311600	131.00
0.311620	132.00
0.311640	133.00
0.311660	132.00
0.311680	130.00
0.311700	128.00
0.311720	127.00
0.311740	125.00
0.311760	124.00
0.311780	124.00
0.311800	125.00
0.311820	128.00
0.311840	129.00
0.311860	127.00
0.311880	123.00
0.311900	119.00
0.311920	120.00
0.311940	125.00
0.311960	129.00
0.311980	127.00
0.312000	122.00
0.312020	118.00
0.312040	119.00
0.312060	123.00
0.312080	124.00
0.312100	121.00
0.312120	116.00
0.312140	117.00
0.312160	123.00
0.312180	130.00
0.312200	132.00
0.312220	129.00
0.312240	126.00
0.312260	127.00
0.312280	130.00
0.312300	131.00
0.312320	129.00
0.312340	125.00
0.312360	123.00
0.312380	126.00
0.312400	128.00
0.312420	128.00
0.312440	126.00
0.312460	124.00
0.312480	126.00
0.312500	128.00
0.312520	129.00
0.312540	128.00
0.312560	127.00
0.312580	128.00
0.312600	131.00
0.312620	133.00
0.312640	132.00
0.312660	129.00
0.312680	125.00
0.312700	123.00
0.312720	122.00
0.312740	122.00
0.312760	123.00
0.312780	124.00
0.312800	124.00
0.312820	124.00
0.312840	125.00
0.312860	125.00
0.312880	125.00
0.312900	123.00
0.312920	120.00
0.312940	118.00
0.312960	119.00
0.312980	121.00
0.313000	124.00
0.313020	123.00
0.313040	121.00
0.313060	116.00
0.313080	113.00
0.313100	112.00
0.313120	114.00
0.313140	117.00
0.313160	119.00
0.313180	121.00
0.313200	122.00
0.313220	124.00
0.313240	127.00
0.313260	130.00
0.313280	131.00
0.313300	131.00
0.313320	129.00
0.313340	128.00
0.313360	128.00
0.313380	130.00
0.313400	131.00
0.313420	132.00
0.313440	132.00
0.313460	133.00
0.313480	133.00
0.313500	133.00
0.313520	132.00
0.313540	130.00
0.313560	128.00
0.313580	128.00
0.313600	130.00
0.313620	134.00
0.313640	137.00
0.313660	137.00
0.313680	134.00
0.313700	129.00
0.313720	126.00
0.313740	125.00
0.313760	125.00
0.313780	125.00
0.313800	123.00
0.313820	121.00
0.313840	121.00
0.313860	122.00
0.313880	123.00
0.313900	122.00
0.313920	119.00
0.313940	117.00
0.313960	117.00
0.313980	119.00
0.314000	120.00
0.314020	120.00
0.314040	121.00
0.314060	123.00
0.314080	125.00
0.314100	126.00
0.314120	126.00
0.314140	125.00
0.314160	125.00
0.314180	125.00
0.314200	126.00
0.314220	128.00
0.314240	129.00
0.314260	130.00
0.314280	129.00
0.314300	127.00
0.314320	124.00
0.314340	122.00
0.314360	124.00
0.314380	128.00
0.314400	132.00
0.314420	133.00
0.314440	129.00
0.314460	124.00
0.314480	122.00
0.314500	126.00
0.314520	132.00
0.314540	138.00
0.314560	139.00
0.314580	135.00
0.314600	129.00
0.314620	127.00
0.314640	130.00
0.314660	135.00
0.314680	135.00
0.314700	131.00
0.314720	125.00
0.314740	122.00
0.314760	123.00
0.314780	124.00
0.314800	123.00
0.314820	120.00
0.314840	117.00
0.314860	116.00
0.314880	115.00
0.314900	113.00
0.314920	113.00
0.314940	117.00
0.314960	123.00
0.314980	129.00
0.315000	128.00
0.315020	123.00
0.315040	118.00
0.315060	117.00
0.315080	120.00
0.315100	123.00
0.315120	124.00
0.315140	125.00
0.315160	127.00
0.315180	130.00
0.315200	130.00
0.315220	128.00
0.315240	125.00
0.315260	125.00
0.315280	128.00
0.315300	130.00
0.315320	130.00
0.315340	127.00
0.315360	126.00
0.315380	126.00
0.315400	128.00
0.315420	128.00
0.315440	126.00
0.315460	126.00
0.315480	127.00
0.315500	129.00
0.315520	131.00
0.315540	132.00
0.315560	134.00
0.315580	138.00
0.315600	140.00
0.315620	136.00
0.315640	129.00
0.315660	122.00
0.315680	121.00
0.315700	125.00
0.315720	129.00
0.315740	130.00
0.315760	126.00
0.315780	121.00
0.315800	117.00
0.315820	116.00
0.315840	117.00
0.315860	120.00
0.315880	122.00
0.315900	122.00
0.315920	121.00
0.315940	120.00
0.315960	119.00
0.315980	121.00
0.316000	122.00
0.316020	122.00
0.316040	119.00
0.316060	118.00
0.316080	119.00
0.316100	123.00
0.316120	127.00
0.316140	129.00
0.316160	127.00
0.316180	125.00
0.316200	125.00
0.316220	125.00
0.316240	126.00
0.316260	127.00
0.316280	127.00
0.316300	128.00
0.316320	129.00
0.316340	130.00
0.316360	130.00
0.316380	131.00
0.316400	133.00
0.316420	135.00
0.316440	137.00
0.316460	138.00
0.316480	137.00
0.316500	136.00
0.316520	133.00
0.316540	130.00
0.316560	127.00
0.316580	124.00
0.316600	121.00
0.316620	118.00
0.316640	116.00
0.316660	116.00
0.316680	117.00
0.316700	117.00
0.316720	117.00
0.316740	118.00
0.316760	119.00
0.316780	122.00
0.316800	123.00
0.316820	121.00
0.316840	118.00
0.316860	117.00
0.316880	119.00
0.316900	123.00
0.316920	125.00
0.316940	122.00
0.316960	116.00
0.316980	113.00
0.317000	116.00
0.317020	123.00
0.317040	129.00
0.317060	131.00
0.317080	131.00
0.317100	132.00
0.317120	134.00
0.317140	137.00
0.317160	136.00
0.317180	134.00
0.317200	130.00
0.317220	129.00
0.317240	129.00
0.317260	130.00
0.317280	128.00
0.317300	126.00
0.317320	125.00
0.317340	125.00
0.317360	126.00
0.317380	128.00
0.317400	130.00
0.317420	133.00
0.317440	135.00
0.317460	137.00
0.317480	137.00
0.317500	135.00
0.317520	132.00
0.317540	128.00
0.317560	125.00
0.317580	122.00
0.317600	121.00
0.317620	121.00
0.317640	122.00
0.317660	122.00
0.317680	121.00
0.317700	120.00
0.317720	118.00
0.317740	118.00
0.317760	118.00
0.317780	118.00
0.317800	119.00
0.317820	119.00
0.317840	119.00
0.317860	118.00
0.317880	117.00
0.317900	116.00
0.317920	117.00
0.317940	121.00
0.317960	124.00
0.317980	125.00
0.318000	123.00
0.318020	120.00
0.318040	120.00
0.318060	124.00
0.318080	129.00
0.318100	132.00
0.318120	130.00
0.318140	127.00
0.318160	125.00
0.318180	126.00
0.318200	127.00
0.318220	128.00
0.318240	127.00
0.318260	127.00
0.318280	127.00
0.318300	128.00
0.318320	130.00
0.318340	133.00
0.318360	138.00
0.318380	143.00
0.318400	145.00
0.318420	143.00
0.318440	137.00
0.318460	131.00
0.318480	128.00
0.318500	129.00
0.318520	129.00
0.318540	128.00
0.318560	125.00
0.318580	122.00
0.318600	120.00
0.318620	120.00
0.318640	120.00
0.318660	121.00
0.318680	121.00
0.318700	122.00
0.318720	122.00
0.318740	121.00
0.318760	119.00
0.318780	117.00
0.318800	116.00
0.318820	116.00
0.318840	116.00
0.318860	116.00
0.318880	118.00
0.318900	119.00
0.318920	120.00
0.318940	120.00
0.318960	120.00
0.318980	121.00
0.319000	125.00
0.319020	128.00
0.319040	130.00
0.319060	129.00
0.319080	126.00
0.319100	125.00
0.319120	126.00
0.319140	129.00
0.319160	132.00
0.319180	132.00
0.319200	130.00
0.319220	128.00
0.319240	127.00
0.319260	128.00
0.319280	132.00
0.319300	134.00
0.319320	134.00
0.319340	131.00
0.319360	127.00
0.319380	125.00
