0.279400	101.00
0.279420	50.00
0.279440	103.00
0.279460	146.00
0.279480	154.00
0.279500	138.00
0.279520	125.00
0.279540	128.00
0.279560	141.00
0.279580	147.00
0.279600	142.00
0.279620	135.00
0.279640	134.00
0.279660	138.00
0.279680	140.00
0.279700	138.00
0.279720	132.00
0.279740	127.00
0.279760	121.00
0.279780	115.00
0.279800	111.00
0.279820	111.00
0.279840	115.00
0.279860	118.00
0.279880	118.00
0.279900	116.00
0.279920	115.00
0.279940	117.00
0.279960	118.00
0.279980	118.00
0.280000	118.00
0.280020	123.00
0.280040	130.00
0.280060	133.00
0.280080	130.00
0.280100	125.00
0.280120	125.00
0.280140	129.00
0.280160	131.00
0.280180	125.00
0.280200	118.00
0.280220	117.00
0.280240	123.00
0.280260	129.00
0.280280	130.00
0.280300	125.00
0.280320	121.00
0.280340	124.00
0.280360	130.00
0.280380	131.00
0.280400	127.00
0.280420	121.00
0.280440	121.00
0.280460	128.00
0.280480	134.00
0.280500	137.00
0.280520	135.00
0.280540	131.00
0.280560	128.00
0.280580	126.00
0.280600	124.00
0.280620	124.00
0.280640	125.00
0.280660	125.00
0.280680	123.00
0.280700	122.00
0.280720	122.00
0.280740	124.00
0.280760	125.00
0.280780	123.00
0.280800	119.00
0.280820	118.00
0.280840	121.00
0.280860	125.00
0.280880	125.00
0.280900	121.00
0.280920	115.00
0.280940	110.00
0.280960	108.00
0.280980	110.00
0.281000	115.00
0.281020	123.00
0.281040	130.00
0.281060	133.00
0.281080	132.00
0.281100	129.00
0.281120	129.00
0.281140	131.00
0.281160	132.00
0.281180	130.00
0.281200	127.00
0.281220	125.00
0.281240	128.00
0.281260	131.00
0.281280	132.00
0.281300	129.00
0.281320	127.00
0.281340	130.00
0.281360	136.00
0.281380	139.00
0.281400	139.00
0.281420	136.00
0.281440	134.00
0.281460	133.00
0.281480	130.00
0.281500	126.00
0.281520	123.00
0.281540	124.00
0.281560	128.00
0.281580	129.00
0.281600	126.00
0.281620	122.00
0.281640	121.00
0.281660	122.00
0.281680	123.00
0.281700	123.00
0.281720	121.00
0.281740	121.00
0.281760	121.00
0.281780	122.00
0.281800	121.00
0.281820	120.00
0.281840	122.00
0.281860	124.00
0.281880	125.00
0.281900	123.00
0.281920	117.00
0.281940	114.00
0.281960	114.00
0.281980	118.00
0.282000	122.00
0.282020	125.00
0.282040	126.00
0.282060	127.00
0.282080	129.00
0.282100	129.00
0.282120	130.00
0.282140	129.00
0.282160	129.00
0.282180	127.00
0.282200	126.00
0.282220	124.00
0.282240	124.00
0.282260	127.00
0.282280	129.00
0.282300	131.00
0.282320	130.00
0.282340	128.00
0.282360	125.00
0.282380	124.00
0.282400	126.00
0.282420	129.00
0.282440	131.00
0.282460	130.00
0.282480	125.00
0.282500	121.00
0.282520	120.00
0.282540	123.00
0.282560	126.00
0.282580	128.00
0.282600	127.00
0.282620	124.00
0.282640	121.00
0.282660	120.00
0.282680	119.00
0.282700	119.00
0.282720	118.00
0.282740	118.00
0.282760	118.00
0.282780	118.00
0.282800	120.00
0.282820	124.00
0.282840	127.00
0.282860	128.00
0.282880	126.00
0.282900	124.00
0.282920	122.00
0.282940	122.00
0.282960	122.00
0.282980	123.00
0.283000	125.00
0.283020	130.00
0.283040	135.00
0.283060	137.00
0.283080	136.00
0.283100	132.00
0.283120	129.00
0.283140	130.00
0.283160	133.00
0.283180	135.00
0.283200	134.00
0.283220	134.00
0.283240	134.00
0.283260	132.00
0.283280	128.00
0.283300	123.00
0.283320	120.00
0.283340	122.00
0.283360	126.00
0.283380	131.00
0.283400	134.00
0.283420	137.00
0.283440	141.00
0.283460	143.00
0.283480	140.00
0.283500	132.00
0.283520	123.00
0.283540	118.00
0.283560	118.00
0.283580	117.00
0.283600	114.00
0.283620	110.00
0.283640	109.00
0.283660	113.00
0.283680	118.00
0.283700	120.00
0.283720	121.00
0.283740	124.00
0.283760	129.00
0.283780	134.00
0.283800	134.00
0.283820	126.00
0.283840	115.00
0.283860	108.00
0.283880	108.00
0.283900	112.00
0.283920	117.00
0.283940	118.00
0.283960	117.00
0.283980	118.00
0.284000	122.00
0.284020	129.00
0.284040	135.00
0.284060	138.00
0.284080	138.00
0.284100	135.00
0.284120	133.00
0.284140	132.00
0.284160	131.00
0.284180	130.00
0.284200	129.00
0.284220	127.00
0.284240	125.00
0.284260	124.00
0.284280	124.00
0.284300	126.00
0.284320	128.00
0.284340	130.00
0.284360	130.00
0.284380	129.00
0.284400	130.00
0.284420	131.00
0.284440	133.00
0.284460	131.00
0.284480	127.00
0.284500	122.00
0.284520	120.00
0.284540	122.00
0.284560	124.00
0.284580	124.00
0.284600	121.00
0.284620	119.00
0.284640	118.00
0.284660	118.00
0.284680	119.00
0.284700	118.00
0.284720	119.00
0.284740	121.00
0.284760	123.00
0.284780	123.00
0.284800	121.00
0.284820	119.00
0.284840	120.00
0.284860	124.00
0.284880	128.00
0.284900	129.00
0.284920	128.00
0.284940	127.00
0.284960	128.00
0.284980	129.00
0.285000	128.00
0.285020	126.00
0.285040	123.00
0.285060	123.00
0.285080	126.00
0.285100	129.00
0.285120	130.00
0.285140	128.00
0.285160	127.00
0.285180	128.00
0.285200	132.00
0.285220	135.00
0.285240	137.00
0.285260	136.00
0.285280	136.00
0.285300	136.00
0.285320	136.00
0.285340	133.00
0.285360	129.00
0.285380	125.00
0.285400	124.00
0.285420	125.00
0.285440	127.00
0.285460	126.00
0.285480	124.00
0.285500	122.00
0.285520	121.00
0.285540	120.00
0.285560	119.00
0.285580	117.00
0.285600	118.00
0.285620	122.00
0.285640	124.00
0.285660	124.00
0.285680	122.00
0.285700	121.00
0.285720	124.00
0.285740	128.00
0.285760	129.00
0.285780	123.00
0.285800	115.00
0.285820	110.00
0.285840	113.00
0.285860	120.00
0.285880	126.00
0.285900	128.00
0.285920	128.00
0.285940	128.00
0.285960	130.00
0.285980	132.00
0.286000	132.00
0.286020	131.00
0.286040	130.00
0.286060	128.00
0.286080	124.00
0.286100	120.00
0.286120	120.00
0.286140	124.00
0.286160	132.00
0.286180	138.00
0.286200	139.00
0.286220	134.00
0.286240	128.00
0.286260	126.00
0.286280	128.00
0.286300	132.00
0.286320	134.00
0.286340	134.00
0.286360	129.00
0.286380	124.00
0.286400	121.00
0.286420	122.00
0.286440	124.00
0.286460	125.00
0.286480	122.00
0.286500	118.00
0.286520	115.00
0.286540	117.00
0.286560	121.00
0.286580	122.00
0.286600	121.00
0.286620	119.00
0.286640	119.00
0.286660	122.00
0.286680	124.00
0.286700	121.00
0.286720	117.00
0.286740	114.00
0.286760	116.00
0.286780	119.00
0.286800	121.00
0.286820	120.00
0.286840	120.00
0.286860	126.00
0.286880	134.00
0.286900	139.00
0.286920	137.00
0.286940	129.00
0.286960	124.00
0.286980	124.00
0.287000	128.00
0.287020	132.00
0.287040	131.00
0.287060	126.00
0.287080	123.00
0.287100	124.00
0.287120	128.00
0.287140	132.00
0.287160	134.00
0.287180	135.00
0.287200	136.00
0.287220	137.00
0.287240	137.00
0.287260	135.00
0.287280	131.00
0.287300	129.00
0.287320	130.00
0.287340	132.00
0.287360	133.00
0.287380	131.00
0.287400	127.00
0.287420	124.00
0.287440	123.00
0.287460	125.00
0.287480	126.00
0.287500	125.00
0.287520	123.00
0.287540	119.00
0.287560	115.00
0.287580	113.00
0.287600	113.00
0.287620	115.00
0.287640	117.00
0.287660	119.00
0.287680	118.00
0.287700	117.00
0.287720	116.00
0.287740	117.00
0.287760	120.00
0.287780	124.00
0.287800	127.00
0.287820	128.00
0.287840	127.00
0.287860	126.00
0.287880	125.00
0.287900	125.00
0.287920	125.00
0.287940	125.00
0.287960	123.00
0.287980	122.00
0.288000	123.00
0.288020	125.00
0.288040	127.00
0.288060	129.00
0.288080	130.00
0.288100	129.00
0.288120	129.00
0.288140	130.00
0.288160	132.00
0.288180	135.00
0.288200	137.00
0.288220	138.00
0.288240	137.00
0.288260	134.00
0.288280	129.00
0.288300	125.00
0.288320	124.00
0.288340	125.00
0.288360	127.00
0.288380	128.00
0.288400	127.00
0.288420	125.00
0.288440	124.00
0.288460	124.00
0.288480	125.00
0.288500	124.00
0.288520	123.00
0.288540	122.00
0.288560	122.00
0.288580	124.00
0.288600	125.00
0.288620	123.00
0.288640	118.00
0.288660	112.00
0.288680	110.00
0.288700	112.00
0.288720	117.00
0.288740	120.00
0.288760	122.00
0.288780	123.00
0.288800	127.00
0.288820	132.00
0.288840	136.00
0.288860	135.00
0.288880	130.00
0.288900	124.00
0.288920	121.00
0.288940	122.00
0.288960	125.00
0.288980	125.00
0.289000	123.00
0.289020	122.00
0.289040	123.00
0.289060	125.00
0.289080	126.00
0.289100	125.00
0.289120	125.00
0.289140	127.00
0.289160	131.00
0.289180	134.00
0.289200	134.00
0.289220	131.00
0.289240	129.00
0.289260	128.00
0.289280	129.00
0.289300	128.00
0.289320	125.00
0.289340	122.00
0.289360	120.00
0.289380	121.00
0.289400	122.00
0.289420	121.00
0.289440	118.00
0.289460	116.00
0.289480	115.00
0.289500	117.00
0.289520	120.00
0.289540	121.00
0.289560	119.00
0.289580	115.00
0.289600	113.00
0.289620	114.00
0.289640	118.00
0.289660	122.00
0.289680	123.00
0.289700	123.00
0.289720	124.00
0.289740	126.00
0.289760	131.00
0.289780	135.00
0.289800	137.00
0.289820	137.00
0.289840	133.00
0.289860	129.00
0.289880	125.00
0.289900	126.00
0.289920	128.00
0.289940	131.00
0.289960	132.00
0.289980	131.00
0.290000	130.00
0.290020	130.00
0.290040	131.00
0.290060	131.00
0.290080	131.00
0.290100	131.00
0.290120	133.00
0.290140	136.00
0.290160	137.00
0.290180	134.00
0.290200	131.00
0.290220	129.00
0.290240	130.00
0.290260	131.00
0.290280	130.00
0.290300	127.00
0.290320	126.00
0.290340	127.00
0.290360	127.00
0.290380	126.00
0.290400	122.00
0.290420	118.00
0.290440	118.00
0.290460	121.00
0.290480	123.00
0.290500	122.00
0.290520	121.00
0.290540	121.00
0.290560	122.00
0.290580	123.00
0.290600	122.00
0.290620	120.00
0.290640	118.00
0.290660	117.00
0.290680	119.00
0.290700	122.00
0.290720	126.00
0.290740	131.00
0.290760	136.00
0.290780	136.00
0.290800	132.00
0.290820	126.00
0.290840	124.00
0.290860	127.00
0.290880	131.00
0.290900	133.00
0.290920	132.00
0.290940	128.00
0.290960	126.00
0.290980	126.00
0.291000	126.00
0.291020	126.00
0.291040	124.00
0.291060	123.00
0.291080	125.00
0.291100	128.00
0.291120	131.00
0.291140	132.00
0.291160	130.00
0.291180	128.00
0.291200	127.00
0.291220	127.00
0.291240	126.00
0.291260	126.00
0.291280	125.00
0.291300	124.00
0.291320	124.00
0.291340	123.00
0.291360	123.00
0.291380	122.00
0.291400	122.00
0.291420	121.00
0.291440	121.00
0.291460	120.00
0.291480	120.00
0.291500	120.00
0.291520	120.00
0.291540	119.00
0.291560	117.00
0.291580	117.00
0.291600	119.00
0.291620	122.00
0.291640	123.00
0.291660	121.00
0.291680	119.00
0.291700	120.00
0.291720	126.00
0.291740	133.00
0.291760	136.00
0.291780	132.00
0.291800	127.00
0.291820	125.00
0.291840	128.00
0.291860	132.00
0.291880	131.00
0.291900	127.00
0.291920	123.00
0.291940	123.00
0.291960	126.00
0.291980	129.00
0.292000	131.00
0.292020	132.00
0.292040	133.00
0.292060	135.00
0.292080	135.00
0.292100	134.00
0.292120	132.00
0.292140	131.00
0.292160	131.00
0.292180	132.00
0.292200	131.00
0.292220	129.00
0.292240	126.00
0.292260	123.00
0.292280	122.00
0.292300	122.00
0.292320	122.00
0.292340	122.00
0.292360	121.00
0.292380	116.00
0.292400	111.00
0.292420	108.00
0.292440	110.00
0.292460	115.00
0.292480	118.00
0.292500	117.00
0.292520	113.00
0.292540	111.00
0.292560	113.00
0.292580	117.00
0.292600	121.00
0.292620	122.00
0.292640	124.00
0.292660	127.00
0.292680	130.00
0.292700	133.00
0.292720	133.00
0.292740	131.00
0.292760	130.00
0.292780	129.00
0.292800	130.00
0.292820	130.00
0.292840	131.00
0.292860	132.00
0.292880	133.00
0.292900	133.00
0.292920	134.00
0.292940	135.00
0.292960	136.00
0.292980	137.00
0.293000	136.00
0.293020	133.00
0.293040	129.00
0.293060	127.00
0.293080	128.00
0.293100	129.00
0.293120	127.00
0.293140	123.00
0.293160	120.00
0.293180	120.00
0.293200	122.00
0.293220	123.00
0.293240	123.00
0.293260	122.00
0.293280	121.00
0.293300	122.00
0.293320	124.00
0.293340	123.00
0.293360	120.00
0.293380	117.00
0.293400	116.00
0.293420	117.00
0.293440	117.00
0.293460	116.00
0.293480	115.00
0.293500	117.00
0.293520	121.00
0.293540	125.00
0.293560	125.00
0.293580	122.00
0.293600	118.00
0.293620	118.00
0.293640	122.00
0.293660	127.00
0.293680	131.00
0.293700	130.00
0.293720	127.00
0.293740	123.00
0.293760	121.00
0.293780	121.00
0.293800	123.00
0.293820	128.00
0.293840	133.00
0.293860	135.00
0.293880	132.00
0.293900	127.00
0.293920	124.00
0.293940	125.00
0.293960	130.00
0.293980	134.00
0.294000	136.00
0.294020	136.00
0.294040	137.00
0.294060	137.00
0.294080	135.00
0.294100	131.00
0.294120	127.00
0.294140	125.00
0.294160	126.00
0.294180	128.00
0.294200	128.00
0.294220	126.00
0.294240	125.00
0.294260	124.00
0.294280	123.00
0.294300	121.00
0.294320	117.00
0.294340	113.00
0.294360	114.00
0.294380	116.00
0.294400	118.00
0.294420	118.00
0.294440	117.00
0.294460	117.00
0.294480	119.00
0.294500	123.00
0.294520	125.00
0.294540	126.00
0.294560	128.00
0.294580	131.00
0.294600	136.00
0.294620	139.00
0.294640	137.00
0.294660	131.00
0.294680	123.00
0.294700	118.00
0.294720	119.00
0.294740	123.00
0.294760	127.00
0.294780	128.00
0.294800	127.00
0.294820	127.00
0.294840	128.00
0.294860	130.00
0.294880	131.00
0.294900	131.00
0.294920	129.00
0.294940	128.00
0.294960	127.00
0.294980	127.00
0.295000	125.00
0.295020	124.00
0.295040	124.00
0.295060	124.00
0.295080	125.00
0.295100	125.00
0.295120	124.00
0.295140	122.00
0.295160	120.00
0.295180	120.00
0.295200	121.00
0.295220	122.00
0.295240	122.00
0.295260	120.00
0.295280	118.00
0.295300	117.00
0.295320	118.00
0.295340	121.00
0.295360	124.00
0.295380	125.00
0.295400	125.00
0.295420	125.00
0.295440	126.00
0.295460	127.00
0.295480	126.00
0.295500	124.00
0.295520	123.00
0.295540	125.00
0.295560	129.00
0.295580	132.00
0.295600	133.00
0.295620	132.00
0.295640	132.00
0.295660	133.00
0.295680	132.00
0.295700	129.00
0.295720	125.00
0.295740	123.00
0.295760	124.00
0.295780	129.00
0.295800	134.00
0.295820	137.00
0.295840	137.00
0.295860	135.00
0.295880	133.00
0.295900	131.00
0.295920	130.00
0.295940	130.00
0.295960	131.00
0.295980	130.00
0.296000	128.00
0.296020	125.00
0.296040	124.00
0.296060	122.00
0.296080	122.00
0.296100	122.00
0.296120	123.00
0.296140	126.00
0.296160	128.00
0.296180	128.00
0.296200	126.00
0.296220	124.00
0.296240	123.00
0.296260	122.00
0.296280	121.00
0.296300	119.00
0.296320	117.00
0.296340	116.00
0.296360	118.00
0.296380	120.00
0.296400	120.00
0.296420	118.00
0.296440	117.00
0.296460	119.00
0.296480	122.00
0.296500	124.00
0.296520	125.00
0.296540	125.00
0.296560	128.00
0.296580	131.00
0.296600	132.00
0.296620	130.00
0.296640	126.00
0.296660	122.00
0.296680	121.00
0.296700	122.00
0.296720	123.00
0.296740	125.00
0.296760	127.00
0.296780	131.00
0.296800	134.00
0.296820	135.00
0.296840	134.00
0.296860	132.00
0.296880	131.00
0.296900	131.00
0.296920	133.00
0.296940	133.00
0.296960	132.00
0.296980	129.00
0.297000	127.00
0.297020	125.00
0.297040	125.00
0.297060	127.00
0.297080	128.00
0.297100	127.00
0.297120	124.00
0.297140	119.00
0.297160	117.00
0.297180	119.00
0.297200	123.00
0.297220	126.00
0.297240	125.00
0.297260	121.00
0.297280	116.00
0.297300	113.00
0.297320	112.00
0.297340	113.00
0.297360	113.00
0.297380	113.00
0.297400	114.00
0.297420	117.00
0.297440	121.00
0.297460	123.00
0.297480	124.00
0.297500	124.00
0.297520	124.00
0.297540	125.00
0.297560	128.00
0.297580	129.00
0.297600	129.00
0.297620	128.00
0.297640	126.00
0.297660	125.00
0.297680	125.00
0.297700	127.00
0.297720	129.00
0.297740	132.00
0.297760	134.00
0.297780	135.00
0.297800	136.00
0.297820	136.00
0.297840	135.00
0.297860	134.00
0.297880	133.00
0.297900	132.00
0.297920	131.00
0.297940	131.00
0.297960	130.00
0.297980	127.00
0.298000	123.00
0.298020	120.00
0.298040	120.00
0.298060	122.00
0.298080	123.00
0.298100	123.00
0.298120	122.00
0.298140	120.00
0.298160	118.00
0.298180	118.00
0.298200	117.00
0.298220	116.00
0.298240	115.00
0.298260	114.00
0.298280	115.00
0.298300	116.00
0.298320	117.00
0.298340	116.00
0.298360	113.00
0.298380	112.00
0.298400	114.00
0.298420	119.00
0.298440	126.00
0.298460	131.00
0.298480	133.00
0.298500	131.00
0.298520	126.00
0.298540	123.00
0.298560	123.00
0.298580	127.00
0.298600	131.00
0.298620	134.00
0.298640	134.00
0.298660	130.00
0.298680	126.00
0.298700	124.00
0.298720	126.00
0.298740	131.00
0.298760	135.00
0.298780	136.00
0.298800	134.00
0.298820	129.00
0.298840	126.00
0.298860	126.00
0.298880	127.00
0.298900	127.00
0.298920	126.00
0.298940	124.00
0.298960	124.00
0.298980	124.00
0.299000	126.00
0.299020	127.00
0.299040	127.00
0.299060	126.00
0.299080	123.00
0.299100	119.00
0.299120	116.00
0.299140	116.00
0.299160	118.00
0.299180	122.00
0.299200	125.00
0.299220	124.00
0.299240	120.00
0.299260	118.00
0.299280	118.00
0.299300	122.00
0.299320	126.00
0.299340	129.00
0.299360	130.00
0.299380	131.00
0.299400	132.00
0.299420	134.00
0.299440	135.00
0.299460	133.00
0.299480	130.00
0.299500	129.00
0.299520	130.00
0.299540	132.00
0.299560	135.00
0.299580	136.00
0.299600	135.00
0.299620	133.00
0.299640	129.00
0.299660	125.00
0.299680	125.00
0.299700	128.00
0.299720	133.00
0.299740	137.00
0.299760	137.00
0.299780	133.00
0.299800	128.00
0.299820	125.00
0.299840	124.00
0.299860	123.00
0.299880	122.00
0.299900	119.00
0.299920	117.00
0.299940	115.00
0.299960	112.00
0.299980	109.00
0.300000	110.00
0.300020	115.00
0.300040	125.00
0.300060	135.00
0.300080	142.00
0.300100	143.00
0.300120	140.00
0.300140	132.00
0.300160	121.00
0.300180	108.00
0.300200	97.00
0.300220	93.00
0.300240	98.00
0.300260	111.00
0.300280	126.00
0.300300	136.00
0.300320	140.00
0.300340	140.00
0.300360	138.00
0.300380	136.00
0.300400	133.00
0.300420	128.00
0.300440	121.00
0.300460	115.00
0.300480	113.00
0.300500	118.00
0.300520	126.00
0.300540	136.00
0.300560	143.00
0.300580	145.00
0.300600	142.00
0.300620	137.00
0.300640	128.00
0.300660	119.00
0.300680	110.00
0.300700	106.00
0.300720	110.00
0.300740	121.00
0.300760	135.00
0.300780	147.00
0.300800	153.00
0.300820	153.00
0.300840	148.00
0.300860	140.00
0.300880	129.00
0.300900	118.00
0.300920	108.00
0.300940	102.00
0.300960	102.00
0.300980	108.00
0.301000	117.00
0.301020	128.00
0.301040	138.00
0.301060	142.00
0.301080	139.00
0.301100	133.00
0.301120	125.00
0.301140	118.00
0.301160	113.00
0.301180	110.00
0.301200	109.00
0.301220	113.00
0.301240	121.00
0.301260	129.00
0.301280	134.00
0.301300	132.00
0.301320	126.00
0.301340	121.00
0.301360	119.00
0.301380	119.00
0.301400	121.00
0.301420	124.00
0.301440	129.00
0.301460	134.00
0.301480	137.00
0.301500	136.00
0.301520	133.00
0.301540	130.00
0.301560	128.00
0.301580	128.00
0.301600	126.00
0.301620	122.00
0.301640	117.00
0.301660	115.00
0.301680	117.00
0.301700	123.00
0.301720	130.00
0.301740	136.00
0.301760	141.00
0.301780	144.00
0.301800	144.00
0.301820	141.00
0.301840	134.00
0.301860	125.00
0.301880	118.00
0.301900	114.00
0.301920	113.00
0.301940	115.00
0.301960	119.00
0.301980	122.00
0.302000	125.00
0.302020	126.00
0.302040	125.00
0.302060	122.00
0.302080	120.00
0.302100	118.00
0.302120	118.00
0.302140	119.00
0.302160	119.00
0.302180	117.00
0.302200	116.00
0.302220	117.00
0.302240	120.00
0.302260	125.00
0.302280	129.00
0.302300	131.00
0.302320	131.00
0.302340	130.00
0.302360	129.00
0.302380	126.00
0.302400	123.00
0.302420	119.00
0.302440	117.00
0.302460	116.00
0.302480	117.00
0.302500	118.00
0.302520	121.00
0.302540	125.00
0.302560	131.00
0.302580	136.00
0.302600	140.00
0.302620	144.00
0.302640	146.00
0.302660	144.00
0.302680	139.00
0.302700	131.00
0.302720	124.00
0.302740	122.00
0.302760	125.00
0.302780	127.00
0.302800	125.00
0.302820	121.00
0.302840	118.00
0.302860	119.00
0.302880	121.00
0.302900	123.00
0.302920	123.00
0.302940	123.00
0.302960	125.00
0.302980	129.00
0.303000	129.00
0.303020	123.00
0.303040	116.00
0.303060	112.00
0.303080	114.00
0.303100	118.00
0.303120	118.00
0.303140	115.00
0.303160	110.00
0.303180	110.00
0.303200	115.00
0.303220	121.00
0.303240	125.00
0.303260	126.00
0.303280	126.00
0.303300	127.00
0.303320	128.00
0.303340	125.00
0.303360	122.00
0.303380	120.00
0.303400	122.00
0.303420	128.00
0.303440	131.00
0.303460	131.00
0.303480	129.00
0.303500	129.00
0.303520	132.00
0.303540	136.00
0.303560	137.00
0.303580	134.00
0.303600	129.00
0.303620	128.00
0.303640	129.00
0.303660	131.00
0.303680	131.00
0.303700	129.00
0.303720	128.00
0.303740	130.00
0.303760	131.00
0.303780	131.00
0.303800	128.00
0.303820	125.00
0.303840	124.00
0.303860	124.00
0.303880	124.00
0.303900	122.00
0.303920	119.00
0.303940	119.00
0.303960	122.00
0.303980	124.00
0.304000	124.00
0.304020	122.00
0.304040	120.00
0.304060	120.00
0.304080	119.00
0.304100	117.00
0.304120	116.00
0.304140	116.00
0.304160	119.00
0.304180	124.00
0.304200	126.00
0.304220	126.00
0.304240	126.00
0.304260	128.00
0.304280	132.00
0.304300	135.00
0.304320	135.00
0.304340	133.00
0.304360	130.00
0.304380	127.00
0.304400	125.00
0.304420	125.00
0.304440	125.00
0.304460	127.00
0.304480	127.00
0.304500	125.00
0.304520	123.00
0.304540	124.00
0.304560	127.00
0.304580	130.00
0.304600	131.00
0.304620	129.00
0.304640	128.00
0.304660	129.00
0.304680	131.00
0.304700	133.00
0.304720	131.00
0.304740	128.00
0.304760	125.00
0.304780	124.00
0.304800	122.00
0.304820	121.00
0.304840	120.00
0.304860	122.00
0.304880	126.00
0.304900	129.00
0.304920	129.00
0.304940	126.00
0.304960	123.00
0.304980	122.00
0.305000	123.00
0.305020	122.00
0.305040	121.00
0.305060	119.00
0.305080	119.00
0.305100	119.00
0.305120	118.00
0.305140	118.00
0.305160	121.00
0.305180	127.00
0.305200	132.00
0.305220	134.00
0.305240	132.00
0.305260	128.00
0.305280	126.00
0.305300	127.00
0.305320	128.00
0.305340	129.00
0.305360	127.00
0.305380	126.00
0.305400	126.00
0.305420	127.00
0.305440	130.00
0.305460	132.00
0.305480	133.00
0.305500	134.00
0.305520	133.00
0.305540	132.00
0.305560	132.00
0.305580	132.00
0.305600	133.00
0.305620	133.00
0.305640	132.00
0.305660	131.00
0.305680	129.00
0.305700	127.00
0.305720	123.00
0.305740	119.00
0.305760	117.00
0.305780	117.00
0.305800	118.00
0.305820	116.00
0.305840	114.00
0.305860	113.00
0.305880	114.00
0.305900	117.00
0.305920	119.00
0.305940	121.00
0.305960	121.00
0.305980	122.00
0.306000	123.00
0.306020	121.00
0.306040	117.00
0.306060	115.00
0.306080	118.00
0.306100	122.00
0.306120	126.00
0.306140	126.00
0.306160	125.00
0.306180	125.00
0.306200	128.00
0.306220	132.00
0.306240	132.00
0.306260	130.00
0.306280	127.00
0.306300	127.00
0.306320	128.00
0.306340	130.00
0.306360	131.00
0.306380	132.00
0.306400	134.00
0.306420	135.00
0.306440	133.00
0.306460	130.00
0.306480	129.00
0.306500	130.00
0.306520	133.00
0.306540	136.00
0.306560	137.00
0.306580	136.00
0.306600	136.00
0.306620	135.00
0.306640	132.00
0.306660	127.00
0.306680	122.00
0.306700	119.00
0.306720	120.00
0.306740	122.00
0.306760	124.00
0.306780	124.00
0.306800	122.00
0.306820	121.00
0.306840	120.00
0.306860	120.00
0.306880	121.00
0.306900	121.00
0.306920	120.00
0.306940	118.00
0.306960	116.00
0.306980	116.00
0.307000	116.00
0.307020	116.00
0.307040	116.00
0.307060	115.00
0.307080	117.00
0.307100	121.00
0.307120	126.00
0.307140	129.00
0.307160	128.00
0.307180	126.00
0.307200	125.00
0.307220	126.00
0.307240	130.00
0.307260	133.00
0.307280	134.00
0.307300	131.00
0.307320	126.00
0.307340	123.00
0.307360	124.00
0.307380	127.00
0.307400	131.00
0.307420	132.00
0.307440	129.00
0.307460	125.00
0.307480	123.00
0.307500	126.00
0.307520	129.00
0.307540	132.00
0.307560	133.00
0.307580	132.00
0.307600	132.00
0.307620	132.00
0.307640	131.00
0.307660	128.00
0.307680	123.00
0.307700	119.00
0.307720	118.00
0.307740	118.00
0.307760	121.00
0.307780	123.00
0.307800	125.00
0.307820	125.00
0.307840	124.00
0.307860	120.00
0.307880	117.00
0.307900	116.00
0.307920	116.00
0.307940	116.00
0.307960	116.00
0.307980	116.00
0.308000	116.00
0.308020	116.00
0.308040	118.00
0.308060	120.00
0.308080	124.00
0.308100	129.00
0.308120	133.00
0.308140	134.00
0.308160	133.00
0.308180	132.00
0.308200	131.00
0.308220	130.00
0.308240	128.00
0.308260	124.00
0.308280	121.00
0.308300	123.00
0.308320	129.00
0.308340	135.00
0.308360	138.00
0.308380	137.00
0.308400	136.00
0.308420	138.00
0.308440	142.00
0.308460	144.00
0.308480	142.00
0.308500	136.00
0.308520	130.00
0.308540	125.00
0.308560	122.00
0.308580	119.00
0.308600	116.00
0.308620	114.00
0.308640	114.00
0.308660	116.00
0.308680	119.00
0.308700	123.00
0.308720	128.00
0.308740	132.00
0.308760	134.00
0.308780	133.00
0.308800	130.00
0.308820	128.00
0.308840	126.00
0.308860	122.00
0.308880	117.00
0.308900	110.00
0.308920	107.00
0.308940	108.00
0.308960	112.00
0.308980	115.00
0.309000	117.00
0.309020	119.00
0.309040	124.00
0.309060	131.00
0.309080	136.00
0.309100	135.00
0.309120	131.00
0.309140	127.00
0.309160	127.00
0.309180	128.00
0.309200	127.00
0.309220	122.00
0.309240	118.00
0.309260	118.00
0.309280	122.00
0.309300	128.00
0.309320	131.00
0.309340	131.00
0.309360	132.00
0.309380	134.00
0.309400	138.00
0.309420	139.00
0.309440	138.00
0.309460	135.00
0.309480	133.00
0.309500	130.00
0.309520	127.00
0.309540	123.00
0.309560	121.00
0.309580	122.00
0.309600	123.00
0.309620	123.00
0.309640	121.00
0.309660	118.00
0.309680	118.00
0.309700	121.00
0.309720	126.00
0.309740	129.00
0.309760	129.00
0.309780	126.00
0.309800	123.00
0.309820	120.00
0.309840	119.00
0.309860	119.00
0.309880	120.00
0.309900	122.00
0.309920	123.00
0.309940	125.00
0.309960	126.00
0.309980	127.00
0.310000	126.00
0.310020	126.00
0.310040	125.00
0.310060	126.00
0.310080	126.00
0.310100	125.00
0.310120	121.00
0.310140	117.00
0.310160	117.00
0.310180	120.00
0.310200	126.00
0.310220	129.00
0.310240	130.00
0.310260	129.00
0.310280	130.00
0.310300	133.00
0.310320	135.00
0.310340	135.00
0.310360	132.00
0.310380	131.00
0.310400	130.00
0.310420	131.00
0.310440	130.00
0.310460	129.00
0.310480	128.00
0.310500	128.00
0.310520	129.00
0.310540	129.00
0.310560	128.00
0.310580	127.00
0.310600	128.00
0.310620	130.00
0.310640	132.00
0.310660	132.00
0.310680	129.00
0.310700	125.00
0.310720	121.00
0.310740	119.00
0.310760	119.00
0.310780	119.00
0.310800	118.00
0.310820	115.00
0.310840	111.00
0.310860	111.00
0.310880	113.00
0.310900	117.00
0.310920	120.00
0.310940	120.00
0.310960	120.00
0.310980	123.00
0.311000	128.00
0.311020	133.00
0.311040	134.00
0.311060	131.00
0.311080	129.00
0.311100	128.00
0.311120	129.00
0.311140	128.00
0.311160	127.00
0.311180	126.00
0.311200	128.00
0.311220	132.00
0.311240	136.00
0.311260	135.00
0.311280	131.00
0.311300	126.00
0.311320	123.00
0.311340	124.00
0.311360	125.00
0.311380	127.00
0.311400	127.00
0.311420	125.00
0.311440	121.00
0.311460	117.00
0.311480	115.00
0.311500	116.00
0.311520	119.00
0.311540	123.00
0.311560	125.00
0.311580	125.00
0.311600	124.00
0.311620	123.00
0.311640	124.00
0.311660	124.00
0.311680	123.00
0.311700	122.00
0.311720	121.00
0.311740	121.00
0.311760	121.00
0.311780	121.00
0.311800	121.00
0.311820	119.00
0.311840	116.00
0.311860	114.00
0.311880	116.00
0.311900	120.00
0.311920	125.00
0.311940	128.00
0.311960	130.00
0.311980	130.00
0.312000	130.00
0.312020	130.00
0.312040	129.00
0.312060	128.00
0.312080	127.00
0.312100	128.00
0.312120	131.00
0.312140	132.00
0.312160	131.00
0.312180	130.00
0.312200	131.00
0.312220	132.00
0.312240	134.00
0.312260	134.00
0.312280	135.00
0.312300	136.00
0.312320	138.00
0.312340	136.00
0.312360	131.00
0.312380	125.00
0.312400	122.00
0.312420	123.00
0.312440	127.00
0.312460	128.00
0.312480	126.00
0.312500	123.00
0.312520	121.00
0.312540	120.00
0.312560	121.00
0.312580	120.00
0.312600	119.00
0.312620	118.00
0.312640	118.00
0.312660	118.00
0.312680	118.00
0.312700	118.00
0.312720	120.00
0.312740	121.00
0.312760	122.00
0.312780	122.00
0.312800	122.00
0.312820	123.00
0.312840	124.00
0.312860	124.00
0.312880	124.00
0.312900	126.00
0.312920	130.00
0.312940	135.00
0.312960	137.00
0.312980	135.00
0.313000	131.00
0.313020	129.00
0.313040	127.00
0.313060	126.00
0.313080	125.00
0.313100	124.00
0.313120	125.00
0.313140	128.00
0.313160	130.00
0.313180	129.00
0.313200	125.00
0.313220	123.00
0.313240	125.00
0.313260	131.00
0.313280	135.00
0.313300	137.00
0.313320	136.00
0.313340	133.00
0.313360	130.00
0.313380	127.00
0.313400	125.00
0.313420	125.00
0.313440	127.00
0.313460	131.00
0.313480	132.00
0.313500	130.00
0.313520	125.00
0.313540	121.00
0.313560	120.00
0.313580	121.00
0.313600	123.00
0.313620	123.00
0.313640	122.00
0.313660	122.00
0.313680	121.00
0.313700	121.00
0.313720	119.00
0.313740	118.00
0.313760	117.00
0.313780	118.00
0.313800	121.00
0.313820	123.00
0.313840	126.00
0.313860	128.00
0.313880	130.00
0.313900	132.00
0.313920	132.00
0.313940	130.00
0.313960	126.00
0.313980	122.00
0.314000	119.00
0.314020	119.00
0.314040	122.00
0.314060	127.00
0.314080	133.00
0.314100	136.00
0.314120	135.00
0.314140	131.00
0.314160	126.00
0.314180	126.00
0.314200	130.00
0.314220	134.00
0.314240	134.00
0.314260	132.00
0.314280	131.00
0.314300	133.00
0.314320	135.00
0.314340	134.00
0.314360	128.00
0.314380	122.00
0.314400	120.00
0.314420	123.00
0.314440	127.00
0.314460	128.00
0.314480	125.00
0.314500	121.00
0.314520	120.00
0.314540	119.00
0.314560	118.00
0.314580	117.00
0.314600	118.00
0.314620	120.00
0.314640	121.00
0.314660	118.00
0.314680	112.00
0.314700	109.00
0.314720	113.00
0.314740	120.00
0.314760	126.00
0.314780	125.00
0.314800	123.00
0.314820	123.00
0.314840	130.00
0.314860	137.00
0.314880	138.00
0.314900	133.00
0.314920	124.00
0.314940	118.00
0.314960	117.00
0.314980	119.00
0.315000	122.00
0.315020	124.00
0.315040	124.00
0.315060	123.00
0.315080	123.00
0.315100	125.00
0.315120	130.00
0.315140	133.00
0.315160	133.00
0.315180	129.00
0.315200	125.00
0.315220	127.00
0.315240	132.00
0.315260	135.00
0.315280	131.00
0.315300	125.00
0.315320	122.00
0.315340	125.00
0.315360	131.00
0.315380	134.00
0.315400	131.00
0.315420	124.00
0.315440	121.00
0.315460	122.00
0.315480	125.00
0.315500	126.00
0.315520	124.00
0.315540	122.00
0.315560	123.00
0.315580	123.00
0.315600	122.00
0.315620	119.00
0.315640	115.00
0.315660	113.00
0.315680	115.00
0.315700	117.00
0.315720	120.00
0.315740	122.00
0.315760	124.00
0.315780	127.00
0.315800	131.00
0.315820	132.00
0.315840	132.00
0.315860	128.00
0.315880	125.00
0.315900	124.00
0.315920	125.00
0.315940	128.00
0.315960	130.00
0.315980	128.00
0.316000	125.00
0.316020	123.00
0.316040	124.00
0.316060	126.00
0.316080	127.00
0.316100	128.00
0.316120	129.00
0.316140	131.00
0.316160	132.00
0.316180	133.00
0.316200	132.00
0.316220	131.00
0.316240	131.00
0.316260	132.00
0.316280	132.00
0.316300	130.00
0.316320	126.00
0.316340	123.00
0.316360	120.00
0.316380	118.00
0.316400	117.00
0.316420	119.00
0.316440	121.00
0.316460	122.00
0.316480	121.00
0.316500	119.00
0.316520	119.00
0.316540	121.00
0.316560	123.00
0.316580	121.00
0.316600	118.00
0.316620	116.00
0.316640	118.00
0.316660	121.00
0.316680	123.00
0.316700	123.00
0.316720	123.00
0.316740	126.00
0.316760	130.00
0.316780	132.00
0.316800	131.00
0.316820	128.00
0.316840	128.00
0.316860	130.00
0.316880	132.00
0.316900	133.00
0.316920	132.00
0.316940	132.00
0.316960	133.00
0.316980	133.00
0.317000	130.00
0.317020	125.00
0.317040	122.00
0.317060	123.00
0.317080	126.00
0.317100	129.00
0.317120	129.00
0.317140	128.00
0.317160	128.00
0.317180	129.00
0.317200	129.00
0.317220	129.00
0.317240	129.00
0.317260	130.00
0.317280	129.00
0.317300	127.00
0.317320	123.00
0.317340	120.00
0.317360	119.00
0.317380	121.00
0.317400	122.00
0.317420	122.00
0.317440	120.00
0.317460	118.00
0.317480	117.00
0.317500	118.00
0.317520	119.00
0.317540	121.00
0.317560	122.00
0.317580	122.00
0.317600	121.00
0.317620	121.00
0.317640	122.00
0.317660	123.00
0.317680	124.00
0.317700	124.00
0.317720	126.00
0.317740	130.00
0.317760	133.00
0.317780	134.00
0.317800	131.00
0.317820	126.00
0.317840	125.00
0.317860	128.00
0.317880	133.00
0.317900	135.00
0.317920	132.00
0.317940	127.00
0.317960	124.00
0.317980	125.00
0.318000	126.00
0.318020	126.00
0.318040	127.00
0.318060	128.00
0.318080	132.00
0.318100	134.00
0.318120	133.00
0.318140	132.00
0.318160	131.00
0.318180	131.00
0.318200	130.00
0.318220	124.00
0.318240	118.00
0.318260	116.00
0.318280	120.00
0.318300	127.00
0.318320	131.00
0.318340	128.00
0.318360	123.00
0.318380	119.00
0.318400	121.00
0.318420	123.00
0.318440	123.00
0.318460	120.00
0.318480	116.00
0.318500	115.00
0.318520	118.00
0.318540	122.00
0.318560	123.00
0.318580	121.00
0.318600	119.00
0.318620	119.00
0.318640	123.00
0.318660	128.00
0.318680	131.00
0.318700	131.00
0.318720	128.00
0.318740	125.00
0.318760	124.00
0.318780	126.00
0.318800	129.00
0.318820	130.00
0.318840	128.00
0.318860	125.00
0.318880	122.00
0.318900	122.00
0.318920	125.00
0.318940	130.00
0.318960	135.00
0.318980	138.00
0.319000	139.00
0.319020	140.00
0.319040	141.00
0.319060	143.00
0.319080	143.00
0.319100	139.00
0.319120	133.00
0.319140	126.00
0.319160	123.00
0.319180	124.00
0.319200	126.00
0.319220	125.00
0.319240	121.00
0.319260	118.00
0.319280	117.00
0.319300	119.00
0.319320	123.00
0.319340	124.00
0.319360	124.00
0.319380	124.00
