0.279400	101.00
0.279420	48.00
0.279440	99.00
0.279460	138.00
0.279480	142.00
0.279500	124.00
0.279520	111.00
0.279540	116.00
0.279560	128.00
0.279580	133.00
0.279600	126.00
0.279620	121.00
0.279640	124.00
0.279660	131.00
0.279680	134.00
0.279700	130.00
0.279720	125.00
0.279740	125.00
0.279760	127.00
0.279780	126.00
0.279800	121.00
0.279820	117.00
0.279840	118.00
0.279860	123.00
0.279880	125.00
0.279900	123.00
0.279920	123.00
0.279940	127.00
0.279960	131.00
0.279980	133.00
0.280000	130.00
0.280020	127.00
0.280040	126.00
0.280060	126.00
0.280080	125.00
0.280100	121.00
0.280120	119.00
0.280140	121.00
0.280160	125.00
0.280180	127.00
0.280200	125.00
0.280220	123.00
0.280240	122.00
0.280260	124.00
0.280280	127.00
0.280300	128.00
0.280320	128.00
0.280340	128.00
0.280360	128.00
0.280380	126.00
0.280400	124.00
0.280420	125.00
0.280440	128.00
0.280460	130.00
0.280480	129.00
0.280500	125.00
0.280520	122.00
0.280540	123.00
0.280560	126.00
0.280580	127.00
0.280600	125.00
0.280620	122.00
0.280640	121.00
0.280660	122.00
0.280680	124.00
0.280700	125.00
0.280720	124.00
0.280740	124.00
0.280760	123.00
0.280780	121.00
0.280800	117.00
0.280820	116.00
0.280840	120.00
0.280860	125.00
0.280880	129.00
0.280900	128.00
0.280920	127.00
0.280940	127.00
0.280960	130.00
0.280980	132.00
0.281000	132.00
0.281020	130.00
0.281040	129.00
0.281060	130.00
0.281080	131.00
0.281100	129.00
0.281120	127.00
0.281140	126.00
0.281160	127.00
0.281180	129.00
0.281200	130.00
0.281220	129.00
0.281240	129.00
0.281260	129.00
0.281280	129.00
0.281300	127.00
0.281320	125.00
0.281340	124.00
0.281360	125.00
0.281380	125.00
0.281400	126.00
0.281420	126.00
0.281440	125.00
0.281460	124.00
0.281480	123.00
0.281500	121.00
0.281520	120.00
0.281540	121.00
0.281560	123.00
0.281580	125.00
0.281600	125.00
0.281620	124.00
0.281640	123.00
0.281660	123.00
0.281680	123.00
0.281700	122.00
0.281720	122.00
0.281740	122.00
0.281760	123.00
0.281780	124.00
0.281800	123.00
0.281820	123.00
0.281840	124.00
0.281860	126.00
0.281880	129.00
0.281900	130.00
0.281920	130.00
0.281940	128.00
0.281960	128.00
0.281980	128.00
0.282000	128.00
0.282020	129.00
0.282040	129.00
0.282060	127.00
0.282080	124.00
0.282100	121.00
0.282120	120.00
0.282140	122.00
0.282160	124.00
0.282180	124.00
0.282200	123.00
0.282220	122.00
0.282240	124.00
0.282260	129.00
0.282280	133.00
0.282300	134.00
0.282320	133.00
0.282340	131.00
0.282360	132.00
0.282380	132.00
0.282400	129.00
0.282420	124.00
0.282440	120.00
0.282460	119.00
0.282480	121.00
0.282500	123.00
0.282520	124.00
0.282540	123.00
0.282560	122.00
0.282580	123.00
0.282600	124.00
0.282620	125.00
0.282640	125.00
0.282660	124.00
0.282680	124.00
0.282700	122.00
0.282720	121.00
0.282740	121.00
0.282760	123.00
0.282780	125.00
0.282800	126.00
0.282820	125.00
0.282840	123.00
0.282860	123.00
0.282880	126.00
0.282900	128.00
0.282920	129.00
0.282940	128.00
0.282960	127.00
0.282980	127.00
0.283000	128.00
0.283020	129.00
0.283040	128.00
0.283060	127.00
0.283080	127.00
0.283100	128.00
0.283120	129.00
0.283140	129.00
0.283160	127.00
0.283180	126.00
0.283200	127.00
0.283220	129.00
0.283240	132.00
0.283260	132.00
0.283280	130.00
0.283300	128.00
0.283320	126.00
0.283340	125.00
0.283360	123.00
0.283380	121.00
0.283400	119.00
0.283420	119.00
0.283440	121.00
0.283460	122.00
0.283480	123.00
0.283500	123.00
0.283520	123.00
0.283540	124.00
0.283560	125.00
0.283580	124.00
0.283600	122.00
0.283620	121.00
0.283640	121.00
0.283660	123.00
0.283680	126.00
0.283700	126.00
0.283720	126.00
0.283740	123.00
0.283760	121.00
0.283780	120.00
0.283800	121.00
0.283820	123.00
0.283840	127.00
0.283860	131.00
0.283880	132.00
0.283900	132.00
0.283920	131.00
0.283940	130.00
0.283960	129.00
0.283980	127.00
0.284000	125.00
0.284020	125.00
0.284040	126.00
0.284060	127.00
0.284080	128.00
0.284100	127.00
0.284120	127.00
0.284140	127.00
0.284160	129.00
0.284180	131.00
0.284200	131.00
0.284220	131.00
0.284240	129.00
0.284260	126.00
0.284280	123.00
0.284300	122.00
0.284320	124.00
0.284340	128.00
0.284360	131.00
0.284380	130.00
0.284400	126.00
0.284420	121.00
0.284440	119.00
0.284460	120.00
0.284480	122.00
0.284500	123.00
0.284520	122.00
0.284540	121.00
0.284560	120.00
0.284580	120.00
0.284600	118.00
0.284620	116.00
0.284640	117.00
0.284660	120.00
0.284680	124.00
0.284700	127.00
0.284720	128.00
0.284740	128.00
0.284760	128.00
0.284780	129.00
0.284800	129.00
0.284820	127.00
0.284840	124.00
0.284860	122.00
0.284880	122.00
0.284900	125.00
0.284920	127.00
0.284940	129.00
0.284960	130.00
0.284980	130.00
0.285000	129.00
0.285020	127.00
0.285040	126.00
0.285060	125.00
0.285080	127.00
0.285100	130.00
0.285120	132.00
0.285140	133.00
0.285160	131.00
0.285180	127.00
0.285200	123.00
0.285220	122.00
0.285240	124.00
0.285260	126.00
0.285280	127.00
0.285300	126.00
0.285320	124.00
0.285340	123.00
0.285360	123.00
0.285380	124.00
0.285400	124.00
0.285420	123.00
0.285440	124.00
0.285460	125.00
0.285480	126.00
0.285500	125.00
0.285520	123.00
0.285540	121.00
0.285560	120.00
0.285580	121.00
0.285600	121.00
0.285620	120.00
0.285640	119.00
0.285660	119.00
0.285680	121.00
0.285700	124.00
0.285720	127.00
0.285740	129.00
0.285760	130.00
0.285780	129.00
0.285800	127.00
0.285820	125.00
0.285840	125.00
0.285860	127.00
0.285880	129.00
0.285900	130.00
0.285920	127.00
0.285940	124.00
0.285960	123.00
0.285980	124.00
0.286000	127.00
0.286020	127.00
0.286040	126.00
0.286060	126.00
0.286080	128.00
0.286100	133.00
0.286120	135.00
0.286140	134.00
0.286160	131.00
0.286180	127.00
0.286200	126.00
0.286220	127.00
0.286240	129.00
0.286260	130.00
0.286280	131.00
0.286300	129.00
0.286320	127.00
0.286340	123.00
0.286360	120.00
0.286380	119.00
0.286400	121.00
0.286420	122.00
0.286440	122.00
0.286460	120.00
0.286480	118.00
0.286500	118.00
0.286520	120.00
0.286540	122.00
0.286560	122.00
0.286580	121.00
0.286600	120.00
0.286620	120.00
0.286640	122.00
0.286660	124.00
0.286680	127.00
0.286700	130.00
0.286720	133.00
0.286740	133.00
0.286760	130.00
0.286780	125.00
0.286800	122.00
0.286820	122.00
0.286840	124.00
0.286860	126.00
0.286880	126.00
0.286900	126.00
0.286920	128.00
0.286940	130.00
0.286960	132.00
0.286980	132.00
0.287000	131.00
0.287020	129.00
0.287040	128.00
0.287060	126.00
0.287080	125.00
0.287100	125.00
0.287120	127.00
0.287140	130.00
0.287160	132.00
0.287180	130.00
0.287200	127.00
0.287220	125.00
0.287240	125.00
0.287260	128.00
0.287280	130.00
0.287300	130.00
0.287320	127.00
0.287340	125.00
0.287360	124.00
0.287380	125.00
0.287400	125.00
0.287420	124.00
0.287440	123.00
0.287460	122.00
0.287480	121.00
0.287500	121.00
0.287520	122.00
0.287540	123.00
0.287560	123.00
0.287580	123.00
0.287600	122.00
0.287620	123.00
0.287640	126.00
0.287660	129.00
0.287680	132.00
0.287700	133.00
0.287720	132.00
0.287740	131.00
0.287760	130.00
0.287780	129.00
0.287800	128.00
0.287820	127.00
0.287840	126.00
0.287860	126.00
0.287880	126.00
0.287900	126.00
0.287920	125.00
0.287940	124.00
0.287960	124.00
0.287980	125.00
0.288000	127.00
0.288020	129.00
0.288040	130.00
0.288060	129.00
0.288080	128.00
0.288100	127.00
0.288120	126.00
0.288140	126.00
0.288160	124.00
0.288180	122.00
0.288200	119.00
0.288220	119.00
0.288240	120.00
0.288260	123.00
0.288280	125.00
0.288300	127.00
0.288320	128.00
0.288340	128.00
0.288360	128.00
0.288380	126.00
0.288400	123.00
0.288420	120.00
0.288440	119.00
0.288460	120.00
0.288480	120.00
0.288500	121.00
0.288520	122.00
0.288540	124.00
0.288560	127.00
0.288580	128.00
0.288600	128.00
0.288620	127.00
0.288640	126.00
0.288660	125.00
0.288680	126.00
0.288700	127.00
0.288720	128.00
0.288740	128.00
0.288760	128.00
0.288780	127.00
0.288800	126.00
0.288820	127.00
0.288840	129.00
0.288860	130.00
0.288880	131.00
0.288900	130.00
0.288920	128.00
0.288940	128.00
0.288960	129.00
0.288980	131.00
0.289000	133.00
0.289020	134.00
0.289040	134.00
0.289060	131.00
0.289080	128.00
0.289100	126.00
0.289120	125.00
0.289140	126.00
0.289160	126.00
0.289180	126.00
0.289200	124.00
0.289220	123.00
0.289240	123.00
0.289260	124.00
0.289280	125.00
0.289300	123.00
0.289320	121.00
0.289340	121.00
0.289360	122.00
0.289380	124.00
0.289400	124.00
0.289420	123.00
0.289440	121.00
0.289460	121.00
0.289480	121.00
0.289500	121.00
0.289520	121.00
0.289540	122.00
0.289560	123.00
0.289580	125.00
0.289600	124.00
0.289620	122.00
0.289640	120.00
0.289660	120.00
0.289680	122.00
0.289700	125.00
0.289720	126.00
0.289740	126.00
0.289760	125.00
0.289780	126.00
0.289800	127.00
0.289820	128.00
0.289840	128.00
0.289860	127.00
0.289880	125.00
0.289900	125.00
0.289920	127.00
0.289940	130.00
0.289960	132.00
0.289980	131.00
0.290000	128.00
0.290020	125.00
0.290040	125.00
0.290060	127.00
0.290080	129.00
0.290100	130.00
0.290120	129.00
0.290140	125.00
0.290160	122.00
0.290180	120.00
0.290200	119.00
0.290220	119.00
0.290240	121.00
0.290260	122.00
0.290280	123.00
0.290300	124.00
0.290320	124.00
0.290340	124.00
0.290360	124.00
0.290380	124.00
0.290400	122.00
0.290420	121.00
0.290440	122.00
0.290460	124.00
0.290480	126.00
0.290500	125.00
0.290520	124.00
0.290540	123.00
0.290560	126.00
0.290580	129.00
0.290600	131.00
0.290620	129.00
0.290640	127.00
0.290660	126.00
0.290680	127.00
0.290700	129.00
0.290720	129.00
0.290740	128.00
0.290760	127.00
0.290780	128.00
0.290800	131.00
0.290820	132.00
0.290840	131.00
0.290860	128.00
0.290880	126.00
0.290900	126.00
0.290920	127.00
0.290940	128.00
0.290960	128.00
0.290980	127.00
0.291000	125.00
0.291020	124.00
0.291040	124.00
0.291060	125.00
0.291080	126.00
0.291100	127.00
0.291120	127.00
0.291140	127.00
0.291160	127.00
0.291180	126.00
0.291200	123.00
0.291220	120.00
0.291240	120.00
0.291260	121.00
0.291280	123.00
0.291300	122.00
0.291320	119.00
0.291340	116.00
0.291360	117.00
0.291380	120.00
0.291400	124.00
0.291420	125.00
0.291440	123.00
0.291460	120.00
0.291480	120.00
0.291500	123.00
0.291520	126.00
0.291540	129.00
0.291560	130.00
0.291580	130.00
0.291600	129.00
0.291620	127.00
0.291640	126.00
0.291660	127.00
0.291680	130.00
0.291700	132.00
0.291720	132.00
0.291740	129.00
0.291760	126.00
0.291780	126.00
0.291800	128.00
0.291820	131.00
0.291840	131.00
0.291860	129.00
0.291880	128.00
0.291900	127.00
0.291920	127.00
0.291940	125.00
0.291960	122.00
0.291980	120.00
0.292000	121.00
0.292020	124.00
0.292040	126.00
0.292060	126.00
0.292080	125.00
0.292100	125.00
0.292120	125.00
0.292140	124.00
0.292160	122.00
0.292180	119.00
0.292200	119.00
0.292220	121.00
0.292240	123.00
0.292260	124.00
0.292280	123.00
0.292300	123.00
0.292320	123.00
0.292340	124.00
0.292360	125.00
0.292380	125.00
0.292400	125.00
0.292420	127.00
0.292440	128.00
0.292460	128.00
0.292480	128.00
0.292500	129.00
0.292520	131.00
0.292540	132.00
0.292560	131.00
0.292580	128.00
0.292600	126.00
0.292620	127.00
0.292640	128.00
0.292660	127.00
0.292680	125.00
0.292700	123.00
0.292720	124.00
0.292740	128.00
0.292760	131.00
0.292780	133.00
0.292800	132.00
0.292820	131.00
0.292840	131.00
0.292860	131.00
0.292880	129.00
0.292900	127.00
0.292920	126.00
0.292940	126.00
0.292960	126.00
0.292980	126.00
0.293000	125.00
0.293020	124.00
0.293040	123.00
0.293060	122.00
0.293080	120.00
0.293100	119.00
0.293120	119.00
0.293140	121.00
0.293160	122.00
0.293180	121.00
0.293200	121.00
0.293220	121.00
0.293240	123.00
0.293260	125.00
0.293280	124.00
0.293300	120.00
0.293320	118.00
0.293340	120.00
0.293360	123.00
0.293380	125.00
0.293400	124.00
0.293420	122.00
0.293440	122.00
0.293460	125.00
0.293480	128.00
0.293500	127.00
0.293520	124.00
0.293540	123.00
0.293560	125.00
0.293580	129.00
0.293600	132.00
0.293620	131.00
0.293640	129.00
0.293660	128.00
0.293680	127.00
0.293700	128.00
0.293720	129.00
0.293740	129.00
0.293760	128.00
0.293780	127.00
0.293800	126.00
0.293820	126.00
0.293840	127.00
0.293860	127.00
0.293880	125.00
0.293900	122.00
0.293920	120.00
0.293940	121.00
0.293960	125.00
0.293980	130.00
0.294000	132.00
0.294020	131.00
0.294040	129.00
0.294060	127.00
0.294080	125.00
0.294100	122.00
0.294120	119.00
0.294140	117.00
0.294160	118.00
0.294180	122.00
0.294200	125.00
0.294220	126.00
0.294240	124.00
0.294260	121.00
0.294280	118.00
0.294300	117.00
0.294320	118.00
0.294340	120.00
0.294360	123.00
0.294380	126.00
0.294400	129.00
0.294420	131.00
0.294440	131.00
0.294460	129.00
0.294480	125.00
0.294500	121.00
0.294520	120.00
0.294540	122.00
0.294560	124.00
0.294580	125.00
0.294600	124.00
0.294620	123.00
0.294640	124.00
0.294660	128.00
0.294680	132.00
0.294700	132.00
0.294720	130.00
0.294740	128.00
0.294760	128.00
0.294780	128.00
0.294800	128.00
0.294820	126.00
0.294840	124.00
0.294860	125.00
0.294880	128.00
0.294900	131.00
0.294920	132.00
0.294940	130.00
0.294960	127.00
0.294980	124.00
0.295000	122.00
0.295020	120.00
0.295040	119.00
0.295060	119.00
0.295080	120.00
0.295100	120.00
0.295120	121.00
0.295140	122.00
0.295160	123.00
0.295180	124.00
0.295200	125.00
0.295220	125.00
0.295240	125.00
0.295260	124.00
0.295280	125.00
0.295300	125.00
0.295320	126.00
0.295340	128.00
0.295360	131.00
0.295380	133.00
0.295400	134.00
0.295420	132.00
0.295440	129.00
0.295460	127.00
0.295480	127.00
0.295500	128.00
0.295520	128.00
0.295540	127.00
0.295560	126.00
0.295580	126.00
0.295600	127.00
0.295620	129.00
0.295640	130.00
0.295660	129.00
0.295680	128.00
0.295700	129.00
0.295720	131.00
0.295740	133.00
0.295760	134.00
0.295780	131.00
0.295800	127.00
0.295820	125.00
0.295840	125.00
0.295860	126.00
0.295880	126.00
0.295900	124.00
0.295920	123.00
0.295940	124.00
0.295960	126.00
0.295980	129.00
0.296000	128.00
0.296020	124.00
0.296040	120.00
0.296060	119.00
0.296080	121.00
0.296100	122.00
0.296120	123.00
0.296140	122.00
0.296160	122.00
0.296180	124.00
0.296200	125.00
0.296220	126.00
0.296240	126.00
0.296260	126.00
0.296280	125.00
0.296300	125.00
0.296320	125.00
0.296340	127.00
0.296360	129.00
0.296380	130.00
0.296400	129.00
0.296420	126.00
0.296440	122.00
0.296460	122.00
0.296480	125.00
0.296500	129.00
0.296520	131.00
0.296540	130.00
0.296560	128.00
0.296580	126.00
0.296600	126.00
0.296620	127.00
0.296640	129.00
0.296660	131.00
0.296680	132.00
0.296700	132.00
0.296720	130.00
0.296740	127.00
0.296760	125.00
0.296780	124.00
0.296800	124.00
0.296820	123.00
0.296840	123.00
0.296860	123.00
0.296880	126.00
0.296900	130.00
0.296920	131.00
0.296940	128.00
0.296960	124.00
0.296980	121.00
0.297000	120.00
0.297020	119.00
0.297040	119.00
0.297060	119.00
0.297080	120.00
0.297100	122.00
0.297120	124.00
0.297140	126.00
0.297160	125.00
0.297180	125.00
0.297200	124.00
0.297220	123.00
0.297240	121.00
0.297260	120.00
0.297280	122.00
0.297300	126.00
0.297320	132.00
0.297340	136.00
0.297360	136.00
0.297380	134.00
0.297400	130.00
0.297420	128.00
0.297440	127.00
0.297460	127.00
0.297480	127.00
0.297500	127.00
0.297520	127.00
0.297540	128.00
0.297560	129.00
0.297580	128.00
0.297600	127.00
0.297620	125.00
0.297640	124.00
0.297660	123.00
0.297680	124.00
0.297700	126.00
0.297720	128.00
0.297740	128.00
0.297760	126.00
0.297780	124.00
0.297800	123.00
0.297820	125.00
0.297840	127.00
0.297860	128.00
0.297880	127.00
0.297900	124.00
0.297920	122.00
0.297940	121.00
0.297960	122.00
0.297980	123.00
0.298000	123.00
0.298020	121.00
0.298040	118.00
0.298060	116.00
0.298080	115.00
0.298100	116.00
0.298120	117.00
0.298140	119.00
0.298160	121.00
0.298180	123.00
0.298200	124.00
0.298220	126.00
0.298240	128.00
0.298260	130.00
0.298280	132.00
0.298300	131.00
0.298320	129.00
0.298340	127.00
0.298360	126.00
0.298380	125.00
0.298400	126.00
0.298420	127.00
0.298440	128.00
0.298460	129.00
0.298480	130.00
0.298500	129.00
0.298520	127.00
0.298540	126.00
0.298560	125.00
0.298580	126.00
0.298600	126.00
0.298620	126.00
0.298640	124.00
0.298660	122.00
0.298680	121.00
0.298700	121.00
0.298720	122.00
0.298740	125.00
0.298760	129.00
0.298780	132.00
0.298800	131.00
0.298820	128.00
0.298840	123.00
0.298860	120.00
0.298880	120.00
0.298900	122.00
0.298920	124.00
0.298940	124.00
0.298960	123.00
0.298980	123.00
0.299000	124.00
0.299020	125.00
0.299040	125.00
0.299060	125.00
0.299080	125.00
0.299100	126.00
0.299120	127.00
0.299140	127.00
0.299160	126.00
0.299180	125.00
0.299200	123.00
0.299220	123.00
0.299240	123.00
0.299260	126.00
0.299280	129.00
0.299300	133.00
0.299320	136.00
0.299340	138.00
0.299360	137.00
0.299380	133.00
0.299400	129.00
0.299420	123.00
0.299440	120.00
0.299460	118.00
0.299480	120.00
0.299500	123.00
0.299520	127.00
0.299540	131.00
0.299560	133.00
0.299580	135.00
0.299600	135.00
0.299620	133.00
0.299640	130.00
0.299660	127.00
0.299680	125.00
0.299700	123.00
0.299720	121.00
0.299740	119.00
0.299760	119.00
0.299780	120.00
0.299800	122.00
0.299820	125.00
0.299840	126.00
0.299860	125.00
0.299880	124.00
0.299900	122.00
0.299920	120.00
0.299940	117.00
0.299960	115.00
0.299980	116.00
0.300000	118.00
0.300020	121.00
0.300040	123.00
0.300060	123.00
0.300080	124.00
0.300100	127.00
0.300120	131.00
0.300140	134.00
0.300160	134.00
0.300180	131.00
0.300200	127.00
0.300220	126.00
0.300240	128.00
0.300260	129.00
0.300280	128.00
0.300300	126.00
0.300320	124.00
0.300340	124.00
0.300360	125.00
0.300380	126.00
0.300400	127.00
0.300420	127.00
0.300440	127.00
0.300460	128.00
0.300480	127.00
0.300500	126.00
0.300520	126.00
0.300540	127.00
0.300560	129.00
0.300580	129.00
0.300600	126.00
0.300620	122.00
0.300640	120.00
0.300660	122.00
0.300680	125.00
0.300700	127.00
0.300720	126.00
0.300740	122.00
0.300760	119.00
0.300780	119.00
0.300800	122.00
0.300820	124.00
0.300840	125.00
0.300860	125.00
0.300880	124.00
0.300900	124.00
0.300920	124.00
0.300940	125.00
0.300960	125.00
0.300980	123.00
0.301000	119.00
0.301020	117.00
0.301040	118.00
0.301060	121.00
0.301080	125.00
0.301100	129.00
0.301120	131.00
0.301140	133.00
0.301160	136.00
0.301180	137.00
0.301200	136.00
0.301220	131.00
0.301240	124.00
0.301260	119.00
0.301280	115.00
0.301300	114.00
0.301320	114.00
0.301340	118.00
0.301360	125.00
0.301380	135.00
0.301400	143.00
0.301420	148.00
0.301440	147.00
0.301460	141.00
0.301480	134.00
0.301500	127.00
0.301520	119.00
0.301540	114.00
0.301560	113.00
0.301580	117.00
0.301600	126.00
0.301620	135.00
0.301640	140.00
0.301660	138.00
0.301680	131.00
0.301700	123.00
0.301720	118.00
0.301740	117.00
0.301760	120.00
0.301780	125.00
0.301800	128.00
0.301820	129.00
0.301840	128.00
0.301860	124.00
0.301880	119.00
0.301900	114.00
0.301920	109.00
0.301940	106.00
0.301960	110.00
0.301980	119.00
0.302000	130.00
0.302020	140.00
0.302040	143.00
0.302060	138.00
0.302080	128.00
0.302100	117.00
0.302120	108.00
0.302140	104.00
0.302160	106.00
0.302180	114.00
0.302200	125.00
0.302220	137.00
0.302240	146.00
0.302260	149.00
0.302280	144.00
0.302300	134.00
0.302320	121.00
0.302340	113.00
0.302360	110.00
0.302380	113.00
0.302400	119.00
0.302420	127.00
0.302440	134.00
0.302460	139.00
0.302480	142.00
0.302500	141.00
0.302520	136.00
0.302540	132.00
0.302560	130.00
0.302580	130.00
0.302600	130.00
0.302620	127.00
0.302640	123.00
0.302660	120.00
0.302680	121.00
0.302700	125.00
0.302720	129.00
0.302740	130.00
0.302760	128.00
0.302780	123.00
0.302800	118.00
0.302820	113.00
0.302840	109.00
0.302860	108.00
0.302880	112.00
0.302900	120.00
0.302920	128.00
0.302940	135.00
0.302960	139.00
0.302980	140.00
0.303000	137.00
0.303020	129.00
0.303040	118.00
0.303060	107.00
0.303080	102.00
0.303100	103.00
0.303120	110.00
0.303140	120.00
0.303160	130.00
0.303180	139.00
0.303200	147.00
0.303220	151.00
0.303240	149.00
0.303260	141.00
0.303280	127.00
0.303300	112.00
0.303320	100.00
0.303340	94.00
0.303360	98.00
0.303380	110.00
0.303400	129.00
0.303420	149.00
0.303440	162.00
0.303460	163.00
0.303480	153.00
0.303500	136.00
0.303520	118.00
0.303540	106.00
0.303560	104.00
0.303580	111.00
0.303600	120.00
0.303620	127.00
0.303640	129.00
0.303660	128.00
0.303680	127.00
0.303700	128.00
0.303720	131.00
0.303740	135.00
0.303760	136.00
0.303780	135.00
0.303800	130.00
0.303820	122.00
0.303840	112.00
0.303860	103.00
0.303880	98.00
0.303900	100.00
0.303920	108.00
0.303940	118.00
0.303960	128.00
0.303980	136.00
0.304000	140.00
0.304020	141.00
0.304040	137.00
0.304060	131.00
0.304080	124.00
0.304100	118.00
0.304120	114.00
0.304140	113.00
0.304160	117.00
0.304180	124.00
0.304200	132.00
0.304220	137.00
0.304240	137.00
0.304260	133.00
0.304280	128.00
0.304300	125.00
0.304320	122.00
0.304340	120.00
0.304360	120.00
0.304380	122.00
0.304400	129.00
0.304420	139.00
0.304440	147.00
0.304460	150.00
0.304480	145.00
0.304500	134.00
0.304520	120.00
0.304540	106.00
0.304560	98.00
0.304580	99.00
0.304600	112.00
0.304620	132.00
0.304640	150.00
0.304660	159.00
0.304680	155.00
0.304700	138.00
0.304720	116.00
0.304740	98.00
0.304760	88.00
0.304780	91.00
0.304800	104.00
0.304820	124.00
0.304840	141.00
0.304860	152.00
0.304880	152.00
0.304900	144.00
0.304920	130.00
0.304940	115.00
0.304960	103.00
0.304980	98.00
0.305000	101.00
0.305020	111.00
0.305040	123.00
0.305060	135.00
0.305080	143.00
0.305100	147.00
0.305120	146.00
0.305140	143.00
0.305160	137.00
0.305180	132.00
0.305200	127.00
0.305220	122.00
0.305240	116.00
0.305260	110.00
0.305280	107.00
0.305300	109.00
0.305320	116.00
0.305340	125.00
0.305360	134.00
0.305380	141.00
0.305400	144.00
0.305420	145.00
0.305440	143.00
0.305460	138.00
0.305480	132.00
0.305500	125.00
0.305520	117.00
0.305540	110.00
0.305560	105.00
0.305580	104.00
0.305600	107.00
0.305620	114.00
0.305640	124.00
0.305660	136.00
0.305680	146.00
0.305700	153.00
0.305720	153.00
0.305740	143.00
0.305760	124.00
0.305780	103.00
0.305800	85.00
0.305820	78.00
0.305840	82.00
0.305860	97.00
0.305880	118.00
0.305900	140.00
0.305920	156.00
0.305940	165.00
0.305960	165.00
0.305980	158.00
0.306000	145.00
0.306020	129.00
0.306040	112.00
0.306060	97.00
0.306080	90.00
0.306100	93.00
0.306120	104.00
0.306140	120.00
0.306160	135.00
0.306180	148.00
0.306200	158.00
0.306220	162.00
0.306240	157.00
0.306260	143.00
0.306280	124.00
0.306300	110.00
0.306320	104.00
0.306340	108.00
0.306360	116.00
0.306380	124.00
0.306400	129.00
0.306420	132.00
0.306440	133.00
0.306460	131.00
0.306480	128.00
0.306500	126.00
0.306520	129.00
0.306540	133.00
0.306560	135.00
0.306580	131.00
0.306600	122.00
0.306620	113.00
0.306640	109.00
0.306660	109.00
0.306680	114.00
0.306700	121.00
0.306720	128.00
0.306740	135.00
0.306760	139.00
0.306780	140.00
0.306800	136.00
0.306820	129.00
0.306840	120.00
0.306860	113.00
0.306880	107.00
0.306900	104.00
0.306920	107.00
0.306940	116.00
0.306960	129.00
0.306980	140.00
0.307000	146.00
0.307020	144.00
0.307040	137.00
0.307060	130.00
0.307080	125.00
0.307100	123.00
0.307120	121.00
0.307140	119.00
0.307160	119.00
0.307180	120.00
0.307200	122.00
0.307220	123.00
0.307240	124.00
0.307260	127.00
0.307280	133.00
0.307300	141.00
0.307320	147.00
0.307340	145.00
0.307360	134.00
0.307380	119.00
0.307400	106.00
0.307420	103.00
0.307440	110.00
0.307460	127.00
0.307480	145.00
0.307500	157.00
0.307520	157.00
0.307540	143.00
0.307560	118.00
0.307580	91.00
0.307600	73.00
0.307620	72.00
0.307640	90.00
0.307660	120.00
0.307680	153.00
0.307700	176.00
0.307720	181.00
0.307740	164.00
0.307760	134.00
0.307780	101.00
0.307800	77.00
0.307820	69.00
0.307840	79.00
0.307860	101.00
0.307880	128.00
0.307900	152.00
0.307920	166.00
0.307940	167.00
0.307960	156.00
0.307980	138.00
0.308000	120.00
0.308020	107.00
0.308040	100.00
0.308060	99.00
0.308080	103.00
0.308100	113.00
0.308120	126.00
0.308140	140.00
0.308160	151.00
0.308180	154.00
0.308200	149.00
0.308220	138.00
0.308240	124.00
0.308260	113.00
0.308280	107.00
0.308300	108.00
0.308320	117.00
0.308340	130.00
0.308360	141.00
0.308380	146.00
0.308400	145.00
0.308420	137.00
0.308440	126.00
0.308460	115.00
0.308480	106.00
0.308500	104.00
0.308520	109.00
0.308540	121.00
0.308560	134.00
0.308580	144.00
0.308600	150.00
0.308620	149.00
0.308640	141.00
0.308660	129.00
0.308680	113.00
0.308700	98.00
0.308720	90.00
0.308740	92.00
0.308760	103.00
0.308780	120.00
0.308800	136.00
0.308820	147.00
0.308840	152.00
0.308860	149.00
0.308880	140.00
0.308900	129.00
0.308920	119.00
0.308940	113.00
0.308960	112.00
0.308980	113.00
0.309000	115.00
0.309020	115.00
0.309040	115.00
0.309060	115.00
0.309080	118.00
0.309100	125.00
0.309120	137.00
0.309140	150.00
0.309160	160.00
0.309180	162.00
0.309200	153.00
0.309220	134.00
0.309240	112.00
0.309260	93.00
0.309280	83.00
0.309300	84.00
0.309320	98.00
0.309340	122.00
0.309360	149.00
0.309380	171.00
0.309400	180.00
0.309420	173.00
0.309440	154.00
0.309460	129.00
0.309480	105.00
0.309500	90.00
0.309520	84.00
0.309540	88.00
0.309560	99.00
0.309580	114.00
0.309600	128.00
0.309620	137.00
0.309640	140.00
0.309660	137.00
0.309680	132.00
0.309700	130.00
0.309720	129.00
0.309740	129.00
0.309760	125.00
0.309780	119.00
0.309800	113.00
0.309820	109.00
0.309840	109.00
0.309860	111.00
0.309880	116.00
0.309900	124.00
0.309920	137.00
0.309940	151.00
0.309960	158.00
0.309980	155.00
0.310000	141.00
0.310020	122.00
0.310040	107.00
0.310060	98.00
0.310080	98.00
0.310100	105.00
0.310120	117.00
0.310140	133.00
0.310160	146.00
0.310180	154.00
0.310200	153.00
0.310220	146.00
0.310240	137.00
0.310260	130.00
0.310280	122.00
0.310300	114.00
0.310320	106.00
0.310340	102.00
0.310360	104.00
0.310380	114.00
0.310400	126.00
0.310420	136.00
0.310440	144.00
0.310460	148.00
0.310480	147.00
0.310500	140.00
0.310520	126.00
0.310540	110.00
0.310560	100.00
0.310580	98.00
0.310600	104.00
0.310620	114.00
0.310640	123.00
0.310660	129.00
0.310680	133.00
0.310700	134.00
0.310720	133.00
0.310740	130.00
0.310760	126.00
0.310780	125.00
0.310800	127.00
0.310820	131.00
0.310840	133.00
0.310860	132.00
0.310880	126.00
0.310900	120.00
0.310920	115.00
0.310940	113.00
0.310960	114.00
0.310980	118.00
0.311000	123.00
0.311020	129.00
0.311040	136.00
0.311060	141.00
0.311080	143.00
0.311100	141.00
0.311120	134.00
0.311140	125.00
0.311160	117.00
0.311180	113.00
0.311200	114.00
0.311220	118.00
0.311240	123.00
0.311260	128.00
0.311280	133.00
0.311300	136.00
0.311320	138.00
0.311340	138.00
0.311360	135.00
0.311380	129.00
0.311400	121.00
0.311420	114.00
0.311440	109.00
0.311460	108.00
0.311480	110.00
0.311500	115.00
0.311520	120.00
0.311540	125.00
0.311560	130.00
0.311580	133.00
0.311600	133.00
0.311620	131.00
0.311640	127.00
0.311660	122.00
0.311680	119.00
0.311700	116.00
0.311720	113.00
0.311740	112.00
0.311760	112.00
0.311780	114.00
0.311800	118.00
0.311820	123.00
0.311840	127.00
0.311860	131.00
0.311880	133.00
0.311900	133.00
0.311920	132.00
0.311940	131.00
0.311960	130.00
0.311980	129.00
0.312000	128.00
0.312020	126.00
0.312040	124.00
0.312060	123.00
0.312080	124.00
0.312100	127.00
0.312120	132.00
0.312140	135.00
0.312160	136.00
0.312180	135.00
0.312200	133.00
0.312220	132.00
0.312240	131.00
0.312260	130.00
0.312280	129.00
0.312300	127.00
0.312320	125.00
0.312340	123.00
0.312360	121.00
0.312380	119.00
0.312400	117.00
0.312420	115.00
0.312440	115.00
0.312460	117.00
0.312480	120.00
0.312500	124.00
0.312520	127.00
0.312540	128.00
0.312560	127.00
0.312580	124.00
0.312600	121.00
0.312620	120.00
0.312640	120.00
0.312660	122.00
0.312680	124.00
0.312700	125.00
0.312720	126.00
0.312740	127.00
0.312760	128.00
0.312780	131.00
0.312800	133.00
0.312820	133.00
0.312840	131.00
0.312860	128.00
0.312880	125.00
0.312900	124.00
0.312920	125.00
0.312940	126.00
0.312960	128.00
0.312980	129.00
0.313000	130.00
0.313020	130.00
0.313040	130.00
0.313060	131.00
0.313080	132.00
0.313100	132.00
0.313120	132.00
0.313140	130.00
0.313160	127.00
0.313180	124.00
0.313200	123.00
0.313220	123.00
0.313240	124.00
0.313260	125.00
0.313280	125.00
0.313300	125.00
0.313320	125.00
0.313340	125.00
0.313360	125.00
0.313380	126.00
0.313400	127.00
0.313420	127.00
0.313440	126.00
0.313460	124.00
0.313480	122.00
0.313500	120.00
0.313520	120.00
0.313540	120.00
0.313560	119.00
0.313580	119.00
0.313600	119.00
0.313620	120.00
0.313640	122.00
0.313660	125.00
0.313680	128.00
0.313700	130.00
0.313720	131.00
0.313740	130.00
0.313760	127.00
0.313780	125.00
0.313800	125.00
0.313820	127.00
0.313840	131.00
0.313860	133.00
0.313880	134.00
0.313900	132.00
0.313920	130.00
0.313940	129.00
0.313960	128.00
0.313980	128.00
0.314000	128.00
0.314020	128.00
0.314040	128.00
0.314060	127.00
0.314080	126.00
0.314100	126.00
0.314120	126.00
0.314140	127.00
0.314160	128.00
0.314180	128.00
0.314200	127.00
0.314220	125.00
0.314240	124.00
0.314260	125.00
0.314280	126.00
0.314300	126.00
0.314320	125.00
0.314340	123.00
0.314360	122.00
0.314380	122.00
0.314400	123.00
0.314420	124.00
0.314440	124.00
0.314460	124.00
0.314480	123.00
0.314500	123.00
0.314520	123.00
0.314540	122.00
0.314560	121.00
0.314580	120.00
0.314600	120.00
0.314620	121.00
0.314640	122.00
0.314660	123.00
0.314680	124.00
0.314700	126.00
0.314720	129.00
0.314740	130.00
0.314760	130.00
0.314780	128.00
0.314800	126.00
0.314820	125.00
0.314840	125.00
0.314860	125.00
0.314880	124.00
0.314900	123.00
0.314920	122.00
0.314940	123.00
0.314960	127.00
0.314980	132.00
0.315000	137.00
0.315020	138.00
0.315040	135.00
0.315060	130.00
0.315080	125.00
0.315100	123.00
0.315120	124.00
0.315140	127.00
0.315160	130.00
0.315180	130.00
0.315200	129.00
0.315220	127.00
0.315240	125.00
0.315260	122.00
0.315280	118.00
0.315300	115.00
0.315320	113.00
0.315340	115.00
0.315360	118.00
0.315380	121.00
0.315400	123.00
0.315420	124.00
0.315440	124.00
0.315460	124.00
0.315480	123.00
0.315500	122.00
0.315520	121.00
0.315540	121.00
0.315560	121.00
0.315580	123.00
0.315600	125.00
0.315620	128.00
0.315640	131.00
0.315660	133.00
0.315680	132.00
0.315700	129.00
0.315720	125.00
0.315740	122.00
0.315760	121.00
0.315780	122.00
0.315800	124.00
0.315820	124.00
0.315840	123.00
0.315860	123.00
0.315880	124.00
0.315900	125.00
0.315920	127.00
0.315940	128.00
0.315960	129.00
0.315980	131.00
0.316000	132.00
0.316020	133.00
0.316040	132.00
0.316060	131.00
0.316080	129.00
0.316100	127.00
0.316120	125.00
0.316140	124.00
0.316160	123.00
0.316180	124.00
0.316200	125.00
0.316220	126.00
0.316240	125.00
0.316260	123.00
0.316280	121.00
0.316300	121.00
0.316320	122.00
0.316340	124.00
0.316360	126.00
0.316380	128.00
0.316400	128.00
0.316420	128.00
0.316440	125.00
0.316460	123.00
0.316480	121.00
0.316500	122.00
0.316520	123.00
0.316540	124.00
0.316560	123.00
0.316580	121.00
0.316600	120.00
0.316620	122.00
0.316640	126.00
0.316660	128.00
0.316680	128.00
0.316700	125.00
0.316720	122.00
0.316740	122.00
0.316760	124.00
0.316780	126.00
0.316800	127.00
0.316820	127.00
0.316840	126.00
0.316860	126.00
0.316880	127.00
0.316900	128.00
0.316920	129.00
0.316940	130.00
0.316960	131.00
0.316980	132.00
0.317000	131.00
0.317020	129.00
0.317040	127.00
0.317060	125.00
0.317080	125.00
0.317100	125.00
0.317120	125.00
0.317140	122.00
0.317160	119.00
0.317180	118.00
0.317200	120.00
0.317220	124.00
0.317240	127.00
0.317260	128.00
0.317280	126.00
0.317300	123.00
0.317320	122.00
0.317340	123.00
0.317360	124.00
0.317380	124.00
0.317400	123.00
0.317420	121.00
0.317440	120.00
0.317460	120.00
0.317480	122.00
0.317500	124.00
0.317520	126.00
0.317540	130.00
0.317560	132.00
0.317580	133.00
0.317600	132.00
0.317620	129.00
0.317640	127.00
0.317660	124.00
0.317680	123.00
0.317700	124.00
0.317720	126.00
0.317740	130.00
0.317760	133.00
0.317780	134.00
0.317800	133.00
0.317820	132.00
0.317840	131.00
0.317860	131.00
0.317880	131.00
0.317900	131.00
0.317920	130.00
0.317940	130.00
0.317960	131.00
0.317980	130.00
0.318000	128.00
0.318020	125.00
0.318040	124.00
0.318060	124.00
0.318080	125.00
0.318100	126.00
0.318120	125.00
0.318140	124.00
0.318160	122.00
0.318180	121.00
0.318200	120.00
0.318220	119.00
0.318240	119.00
0.318260	120.00
0.318280	121.00
0.318300	121.00
0.318320	120.00
0.318340	120.00
0.318360	121.00
0.318380	124.00
0.318400	125.00
0.318420	125.00
0.318440	122.00
0.318460	120.00
0.318480	119.00
0.318500	120.00
0.318520	122.00
0.318540	125.00
0.318560	127.00
0.318580	128.00
0.318600	127.00
0.318620	125.00
0.318640	124.00
0.318660	125.00
0.318680	128.00
0.318700	130.00
0.318720	130.00
0.318740	127.00
0.318760	124.00
0.318780	123.00
0.318800	126.00
0.318820	130.00
0.318840	131.00
0.318860	129.00
0.318880	127.00
0.318900	125.00
0.318920	125.00
0.318940	125.00
0.318960	126.00
0.318980	127.00
0.319000	128.00
0.319020	129.00
0.319040	129.00
0.319060	129.00
0.319080	127.00
0.319100	125.00
0.319120	124.00
0.319140	124.00
0.319160	125.00
0.319180	125.00
0.319200	123.00
0.319220	123.00
0.319240	123.00
0.319260	124.00
0.319280	125.00
0.319300	125.00
0.319320	123.00
0.319340	122.00
0.319360	123.00
0.319380	125.00
