0.279400	100.00
0.279420	44.00
0.279440	95.00
0.279460	134.00
0.279480	139.00
0.279500	121.00
0.279520	108.00
0.279540	113.00
0.279560	126.00
0.279580	131.00
0.279600	126.00
0.279620	122.00
0.279640	127.00
0.279660	137.00
0.279680	140.00
0.279700	134.00
0.279720	127.00
0.279740	124.00
0.279760	125.00
0.279780	126.00
0.279800	124.00
0.279820	123.00
0.279840	125.00
0.279860	127.00
0.279880	127.00
0.279900	125.00
0.279920	126.00
0.279940	131.00
0.279960	138.00
0.279980	139.00
0.280000	134.00
0.280020	129.00
0.280040	128.00
0.280060	129.00
0.280080	130.00
0.280100	127.00
0.280120	124.00
0.280140	123.00
0.280160	124.00
0.280180	124.00
0.280200	123.00
0.280220	122.00
0.280240	123.00
0.280260	125.00
0.280280	126.00
0.280300	126.00
0.280320	125.00
0.280340	124.00
0.280360	123.00
0.280380	123.00
0.280400	122.00
0.280420	122.00
0.280440	122.00
0.280460	122.00
0.280480	120.00
0.280500	119.00
0.280520	121.00
0.280540	125.00
0.280560	129.00
0.280580	129.00
0.280600	127.00
0.280620	126.00
0.280640	127.00
0.280660	129.00
0.280680	129.00
0.280700	128.00
0.280720	126.00
0.280740	127.00
0.280760	129.00
0.280780	130.00
0.280800	130.00
0.280820	129.00
0.280840	129.00
0.280860	129.00
0.280880	129.00
0.280900	128.00
0.280920	129.00
0.280940	131.00
0.280960	132.00
0.280980	131.00
0.281000	128.00
0.281020	127.00
0.281040	128.00
0.281060	128.00
0.281080	125.00
0.281100	121.00
0.281120	118.00
0.281140	119.00
0.281160	122.00
0.281180	125.00
0.281200	125.00
0.281220	125.00
0.281240	125.00
0.281260	125.00
0.281280	122.00
0.281300	120.00
0.281320	119.00
0.281340	121.00
0.281360	123.00
0.281380	123.00
0.281400	120.00
0.281420	117.00
0.281440	119.00
0.281460	123.00
0.281480	126.00
0.281500	128.00
0.281520	129.00
0.281540	130.00
0.281560	131.00
0.281580	130.00
0.281600	126.00
0.281620	123.00
0.281640	124.00
0.281660	127.00
0.281680	129.00
0.281700	127.00
0.281720	123.00
0.281740	120.00
0.281760	120.00
0.281780	123.00
0.281800	126.00
0.281820	127.00
0.281840	127.00
0.281860	127.00
0.281880	126.00
0.281900	126.00
0.281920	125.00
0.281940	126.00
0.281960	127.00
0.281980	128.00
0.282000	128.00
0.282020	126.00
0.282040	125.00
0.282060	125.00
0.282080	126.00
0.282100	127.00
0.282120	127.00
0.282140	126.00
0.282160	125.00
0.282180	124.00
0.282200	123.00
0.282220	124.00
0.282240	125.00
0.282260	125.00
0.282280	124.00
0.282300	123.00
0.282320	124.00
0.282340	126.00
0.282360	127.00
0.282380	125.00
0.282400	121.00
0.282420	118.00
0.282440	118.00
0.282460	120.00
0.282480	123.00
0.282500	124.00
0.282520	125.00
0.282540	127.00
0.282560	127.00
0.282580	126.00
0.282600	125.00
0.282620	125.00
0.282640	127.00
0.282660	130.00
0.282680	130.00
0.282700	128.00
0.282720	125.00
0.282740	125.00
0.282760	128.00
0.282780	131.00
0.282800	133.00
0.282820	132.00
0.282840	130.00
0.282860	128.00
0.282880	127.00
0.282900	126.00
0.282920	126.00
0.282940	126.00
0.282960	127.00
0.282980	126.00
0.283000	125.00
0.283020	124.00
0.283040	125.00
0.283060	126.00
0.283080	127.00
0.283100	125.00
0.283120	123.00
0.283140	123.00
0.283160	123.00
0.283180	123.00
0.283200	121.00
0.283220	119.00
0.283240	118.00
0.283260	120.00
0.283280	121.00
0.283300	122.00
0.283320	121.00
0.283340	120.00
0.283360	121.00
0.283380	124.00
0.283400	125.00
0.283420	125.00
0.283440	125.00
0.283460	126.00
0.283480	127.00
0.283500	128.00
0.283520	129.00
0.283540	129.00
0.283560	128.00
0.283580	127.00
0.283600	124.00
0.283620	122.00
0.283640	121.00
0.283660	123.00
0.283680	127.00
0.283700	129.00
0.283720	129.00
0.283740	129.00
0.283760	130.00
0.283780	132.00
0.283800	135.00
0.283820	135.00
0.283840	133.00
0.283860	130.00
0.283880	130.00
0.283900	131.00
0.283920	134.00
0.283940	134.00
0.283960	132.00
0.283980	128.00
0.284000	125.00
0.284020	124.00
0.284040	125.00
0.284060	126.00
0.284080	125.00
0.284100	123.00
0.284120	122.00
0.284140	122.00
0.284160	124.00
0.284180	124.00
0.284200	123.00
0.284220	122.00
0.284240	122.00
0.284260	122.00
0.284280	121.00
0.284300	119.00
0.284320	118.00
0.284340	119.00
0.284360	123.00
0.284380	126.00
0.284400	127.00
0.284420	126.00
0.284440	125.00
0.284460	125.00
0.284480	127.00
0.284500	128.00
0.284520	127.00
0.284540	125.00
0.284560	125.00
0.284580	127.00
0.284600	130.00
0.284620	130.00
0.284640	129.00
0.284660	127.00
0.284680	127.00
0.284700	128.00
0.284720	129.00
0.284740	130.00
0.284760	131.00
0.284780	131.00
0.284800	131.00
0.284820	130.00
0.284840	129.00
0.284860	127.00
0.284880	126.00
0.284900	127.00
0.284920	128.00
0.284940	129.00
0.284960	128.00
0.284980	126.00
0.285000	125.00
0.285020	124.00
0.285040	123.00
0.285060	122.00
0.285080	121.00
0.285100	121.00
0.285120	123.00
0.285140	126.00
0.285160	127.00
0.285180	127.00
0.285200	126.00
0.285220	124.00
0.285240	121.00
0.285260	118.00
0.285280	116.00
0.285300	117.00
0.285320	119.00
0.285340	121.00
0.285360	123.00
0.285380	123.00
0.285400	124.00
0.285420	126.00
0.285440	127.00
0.285460	127.00
0.285480	126.00
0.285500	127.00
0.285520	129.00
0.285540	131.00
0.285560	130.00
0.285580	126.00
0.285600	122.00
0.285620	121.00
0.285640	124.00
0.285660	128.00
0.285680	130.00
0.285700	130.00
0.285720	131.00
0.285740	132.00
0.285760	132.00
0.285780	131.00
0.285800	129.00
0.285820	128.00
0.285840	128.00
0.285860	130.00
0.285880	129.00
0.285900	127.00
0.285920	126.00
0.285940	127.00
0.285960	128.00
0.285980	129.00
0.286000	128.00
0.286020	127.00
0.286040	127.00
0.286060	127.00
0.286080	126.00
0.286100	123.00
0.286120	119.00
0.286140	117.00
0.286160	117.00
0.286180	117.00
0.286200	117.00
0.286220	118.00
0.286240	120.00
0.286260	123.00
0.286280	124.00
0.286300	123.00
0.286320	122.00
0.286340	123.00
0.286360	126.00
0.286380	127.00
0.286400	126.00
0.286420	124.00
0.286440	123.00
0.286460	124.00
0.286480	125.00
0.286500	126.00
0.286520	124.00
0.286540	123.00
0.286560	123.00
0.286580	124.00
0.286600	128.00
0.286620	130.00
0.286640	131.00
0.286660	130.00
0.286680	128.00
0.286700	127.00
0.286720	128.00
0.286740	131.00
0.286760	133.00
0.286780	133.00
0.286800	130.00
0.286820	128.00
0.286840	127.00
0.286860	127.00
0.286880	128.00
0.286900	129.00
0.286920	129.00
0.286940	128.00
0.286960	126.00
0.286980	123.00
0.287000	120.00
0.287020	119.00
0.287040	120.00
0.287060	122.00
0.287080	124.00
0.287100	123.00
0.287120	122.00
0.287140	122.00
0.287160	123.00
0.287180	123.00
0.287200	123.00
0.287220	123.00
0.287240	124.00
0.287260	125.00
0.287280	126.00
0.287300	126.00
0.287320	125.00
0.287340	126.00
0.287360	127.00
0.287380	128.00
0.287400	127.00
0.287420	125.00
0.287440	125.00
0.287460	124.00
0.287480	124.00
0.287500	124.00
0.287520	123.00
0.287540	124.00
0.287560	126.00
0.287580	127.00
0.287600	128.00
0.287620	129.00
0.287640	131.00
0.287660	133.00
0.287680	134.00
0.287700	133.00
0.287720	131.00
0.287740	130.00
0.287760	130.00
0.287780	130.00
0.287800	128.00
0.287820	124.00
0.287840	121.00
0.287860	121.00
0.287880	122.00
0.287900	123.00
0.287920	122.00
0.287940	119.00
0.287960	117.00
0.287980	117.00
0.288000	118.00
0.288020	119.00
0.288040	121.00
0.288060	123.00
0.288080	124.00
0.288100	123.00
0.288120	120.00
0.288140	118.00
0.288160	118.00
0.288180	120.00
0.288200	121.00
0.288220	121.00
0.288240	121.00
0.288260	121.00
0.288280	124.00
0.288300	128.00
0.288320	131.00
0.288340	131.00
0.288360	129.00
0.288380	127.00
0.288400	126.00
0.288420	127.00
0.288440	128.00
0.288460	129.00
0.288480	129.00
0.288500	129.00
0.288520	130.00
0.288540	131.00
0.288560	131.00
0.288580	131.00
0.288600	130.00
0.288620	129.00
0.288640	130.00
0.288660	131.00
0.288680	131.00
0.288700	131.00
0.288720	130.00
0.288740	129.00
0.288760	128.00
0.288780	127.00
0.288800	127.00
0.288820	127.00
0.288840	128.00
0.288860	128.00
0.288880	127.00
0.288900	125.00
0.288920	123.00
0.288940	122.00
0.288960	122.00
0.288980	122.00
0.289000	121.00
0.289020	119.00
0.289040	119.00
0.289060	121.00
0.289080	123.00
0.289100	124.00
0.289120	122.00
0.289140	120.00
0.289160	120.00
0.289180	121.00
0.289200	122.00
0.289220	123.00
0.289240	124.00
0.289260	125.00
0.289280	126.00
0.289300	128.00
0.289320	128.00
0.289340	127.00
0.289360	127.00
0.289380	126.00
0.289400	127.00
0.289420	128.00
0.289440	129.00
0.289460	130.00
0.289480	131.00
0.289500	131.00
0.289520	129.00
0.289540	128.00
0.289560	127.00
0.289580	128.00
0.289600	131.00
0.289620	133.00
0.289640	133.00
0.289660	133.00
0.289680	130.00
0.289700	127.00
0.289720	125.00
0.289740	124.00
0.289760	124.00
0.289780	124.00
0.289800	123.00
0.289820	122.00
0.289840	122.00
0.289860	123.00
0.289880	123.00
0.289900	122.00
0.289920	121.00
0.289940	119.00
0.289960	120.00
0.289980	122.00
0.290000	126.00
0.290020	128.00
0.290040	127.00
0.290060	125.00
0.290080	123.00
0.290100	123.00
0.290120	123.00
0.290140	122.00
0.290160	122.00
0.290180	122.00
0.290200	124.00
0.290220	125.00
0.290240	126.00
0.290260	124.00
0.290280	123.00
0.290300	123.00
0.290320	124.00
0.290340	124.00
0.290360	123.00
0.290380	122.00
0.290400	123.00
0.290420	124.00
0.290440	126.00
0.290460	127.00
0.290480	126.00
0.290500	125.00
0.290520	125.00
0.290540	129.00
0.290560	133.00
0.290580	136.00
0.290600	136.00
0.290620	135.00
0.290640	132.00
0.290660	129.00
0.290680	126.00
0.290700	124.00
0.290720	123.00
0.290740	122.00
0.290760	122.00
0.290780	121.00
0.290800	120.00
0.290820	120.00
0.290840	121.00
0.290860	123.00
0.290880	124.00
0.290900	126.00
0.290920	127.00
0.290940	127.00
0.290960	127.00
0.290980	126.00
0.291000	123.00
0.291020	121.00
0.291040	120.00
0.291060	120.00
0.291080	122.00
0.291100	125.00
0.291120	129.00
0.291140	130.00
0.291160	129.00
0.291180	125.00
0.291200	122.00
0.291220	122.00
0.291240	124.00
0.291260	127.00
0.291280	129.00
0.291300	127.00
0.291320	126.00
0.291340	127.00
0.291360	131.00
0.291380	133.00
0.291400	133.00
0.291420	131.00
0.291440	130.00
0.291460	130.00
0.291480	131.00
0.291500	132.00
0.291520	131.00
0.291540	130.00
0.291560	131.00
0.291580	133.00
0.291600	133.00
0.291620	131.00
0.291640	127.00
0.291660	122.00
0.291680	121.00
0.291700	122.00
0.291720	126.00
0.291740	127.00
0.291760	126.00
0.291780	123.00
0.291800	120.00
0.291820	120.00
0.291840	121.00
0.291860	121.00
0.291880	121.00
0.291900	120.00
0.291920	121.00
0.291940	122.00
0.291960	123.00
0.291980	123.00
0.292000	122.00
0.292020	120.00
0.292040	120.00
0.292060	121.00
0.292080	123.00
0.292100	124.00
0.292120	125.00
0.292140	127.00
0.292160	129.00
0.292180	130.00
0.292200	130.00
0.292220	128.00
0.292240	127.00
0.292260	128.00
0.292280	130.00
0.292300	132.00
0.292320	133.00
0.292340	132.00
0.292360	130.00
0.292380	127.00
0.292400	126.00
0.292420	125.00
0.292440	126.00
0.292460	126.00
0.292480	127.00
0.292500	127.00
0.292520	128.00
0.292540	128.00
0.292560	129.00
0.292580	129.00
0.292600	129.00
0.292620	129.00
0.292640	127.00
0.292660	125.00
0.292680	123.00
0.292700	123.00
0.292720	125.00
0.292740	127.00
0.292760	127.00
0.292780	124.00
0.292800	120.00
0.292820	120.00
0.292840	122.00
0.292860	126.00
0.292880	126.00
0.292900	124.00
0.292920	120.00
0.292940	117.00
0.292960	116.00
0.292980	116.00
0.293000	116.00
0.293020	117.00
0.293040	119.00
0.293060	121.00
0.293080	123.00
0.293100	125.00
0.293120	127.00
0.293140	130.00
0.293160	132.00
0.293180	132.00
0.293200	130.00
0.293220	127.00
0.293240	126.00
0.293260	125.00
0.293280	126.00
0.293300	127.00
0.293320	128.00
0.293340	128.00
0.293360	129.00
0.293380	129.00
0.293400	129.00
0.293420	130.00
0.293440	133.00
0.293460	135.00
0.293480	135.00
0.293500	133.00
0.293520	130.00
0.293540	128.00
0.293560	127.00
0.293580	126.00
0.293600	125.00
0.293620	122.00
0.293640	120.00
0.293660	120.00
0.293680	120.00
0.293700	121.00
0.293720	122.00
0.293740	122.00
0.293760	121.00
0.293780	121.00
0.293800	121.00
0.293820	121.00
0.293840	122.00
0.293860	122.00
0.293880	122.00
0.293900	122.00
0.293920	122.00
0.293940	122.00
0.293960	122.00
0.293980	121.00
0.294000	119.00
0.294020	117.00
0.294040	118.00
0.294060	120.00
0.294080	124.00
0.294100	128.00
0.294120	129.00
0.294140	130.00
0.294160	129.00
0.294180	128.00
0.294200	128.00
0.294220	129.00
0.294240	130.00
0.294260	130.00
0.294280	130.00
0.294300	129.00
0.294320	129.00
0.294340	130.00
0.294360	131.00
0.294380	129.00
0.294400	127.00
0.294420	125.00
0.294440	127.00
0.294460	129.00
0.294480	130.00
0.294500	128.00
0.294520	123.00
0.294540	120.00
0.294560	120.00
0.294580	122.00
0.294600	125.00
0.294620	125.00
0.294640	124.00
0.294660	123.00
0.294680	122.00
0.294700	122.00
0.294720	123.00
0.294740	125.00
0.294760	126.00
0.294780	125.00
0.294800	122.00
0.294820	119.00
0.294840	119.00
0.294860	121.00
0.294880	124.00
0.294900	125.00
0.294920	125.00
0.294940	125.00
0.294960	125.00
0.294980	125.00
0.295000	125.00
0.295020	124.00
0.295040	125.00
0.295060	126.00
0.295080	129.00
0.295100	130.00
0.295120	130.00
0.295140	128.00
0.295160	127.00
0.295180	128.00
0.295200	129.00
0.295220	129.00
0.295240	128.00
0.295260	126.00
0.295280	124.00
0.295300	122.00
0.295320	122.00
0.295340	124.00
0.295360	127.00
0.295380	130.00
0.295400	131.00
0.295420	130.00
0.295440	128.00
0.295460	127.00
0.295480	127.00
0.295500	128.00
0.295520	129.00
0.295540	130.00
0.295560	131.00
0.295580	131.00
0.295600	130.00
0.295620	128.00
0.295640	125.00
0.295660	122.00
0.295680	122.00
0.295700	123.00
0.295720	125.00
0.295740	126.00
0.295760	126.00
0.295780	126.00
0.295800	125.00
0.295820	123.00
0.295840	122.00
0.295860	122.00
0.295880	124.00
0.295900	125.00
0.295920	126.00
0.295940	126.00
0.295960	126.00
0.295980	126.00
0.296000	127.00
0.296020	129.00
0.296040	130.00
0.296060	130.00
0.296080	128.00
0.296100	124.00
0.296120	121.00
0.296140	120.00
0.296160	121.00
0.296180	125.00
0.296200	129.00
0.296220	131.00
0.296240	131.00
0.296260	129.00
0.296280	129.00
0.296300	129.00
0.296320	130.00
0.296340	130.00
0.296360	130.00
0.296380	129.00
0.296400	129.00
0.296420	129.00
0.296440	129.00
0.296460	130.00
0.296480	129.00
0.296500	128.00
0.296520	125.00
0.296540	123.00
0.296560	122.00
0.296580	122.00
0.296600	122.00
0.296620	120.00
0.296640	119.00
0.296660	120.00
0.296680	123.00
0.296700	126.00
0.296720	127.00
0.296740	126.00
0.296760	124.00
0.296780	122.00
0.296800	121.00
0.296820	120.00
0.296840	118.00
0.296860	117.00
0.296880	117.00
0.296900	120.00
0.296920	123.00
0.296940	126.00
0.296960	130.00
0.296980	134.00
0.297000	139.00
0.297020	140.00
0.297040	137.00
0.297060	130.00
0.297080	125.00
0.297100	122.00
0.297120	122.00
0.297140	122.00
0.297160	121.00
0.297180	120.00
0.297200	121.00
0.297220	125.00
0.297240	131.00
0.297260	134.00
0.297280	135.00
0.297300	133.00
0.297320	131.00
0.297340	130.00
0.297360	129.00
0.297380	128.00
0.297400	126.00
0.297420	124.00
0.297440	122.00
0.297460	121.00
0.297480	121.00
0.297500	123.00
0.297520	126.00
0.297540	129.00
0.297560	130.00
0.297580	128.00
0.297600	126.00
0.297620	124.00
0.297640	123.00
0.297660	122.00
0.297680	121.00
0.297700	120.00
0.297720	120.00
0.297740	120.00
0.297760	119.00
0.297780	119.00
0.297800	119.00
0.297820	121.00
0.297840	125.00
0.297860	128.00
0.297880	129.00
0.297900	128.00
0.297920	127.00
0.297940	128.00
0.297960	129.00
0.297980	130.00
0.298000	128.00
0.298020	125.00
0.298040	122.00
0.298060	121.00
0.298080	123.00
0.298100	125.00
0.298120	127.00
0.298140	128.00
0.298160	129.00
0.298180	130.00
0.298200	131.00
0.298220	131.00
0.298240	130.00
0.298260	128.00
0.298280	128.00
0.298300	128.00
0.298320	129.00
0.298340	129.00
0.298360	127.00
0.298380	124.00
0.298400	123.00
0.298420	124.00
0.298440	126.00
0.298460	127.00
0.298480	126.00
0.298500	125.00
0.298520	125.00
0.298540	127.00
0.298560	129.00
0.298580	128.00
0.298600	125.00
0.298620	121.00
0.298640	118.00
0.298660	117.00
0.298680	118.00
0.298700	119.00
0.298720	119.00
0.298740	119.00
0.298760	118.00
0.298780	119.00
0.298800	122.00
0.298820	126.00
0.298840	129.00
0.298860	129.00
0.298880	129.00
0.298900	129.00
0.298920	130.00
0.298940	130.00
0.298960	128.00
0.298980	125.00
0.299000	121.00
0.299020	119.00
0.299040	122.00
0.299060	127.00
0.299080	132.00
0.299100	136.00
0.299120	139.00
0.299140	138.00
0.299160	133.00
0.299180	125.00
0.299200	116.00
0.299220	112.00
0.299240	115.00
0.299260	122.00
0.299280	132.00
0.299300	139.00
0.299320	145.00
0.299340	149.00
0.299360	148.00
0.299380	143.00
0.299400	132.00
0.299420	119.00
0.299440	109.00
0.299460	106.00
0.299480	109.00
0.299500	115.00
0.299520	122.00
0.299540	128.00
0.299560	133.00
0.299580	135.00
0.299600	135.00
0.299620	132.00
0.299640	129.00
0.299660	125.00
0.299680	120.00
0.299700	115.00
0.299720	110.00
0.299740	108.00
0.299760	108.00
0.299780	112.00
0.299800	118.00
0.299820	126.00
0.299840	133.00
0.299860	138.00
0.299880	140.00
0.299900	138.00
0.299920	133.00
0.299940	128.00
0.299960	123.00
0.299980	119.00
0.300000	115.00
0.300020	114.00
0.300040	117.00
0.300060	124.00
0.300080	133.00
0.300100	139.00
0.300120	142.00
0.300140	141.00
0.300160	137.00
0.300180	132.00
0.300200	128.00
0.300220	124.00
0.300240	122.00
0.300260	122.00
0.300280	123.00
0.300300	124.00
0.300320	126.00
0.300340	128.00
0.300360	130.00
0.300380	132.00
0.300400	131.00
0.300420	127.00
0.300440	122.00
0.300460	119.00
0.300480	120.00
0.300500	123.00
0.300520	126.00
0.300540	128.00
0.300560	127.00
0.300580	124.00
0.300600	119.00
0.300620	114.00
0.300640	109.00
0.300660	109.00
0.300680	114.00
0.300700	122.00
0.300720	131.00
0.300740	137.00
0.300760	138.00
0.300780	133.00
0.300800	126.00
0.300820	119.00
0.300840	116.00
0.300860	117.00
0.300880	121.00
0.300900	126.00
0.300920	129.00
0.300940	131.00
0.300960	131.00
0.300980	129.00
0.301000	125.00
0.301020	120.00
0.301040	118.00
0.301060	121.00
0.301080	129.00
0.301100	135.00
0.301120	137.00
0.301140	134.00
0.301160	129.00
0.301180	128.00
0.301200	130.00
0.301220	134.00
0.301240	137.00
0.301260	137.00
0.301280	134.00
0.301300	128.00
0.301320	120.00
0.301340	112.00
0.301360	108.00
0.301380	111.00
0.301400	119.00
0.301420	130.00
0.301440	138.00
0.301460	139.00
0.301480	135.00
0.301500	128.00
0.301520	119.00
0.301540	110.00
0.301560	105.00
0.301580	105.00
0.301600	112.00
0.301620	121.00
0.301640	127.00
0.301660	128.00
0.301680	125.00
0.301700	121.00
0.301720	120.00
0.301740	120.00
0.301760	122.00
0.301780	125.00
0.301800	130.00
0.301820	135.00
0.301840	139.00
0.301860	136.00
0.301880	128.00
0.301900	118.00
0.301920	110.00
0.301940	108.00
0.301960	112.00
0.301980	118.00
0.302000	126.00
0.302020	134.00
0.302040	140.00
0.302060	143.00
0.302080	142.00
0.302100	137.00
0.302120	130.00
0.302140	122.00
0.302160	116.00
0.302180	112.00
0.302200	113.00
0.302220	119.00
0.302240	130.00
0.302260	141.00
0.302280	149.00
0.302300	147.00
0.302320	138.00
0.302340	125.00
0.302360	114.00
0.302380	110.00
0.302400	112.00
0.302420	119.00
0.302440	126.00
0.302460	129.00
0.302480	128.00
0.302500	123.00
0.302520	118.00
0.302540	115.00
0.302560	117.00
0.302580	123.00
0.302600	129.00
0.302620	135.00
0.302640	135.00
0.302660	130.00
0.302680	121.00
0.302700	112.00
0.302720	108.00
0.302740	111.00
0.302760	120.00
0.302780	132.00
0.302800	140.00
0.302820	142.00
0.302840	137.00
0.302860	128.00
0.302880	118.00
0.302900	110.00
0.302920	107.00
0.302940	110.00
0.302960	119.00
0.302980	131.00
0.303000	145.00
0.303020	154.00
0.303040	155.00
0.303060	146.00
0.303080	130.00
0.303100	112.00
0.303120	101.00
0.303140	99.00
0.303160	106.00
0.303180	119.00
0.303200	133.00
0.303220	146.00
0.303240	156.00
0.303260	158.00
0.303280	150.00
0.303300	135.00
0.303320	115.00
0.303340	99.00
0.303360	90.00
0.303380	89.00
0.303400	97.00
0.303420	110.00
0.303440	127.00
0.303460	142.00
0.303480	152.00
0.303500	153.00
0.303520	144.00
0.303540	129.00
0.303560	115.00
0.303580	105.00
0.303600	102.00
0.303620	106.00
0.303640	112.00
0.303660	119.00
0.303680	122.00
0.303700	123.00
0.303720	123.00
0.303740	125.00
0.303760	129.00
0.303780	135.00
0.303800	139.00
0.303820	140.00
0.303840	137.00
0.303860	134.00
0.303880	129.00
0.303900	122.00
0.303920	115.00
0.303940	109.00
0.303960	111.00
0.303980	120.00
0.304000	133.00
0.304020	144.00
0.304040	149.00
0.304060	147.00
0.304080	142.00
0.304100	136.00
0.304120	129.00
0.304140	122.00
0.304160	117.00
0.304180	115.00
0.304200	116.00
0.304220	118.00
0.304240	121.00
0.304260	125.00
0.304280	129.00
0.304300	134.00
0.304320	137.00
0.304340	135.00
0.304360	128.00
0.304380	120.00
0.304400	115.00
0.304420	113.00
0.304440	114.00
0.304460	116.00
0.304480	122.00
0.304500	130.00
0.304520	138.00
0.304540	141.00
0.304560	135.00
0.304580	122.00
0.304600	111.00
0.304620	106.00
0.304640	110.00
0.304660	120.00
0.304680	132.00
0.304700	141.00
0.304720	145.00
0.304740	142.00
0.304760	130.00
0.304780	115.00
0.304800	103.00
0.304820	101.00
0.304840	108.00
0.304860	122.00
0.304880	135.00
0.304900	144.00
0.304920	148.00
0.304940	147.00
0.304960	142.00
0.304980	132.00
0.305000	122.00
0.305020	116.00
0.305040	114.00
0.305060	116.00
0.305080	119.00
0.305100	124.00
0.305120	129.00
0.305140	134.00
0.305160	139.00
0.305180	141.00
0.305200	140.00
0.305220	137.00
0.305240	132.00
0.305260	125.00
0.305280	116.00
0.305300	107.00
0.305320	101.00
0.305340	101.00
0.305360	106.00
0.305380	115.00
0.305400	126.00
0.305420	137.00
0.305440	145.00
0.305460	147.00
0.305480	141.00
0.305500	130.00
0.305520	119.00
0.305540	110.00
0.305560	106.00
0.305580	105.00
0.305600	106.00
0.305620	109.00
0.305640	115.00
0.305660	124.00
0.305680	134.00
0.305700	142.00
0.305720	148.00
0.305740	150.00
0.305760	149.00
0.305780	142.00
0.305800	131.00
0.305820	117.00
0.305840	104.00
0.305860	95.00
0.305880	93.00
0.305900	98.00
0.305920	111.00
0.305940	128.00
0.305960	147.00
0.305980	161.00
0.306000	168.00
0.306020	166.00
0.306040	156.00
0.306060	139.00
0.306080	118.00
0.306100	98.00
0.306120	87.00
0.306140	87.00
0.306160	98.00
0.306180	115.00
0.306200	133.00
0.306220	148.00
0.306240	158.00
0.306260	159.00
0.306280	151.00
0.306300	136.00
0.306320	118.00
0.306340	105.00
0.306360	100.00
0.306380	103.00
0.306400	111.00
0.306420	118.00
0.306440	123.00
0.306460	125.00
0.306480	125.00
0.306500	125.00
0.306520	126.00
0.306540	130.00
0.306560	134.00
0.306580	136.00
0.306600	134.00
0.306620	128.00
0.306640	121.00
0.306660	115.00
0.306680	110.00
0.306700	109.00
0.306720	111.00
0.306740	119.00
0.306760	129.00
0.306780	138.00
0.306800	143.00
0.306820	142.00
0.306840	139.00
0.306860	133.00
0.306880	127.00
0.306900	121.00
0.306920	117.00
0.306940	117.00
0.306960	121.00
0.306980	127.00
0.307000	131.00
0.307020	133.00
0.307040	134.00
0.307060	135.00
0.307080	135.00
0.307100	135.00
0.307120	132.00
0.307140	129.00
0.307160	127.00
0.307180	126.00
0.307200	125.00
0.307220	121.00
0.307240	116.00
0.307260	112.00
0.307280	110.00
0.307300	111.00
0.307320	116.00
0.307340	122.00
0.307360	130.00
0.307380	135.00
0.307400	135.00
0.307420	129.00
0.307440	118.00
0.307460	107.00
0.307480	102.00
0.307500	107.00
0.307520	120.00
0.307540	135.00
0.307560	146.00
0.307580	148.00
0.307600	142.00
0.307620	128.00
0.307640	114.00
0.307660	105.00
0.307680	105.00
0.307700	113.00
0.307720	125.00
0.307740	137.00
0.307760	143.00
0.307780	141.00
0.307800	133.00
0.307820	122.00
0.307840	113.00
0.307860	110.00
0.307880	114.00
0.307900	123.00
0.307920	135.00
0.307940	145.00
0.307960	149.00
0.307980	144.00
0.308000	133.00
0.308020	120.00
0.308040	109.00
0.308060	102.00
0.308080	101.00
0.308100	107.00
0.308120	117.00
0.308140	130.00
0.308160	141.00
0.308180	147.00
0.308200	147.00
0.308220	141.00
0.308240	131.00
0.308260	118.00
0.308280	106.00
0.308300	99.00
0.308320	99.00
0.308340	106.00
0.308360	119.00
0.308380	133.00
0.308400	143.00
0.308420	148.00
0.308440	146.00
0.308460	139.00
0.308480	126.00
0.308500	112.00
0.308520	101.00
0.308540	99.00
0.308560	107.00
0.308580	121.00
0.308600	137.00
0.308620	148.00
0.308640	155.00
0.308660	155.00
0.308680	149.00
0.308700	136.00
0.308720	120.00
0.308740	105.00
0.308760	98.00
0.308780	100.00
0.308800	111.00
0.308820	126.00
0.308840	139.00
0.308860	148.00
0.308880	151.00
0.308900	149.00
0.308920	144.00
0.308940	135.00
0.308960	126.00
0.308980	117.00
0.309000	112.00
0.309020	111.00
0.309040	111.00
0.309060	112.00
0.309080	114.00
0.309100	117.00
0.309120	123.00
0.309140	132.00
0.309160	143.00
0.309180	152.00
0.309200	154.00
0.309220	150.00
0.309240	138.00
0.309260	123.00
0.309280	107.00
0.309300	95.00
0.309320	90.00
0.309340	93.00
0.309360	104.00
0.309380	120.00
0.309400	137.00
0.309420	150.00
0.309440	156.00
0.309460	152.00
0.309480	141.00
0.309500	125.00
0.309520	111.00
0.309540	101.00
0.309560	98.00
0.309580	102.00
0.309600	111.00
0.309620	123.00
0.309640	136.00
0.309660	144.00
0.309680	146.00
0.309700	141.00
0.309720	135.00
0.309740	130.00
0.309760	127.00
0.309780	126.00
0.309800	123.00
0.309820	120.00
0.309840	118.00
0.309860	118.00
0.309880	120.00
0.309900	122.00
0.309920	124.00
0.309940	128.00
0.309960	133.00
0.309980	138.00
0.310000	139.00
0.310020	136.00
0.310040	129.00
0.310060	123.00
0.310080	117.00
0.310100	113.00
0.310120	109.00
0.310140	108.00
0.310160	111.00
0.310180	119.00
0.310200	127.00
0.310220	133.00
0.310240	135.00
0.310260	133.00
0.310280	128.00
0.310300	121.00
0.310320	113.00
0.310340	105.00
0.310360	102.00
0.310380	104.00
0.310400	112.00
0.310420	123.00
0.310440	133.00
0.310460	142.00
0.310480	147.00
0.310500	149.00
0.310520	146.00
0.310540	139.00
0.310560	131.00
0.310580	125.00
0.310600	121.00
0.310620	120.00
0.310640	120.00
0.310660	120.00
0.310680	122.00
0.310700	125.00
0.310720	129.00
0.310740	133.00
0.310760	135.00
0.310780	136.00
0.310800	136.00
0.310820	135.00
0.310840	132.00
0.310860	129.00
0.310880	127.00
0.310900	127.00
0.310920	127.00
0.310940	127.00
0.310960	125.00
0.310980	121.00
0.311000	118.00
0.311020	117.00
0.311040	116.00
0.311060	117.00
0.311080	119.00
0.311100	121.00
0.311120	125.00
0.311140	128.00
0.311160	130.00
0.311180	130.00
0.311200	128.00
0.311220	124.00
0.311240	120.00
0.311260	115.00
0.311280	112.00
0.311300	111.00
0.311320	115.00
0.311340	121.00
0.311360	127.00
0.311380	130.00
0.311400	131.00
0.311420	131.00
0.311440	130.00
0.311460	129.00
0.311480	127.00
0.311500	122.00
0.311520	118.00
0.311540	117.00
0.311560	120.00
0.311580	125.00
0.311600	130.00
0.311620	132.00
0.311640	133.00
0.311660	133.00
0.311680	132.00
0.311700	131.00
0.311720	129.00
0.311740	127.00
0.311760	124.00
0.311780	123.00
0.311800	124.00
0.311820	126.00
0.311840	128.00
0.311860	130.00
0.311880	131.00
0.311900	131.00
0.311920	131.00
0.311940	130.00
0.311960	130.00
0.311980	130.00
0.312000	128.00
0.312020	127.00
0.312040	124.00
0.312060	122.00
0.312080	120.00
0.312100	118.00
0.312120	116.00
0.312140	115.00
0.312160	116.00
0.312180	118.00
0.312200	120.00
0.312220	123.00
0.312240	126.00
0.312260	127.00
0.312280	127.00
0.312300	124.00
0.312320	121.00
0.312340	119.00
0.312360	119.00
0.312380	121.00
0.312400	125.00
0.312420	128.00
0.312440	130.00
0.312460	131.00
0.312480	130.00
0.312500	130.00
0.312520	130.00
0.312540	131.00
0.312560	130.00
0.312580	127.00
0.312600	123.00
0.312620	121.00
0.312640	121.00
0.312660	124.00
0.312680	127.00
0.312700	128.00
0.312720	128.00
0.312740	128.00
0.312760	131.00
0.312780	133.00
0.312800	134.00
0.312820	132.00
0.312840	129.00
0.312860	128.00
0.312880	128.00
0.312900	128.00
0.312920	127.00
0.312940	125.00
0.312960	124.00
0.312980	124.00
0.313000	125.00
0.313020	126.00
0.313040	125.00
0.313060	123.00
0.313080	120.00
0.313100	119.00
0.313120	120.00
0.313140	121.00
0.313160	122.00
0.313180	121.00
0.313200	120.00
0.313220	120.00
0.313240	121.00
0.313260	122.00
0.313280	122.00
0.313300	120.00
0.313320	119.00
0.313340	119.00
0.313360	122.00
0.313380	126.00
0.313400	128.00
0.313420	128.00
0.313440	127.00
0.313460	128.00
0.313480	129.00
0.313500	130.00
0.313520	130.00
0.313540	129.00
0.313560	130.00
0.313580	131.00
0.313600	131.00
0.313620	129.00
0.313640	127.00
0.313660	126.00
0.313680	126.00
0.313700	128.00
0.313720	130.00
0.313740	131.00
0.313760	132.00
0.313780	133.00
0.313800	132.00
0.313820	130.00
0.313840	126.00
0.313860	124.00
0.313880	125.00
0.313900	127.00
0.313920	129.00
0.313940	129.00
0.313960	127.00
0.313980	124.00
0.314000	121.00
0.314020	120.00
0.314040	121.00
0.314060	122.00
0.314080	124.00
0.314100	124.00
0.314120	122.00
0.314140	120.00
0.314160	118.00
0.314180	118.00
0.314200	118.00
0.314220	119.00
0.314240	121.00
0.314260	124.00
0.314280	127.00
0.314300	128.00
0.314320	129.00
0.314340	129.00
0.314360	131.00
0.314380	132.00
0.314400	131.00
0.314420	127.00
0.314440	123.00
0.314460	122.00
0.314480	125.00
0.314500	128.00
0.314520	129.00
0.314540	126.00
0.314560	125.00
0.314580	126.00
0.314600	129.00
0.314620	130.00
0.314640	127.00
0.314660	123.00
0.314680	122.00
0.314700	125.00
0.314720	130.00
0.314740	132.00
0.314760	131.00
0.314780	128.00
0.314800	125.00
0.314820	125.00
0.314840	126.00
0.314860	126.00
0.314880	126.00
0.314900	126.00
0.314920	125.00
0.314940	123.00
0.314960	121.00
0.314980	120.00
0.315000	120.00
0.315020	121.00
0.315040	123.00
0.315060	124.00
0.315080	125.00
0.315100	126.00
0.315120	125.00
0.315140	123.00
0.315160	122.00
0.315180	122.00
0.315200	125.00
0.315220	126.00
0.315240	125.00
0.315260	122.00
0.315280	121.00
0.315300	123.00
0.315320	128.00
0.315340	132.00
0.315360	132.00
0.315380	130.00
0.315400	129.00
0.315420	130.00
0.315440	130.00
0.315460	128.00
0.315480	126.00
0.315500	125.00
0.315520	126.00
0.315540	129.00
0.315560	130.00
0.315580	130.00
0.315600	128.00
0.315620	128.00
0.315640	129.00
0.315660	128.00
0.315680	126.00
0.315700	123.00
0.315720	121.00
0.315740	122.00
0.315760	123.00
0.315780	124.00
0.315800	123.00
0.315820	121.00
0.315840	120.00
0.315860	121.00
0.315880	121.00
0.315900	121.00
0.315920	121.00
0.315940	122.00
0.315960	123.00
0.315980	124.00
0.316000	122.00
0.316020	119.00
0.316040	117.00
0.316060	118.00
0.316080	121.00
0.316100	124.00
0.316120	127.00
0.316140	128.00
0.316160	129.00
0.316180	129.00
0.316200	129.00
0.316220	128.00
0.316240	127.00
0.316260	125.00
0.316280	124.00
0.316300	124.00
0.316320	126.00
0.316340	127.00
0.316360	126.00
0.316380	125.00
0.316400	124.00
0.316420	124.00
0.316440	127.00
0.316460	129.00
0.316480	130.00
0.316500	129.00
0.316520	128.00
0.316540	128.00
0.316560	127.00
0.316580	127.00
0.316600	126.00
0.316620	126.00
0.316640	127.00
0.316660	127.00
0.316680	127.00
0.316700	126.00
0.316720	126.00
0.316740	127.00
0.316760	128.00
0.316780	127.00
0.316800	124.00
0.316820	121.00
0.316840	120.00
0.316860	121.00
0.316880	122.00
0.316900	123.00
0.316920	124.00
0.316940	125.00
0.316960	126.00
0.316980	127.00
0.317000	125.00
0.317020	123.00
0.317040	122.00
0.317060	123.00
0.317080	124.00
0.317100	123.00
0.317120	120.00
0.317140	118.00
0.317160	118.00
0.317180	121.00
0.317200	124.00
0.317220	127.00
0.317240	130.00
0.317260	132.00
0.317280	131.00
0.317300	128.00
0.317320	124.00
0.317340	122.00
0.317360	123.00
0.317380	127.00
0.317400	129.00
0.317420	130.00
0.317440	128.00
0.317460	128.00
0.317480	131.00
0.317500	133.00
0.317520	134.00
0.317540	132.00
0.317560	129.00
0.317580	127.00
0.317600	127.00
0.317620	128.00
0.317640	130.00
0.317660	131.00
0.317680	132.00
0.317700	132.00
0.317720	131.00
0.317740	129.00
0.317760	128.00
0.317780	126.00
0.317800	125.00
0.317820	123.00
0.317840	120.00
0.317860	119.00
0.317880	119.00
0.317900	120.00
0.317920	121.00
0.317940	122.00
0.317960	123.00
0.317980	122.00
0.318000	121.00
0.318020	120.00
0.318040	119.00
0.318060	119.00
0.318080	120.00
0.318100	121.00
0.318120	122.00
0.318140	125.00
0.318160	128.00
0.318180	130.00
0.318200	129.00
0.318220	127.00
0.318240	124.00
0.318260	124.00
0.318280	126.00
0.318300	127.00
0.318320	126.00
0.318340	124.00
0.318360	122.00
0.318380	122.00
0.318400	124.00
0.318420	127.00
0.318440	128.00
0.318460	128.00
0.318480	127.00
0.318500	126.00
0.318520	125.00
0.318540	125.00
0.318560	125.00
0.318580	125.00
0.318600	126.00
0.318620	128.00
0.318640	129.00
0.318660	130.00
0.318680	130.00
0.318700	130.00
0.318720	129.00
0.318740	129.00
0.318760	128.00
0.318780	126.00
0.318800	123.00
0.318820	120.00
0.318840	118.00
0.318860	117.00
0.318880	119.00
0.318900	121.00
0.318920	123.00
0.318940	124.00
0.318960	124.00
0.318980	123.00
0.319000	121.00
0.319020	120.00
0.319040	120.00
0.319060	119.00
0.319080	119.00
0.319100	119.00
0.319120	120.00
0.319140	122.00
0.319160	124.00
0.319180	126.00
0.319200	126.00
0.319220	126.00
0.319240	127.00
0.319260	129.00
0.319280	133.00
0.319300	134.00
0.319320	133.00
0.319340	130.00
0.319360	127.00
0.319380	126.00
