0.279400	102.00
0.279420	51.00
0.279440	104.00
0.279460	143.00
0.279480	147.00
0.279500	128.00
0.279520	116.00
0.279540	121.00
0.279560	134.00
0.279580	136.00
0.279600	129.00
0.279620	122.00
0.279640	125.00
0.279660	132.00
0.279680	133.00
0.279700	128.00
0.279720	123.00
0.279740	124.00
0.279760	126.00
0.279780	123.00
0.279800	116.00
0.279820	113.00
0.279840	116.00
0.279860	122.00
0.279880	122.00
0.279900	117.00
0.279920	113.00
0.279940	117.00
0.279960	125.00
0.279980	130.00
0.280000	130.00
0.280020	130.00
0.280040	132.00
0.280060	134.00
0.280080	133.00
0.280100	128.00
0.280120	123.00
0.280140	123.00
0.280160	126.00
0.280180	126.00
0.280200	122.00
0.280220	119.00
0.280240	121.00
0.280260	128.00
0.280280	132.00
0.280300	131.00
0.280320	129.00
0.280340	129.00
0.280360	130.00
0.280380	131.00
0.280400	128.00
0.280420	125.00
0.280440	124.00
0.280460	126.00
0.280480	126.00
0.280500	123.00
0.280520	120.00
0.280540	120.00
0.280560	124.00
0.280580	127.00
0.280600	127.00
0.280620	124.00
0.280640	122.00
0.280660	124.00
0.280680	127.00
0.280700	129.00
0.280720	128.00
0.280740	127.00
0.280760	126.00
0.280780	124.00
0.280800	121.00
0.280820	120.00
0.280840	122.00
0.280860	125.00
0.280880	127.00
0.280900	126.00
0.280920	123.00
0.280940	123.00
0.280960	127.00
0.280980	132.00
0.281000	134.00
0.281020	132.00
0.281040	127.00
0.281060	124.00
0.281080	124.00
0.281100	124.00
0.281120	124.00
0.281140	124.00
0.281160	125.00
0.281180	127.00
0.281200	128.00
0.281220	128.00
0.281240	128.00
0.281260	129.00
0.281280	129.00
0.281300	130.00
0.281320	129.00
0.281340	128.00
0.281360	128.00
0.281380	129.00
0.281400	129.00
0.281420	128.00
0.281440	127.00
0.281460	126.00
0.281480	126.00
0.281500	127.00
0.281520	127.00
0.281540	125.00
0.281560	123.00
0.281580	121.00
0.281600	120.00
0.281620	120.00
0.281640	120.00
0.281660	119.00
0.281680	119.00
0.281700	119.00
0.281720	120.00
0.281740	122.00
0.281760	123.00
0.281780	124.00
0.281800	125.00
0.281820	127.00
0.281840	128.00
0.281860	127.00
0.281880	125.00
0.281900	123.00
0.281920	123.00
0.281940	125.00
0.281960	127.00
0.281980	129.00
0.282000	128.00
0.282020	128.00
0.282040	129.00
0.282060	130.00
0.282080	130.00
0.282100	128.00
0.282120	127.00
0.282140	127.00
0.282160	128.00
0.282180	129.00
0.282200	131.00
0.282220	132.00
0.282240	134.00
0.282260	134.00
0.282280	134.00
0.282300	132.00
0.282320	130.00
0.282340	129.00
0.282360	130.00
0.282380	130.00
0.282400	128.00
0.282420	125.00
0.282440	123.00
0.282460	123.00
0.282480	125.00
0.282500	127.00
0.282520	126.00
0.282540	123.00
0.282560	119.00
0.282580	118.00
0.282600	118.00
0.282620	120.00
0.282640	122.00
0.282660	121.00
0.282680	120.00
0.282700	119.00
0.282720	121.00
0.282740	123.00
0.282760	123.00
0.282780	122.00
0.282800	121.00
0.282820	121.00
0.282840	122.00
0.282860	124.00
0.282880	125.00
0.282900	125.00
0.282920	126.00
0.282940	127.00
0.282960	129.00
0.282980	130.00
0.283000	130.00
0.283020	128.00
0.283040	127.00
0.283060	127.00
0.283080	126.00
0.283100	126.00
0.283120	125.00
0.283140	125.00
0.283160	126.00
0.283180	129.00
0.283200	132.00
0.283220	133.00
0.283240	133.00
0.283260	131.00
0.283280	127.00
0.283300	124.00
0.283320	124.00
0.283340	126.00
0.283360	128.00
0.283380	129.00
0.283400	128.00
0.283420	126.00
0.283440	125.00
0.283460	125.00
0.283480	125.00
0.283500	125.00
0.283520	124.00
0.283540	124.00
0.283560	124.00
0.283580	124.00
0.283600	123.00
0.283620	123.00
0.283640	123.00
0.283660	123.00
0.283680	122.00
0.283700	120.00
0.283720	119.00
0.283740	119.00
0.283760	119.00
0.283780	119.00
0.283800	120.00
0.283820	121.00
0.283840	123.00
0.283860	126.00
0.283880	127.00
0.283900	127.00
0.283920	127.00
0.283940	126.00
0.283960	126.00
0.283980	126.00
0.284000	126.00
0.284020	126.00
0.284040	127.00
0.284060	128.00
0.284080	128.00
0.284100	127.00
0.284120	126.00
0.284140	127.00
0.284160	130.00
0.284180	133.00
0.284200	133.00
0.284220	132.00
0.284240	130.00
0.284260	129.00
0.284280	129.00
0.284300	129.00
0.284320	128.00
0.284340	126.00
0.284360	124.00
0.284380	123.00
0.284400	122.00
0.284420	122.00
0.284440	122.00
0.284460	121.00
0.284480	121.00
0.284500	123.00
0.284520	126.00
0.284540	127.00
0.284560	128.00
0.284580	127.00
0.284600	127.00
0.284620	127.00
0.284640	125.00
0.284660	123.00
0.284680	119.00
0.284700	118.00
0.284720	120.00
0.284740	124.00
0.284760	126.00
0.284780	125.00
0.284800	122.00
0.284820	120.00
0.284840	122.00
0.284860	125.00
0.284880	128.00
0.284900	128.00
0.284920	125.00
0.284940	124.00
0.284960	125.00
0.284980	128.00
0.285000	131.00
0.285020	132.00
0.285040	131.00
0.285060	128.00
0.285080	125.00
0.285100	125.00
0.285120	128.00
0.285140	132.00
0.285160	135.00
0.285180	134.00
0.285200	131.00
0.285220	128.00
0.285240	127.00
0.285260	127.00
0.285280	128.00
0.285300	126.00
0.285320	123.00
0.285340	121.00
0.285360	121.00
0.285380	123.00
0.285400	126.00
0.285420	127.00
0.285440	126.00
0.285460	126.00
0.285480	126.00
0.285500	127.00
0.285520	128.00
0.285540	128.00
0.285560	127.00
0.285580	125.00
0.285600	122.00
0.285620	120.00
0.285640	120.00
0.285660	121.00
0.285680	124.00
0.285700	126.00
0.285720	127.00
0.285740	128.00
0.285760	128.00
0.285780	127.00
0.285800	126.00
0.285820	125.00
0.285840	125.00
0.285860	127.00
0.285880	128.00
0.285900	129.00
0.285920	127.00
0.285940	125.00
0.285960	124.00
0.285980	125.00
0.286000	129.00
0.286020	133.00
0.286040	133.00
0.286060	129.00
0.286080	125.00
0.286100	124.00
0.286120	127.00
0.286140	131.00
0.286160	134.00
0.286180	133.00
0.286200	130.00
0.286220	127.00
0.286240	125.00
0.286260	124.00
0.286280	123.00
0.286300	123.00
0.286320	124.00
0.286340	126.00
0.286360	126.00
0.286380	125.00
0.286400	123.00
0.286420	122.00
0.286440	124.00
0.286460	126.00
0.286480	126.00
0.286500	125.00
0.286520	123.00
0.286540	123.00
0.286560	123.00
0.286580	123.00
0.286600	122.00
0.286620	120.00
0.286640	120.00
0.286660	122.00
0.286680	122.00
0.286700	121.00
0.286720	120.00
0.286740	122.00
0.286760	126.00
0.286780	130.00
0.286800	130.00
0.286820	128.00
0.286840	125.00
0.286860	125.00
0.286880	126.00
0.286900	127.00
0.286920	127.00
0.286940	127.00
0.286960	126.00
0.286980	126.00
0.287000	127.00
0.287020	126.00
0.287040	125.00
0.287060	125.00
0.287080	125.00
0.287100	126.00
0.287120	127.00
0.287140	128.00
0.287160	130.00
0.287180	130.00
0.287200	129.00
0.287220	127.00
0.287240	126.00
0.287260	125.00
0.287280	127.00
0.287300	129.00
0.287320	129.00
0.287340	128.00
0.287360	124.00
0.287380	121.00
0.287400	119.00
0.287420	119.00
0.287440	120.00
0.287460	121.00
0.287480	122.00
0.287500	121.00
0.287520	120.00
0.287540	118.00
0.287560	118.00
0.287580	119.00
0.287600	120.00
0.287620	121.00
0.287640	121.00
0.287660	124.00
0.287680	127.00
0.287700	131.00
0.287720	132.00
0.287740	131.00
0.287760	128.00
0.287780	127.00
0.287800	126.00
0.287820	126.00
0.287840	126.00
0.287860	126.00
0.287880	127.00
0.287900	129.00
0.287920	130.00
0.287940	130.00
0.287960	129.00
0.287980	127.00
0.288000	127.00
0.288020	128.00
0.288040	129.00
0.288060	128.00
0.288080	126.00
0.288100	126.00
0.288120	126.00
0.288140	128.00
0.288160	128.00
0.288180	127.00
0.288200	125.00
0.288220	123.00
0.288240	120.00
0.288260	119.00
0.288280	117.00
0.288300	117.00
0.288320	118.00
0.288340	120.00
0.288360	122.00
0.288380	123.00
0.288400	124.00
0.288420	126.00
0.288440	127.00
0.288460	127.00
0.288480	126.00
0.288500	124.00
0.288520	122.00
0.288540	122.00
0.288560	121.00
0.288580	121.00
0.288600	121.00
0.288620	122.00
0.288640	123.00
0.288660	123.00
0.288680	124.00
0.288700	124.00
0.288720	126.00
0.288740	129.00
0.288760	131.00
0.288780	132.00
0.288800	130.00
0.288820	128.00
0.288840	126.00
0.288860	126.00
0.288880	127.00
0.288900	129.00
0.288920	131.00
0.288940	134.00
0.288960	135.00
0.288980	135.00
0.289000	133.00
0.289020	131.00
0.289040	129.00
0.289060	128.00
0.289080	127.00
0.289100	127.00
0.289120	126.00
0.289140	124.00
0.289160	121.00
0.289180	118.00
0.289200	118.00
0.289220	120.00
0.289240	122.00
0.289260	124.00
0.289280	124.00
0.289300	124.00
0.289320	124.00
0.289340	124.00
0.289360	124.00
0.289380	124.00
0.289400	125.00
0.289420	126.00
0.289440	128.00
0.289460	128.00
0.289480	126.00
0.289500	123.00
0.289520	122.00
0.289540	122.00
0.289560	124.00
0.289580	125.00
0.289600	127.00
0.289620	127.00
0.289640	128.00
0.289660	129.00
0.289680	129.00
0.289700	129.00
0.289720	129.00
0.289740	130.00
0.289760	130.00
0.289780	128.00
0.289800	126.00
0.289820	123.00
0.289840	121.00
0.289860	121.00
0.289880	122.00
0.289900	125.00
0.289920	128.00
0.289940	130.00
0.289960	131.00
0.289980	131.00
0.290000	130.00
0.290020	129.00
0.290040	128.00
0.290060	126.00
0.290080	126.00
0.290100	126.00
0.290120	127.00
0.290140	129.00
0.290160	128.00
0.290180	126.00
0.290200	122.00
0.290220	120.00
0.290240	120.00
0.290260	122.00
0.290280	123.00
0.290300	123.00
0.290320	122.00
0.290340	123.00
0.290360	124.00
0.290380	124.00
0.290400	122.00
0.290420	119.00
0.290440	118.00
0.290460	119.00
0.290480	121.00
0.290500	122.00
0.290520	122.00
0.290540	123.00
0.290560	124.00
0.290580	126.00
0.290600	129.00
0.290620	131.00
0.290640	132.00
0.290660	130.00
0.290680	128.00
0.290700	125.00
0.290720	124.00
0.290740	125.00
0.290760	127.00
0.290780	129.00
0.290800	129.00
0.290820	128.00
0.290840	127.00
0.290860	126.00
0.290880	127.00
0.290900	129.00
0.290920	130.00
0.290940	130.00
0.290960	129.00
0.290980	126.00
0.291000	124.00
0.291020	124.00
0.291040	124.00
0.291060	125.00
0.291080	124.00
0.291100	123.00
0.291120	123.00
0.291140	124.00
0.291160	125.00
0.291180	124.00
0.291200	121.00
0.291220	120.00
0.291240	121.00
0.291260	124.00
0.291280	125.00
0.291300	124.00
0.291320	123.00
0.291340	123.00
0.291360	125.00
0.291380	126.00
0.291400	124.00
0.291420	120.00
0.291440	117.00
0.291460	119.00
0.291480	123.00
0.291500	126.00
0.291520	126.00
0.291540	125.00
0.291560	125.00
0.291580	128.00
0.291600	133.00
0.291620	135.00
0.291640	132.00
0.291660	125.00
0.291680	120.00
0.291700	118.00
0.291720	121.00
0.291740	124.00
0.291760	126.00
0.291780	126.00
0.291800	126.00
0.291820	126.00
0.291840	127.00
0.291860	128.00
0.291880	129.00
0.291900	129.00
0.291920	129.00
0.291940	127.00
0.291960	124.00
0.291980	123.00
0.292000	124.00
0.292020	126.00
0.292040	128.00
0.292060	128.00
0.292080	127.00
0.292100	127.00
0.292120	128.00
0.292140	130.00
0.292160	130.00
0.292180	127.00
0.292200	123.00
0.292220	123.00
0.292240	124.00
0.292260	127.00
0.292280	127.00
0.292300	126.00
0.292320	125.00
0.292340	126.00
0.292360	126.00
0.292380	125.00
0.292400	122.00
0.292420	121.00
0.292440	122.00
0.292460	125.00
0.292480	128.00
0.292500	130.00
0.292520	130.00
0.292540	130.00
0.292560	130.00
0.292580	129.00
0.292600	126.00
0.292620	124.00
0.292640	123.00
0.292660	123.00
0.292680	125.00
0.292700	126.00
0.292720	127.00
0.292740	130.00
0.292760	131.00
0.292780	130.00
0.292800	128.00
0.292820	125.00
0.292840	125.00
0.292860	128.00
0.292880	131.00
0.292900	132.00
0.292920	131.00
0.292940	129.00
0.292960	129.00
0.292980	130.00
0.293000	129.00
0.293020	127.00
0.293040	125.00
0.293060	124.00
0.293080	125.00
0.293100	125.00
0.293120	124.00
0.293140	123.00
0.293160	122.00
0.293180	122.00
0.293200	122.00
0.293220	121.00
0.293240	120.00
0.293260	120.00
0.293280	121.00
0.293300	123.00
0.293320	124.00
0.293340	124.00
0.293360	122.00
0.293380	121.00
0.293400	121.00
0.293420	123.00
0.293440	126.00
0.293460	129.00
0.293480	130.00
0.293500	130.00
0.293520	129.00
0.293540	127.00
0.293560	126.00
0.293580	126.00
0.293600	126.00
0.293620	127.00
0.293640	128.00
0.293660	128.00
0.293680	126.00
0.293700	124.00
0.293720	124.00
0.293740	125.00
0.293760	127.00
0.293780	128.00
0.293800	129.00
0.293820	128.00
0.293840	126.00
0.293860	126.00
0.293880	127.00
0.293900	129.00
0.293920	132.00
0.293940	132.00
0.293960	130.00
0.293980	125.00
0.294000	121.00
0.294020	120.00
0.294040	121.00
0.294060	124.00
0.294080	125.00
0.294100	126.00
0.294120	125.00
0.294140	125.00
0.294160	123.00
0.294180	122.00
0.294200	122.00
0.294220	122.00
0.294240	122.00
0.294260	122.00
0.294280	122.00
0.294300	122.00
0.294320	123.00
0.294340	124.00
0.294360	124.00
0.294380	123.00
0.294400	124.00
0.294420	125.00
0.294440	127.00
0.294460	127.00
0.294480	124.00
0.294500	121.00
0.294520	121.00
0.294540	124.00
0.294560	129.00
0.294580	129.00
0.294600	125.00
0.294620	121.00
0.294640	120.00
0.294660	124.00
0.294680	128.00
0.294700	130.00
0.294720	129.00
0.294740	126.00
0.294760	125.00
0.294780	125.00
0.294800	124.00
0.294820	124.00
0.294840	125.00
0.294860	129.00
0.294880	132.00
0.294900	135.00
0.294920	135.00
0.294940	133.00
0.294960	131.00
0.294980	128.00
0.295000	126.00
0.295020	123.00
0.295040	122.00
0.295060	123.00
0.295080	124.00
0.295100	125.00
0.295120	124.00
0.295140	122.00
0.295160	120.00
0.295180	120.00
0.295200	121.00
0.295220	121.00
0.295240	120.00
0.295260	118.00
0.295280	117.00
0.295300	118.00
0.295320	121.00
0.295340	124.00
0.295360	127.00
0.295380	127.00
0.295400	128.00
0.295420	130.00
0.295440	132.00
0.295460	132.00
0.295480	130.00
0.295500	125.00
0.295520	120.00
0.295540	119.00
0.295560	120.00
0.295580	123.00
0.295600	124.00
0.295620	124.00
0.295640	124.00
0.295660	125.00
0.295680	128.00
0.295700	131.00
0.295720	135.00
0.295740	139.00
0.295760	141.00
0.295780	140.00
0.295800	136.00
0.295820	130.00
0.295840	125.00
0.295860	121.00
0.295880	119.00
0.295900	117.00
0.295920	117.00
0.295940	118.00
0.295960	121.00
0.295980	124.00
0.296000	126.00
0.296020	127.00
0.296040	127.00
0.296060	126.00
0.296080	126.00
0.296100	124.00
0.296120	122.00
0.296140	119.00
0.296160	119.00
0.296180	120.00
0.296200	120.00
0.296220	120.00
0.296240	119.00
0.296260	119.00
0.296280	121.00
0.296300	124.00
0.296320	127.00
0.296340	128.00
0.296360	127.00
0.296380	126.00
0.296400	127.00
0.296420	128.00
0.296440	128.00
0.296460	126.00
0.296480	123.00
0.296500	120.00
0.296520	121.00
0.296540	125.00
0.296560	128.00
0.296580	130.00
0.296600	130.00
0.296620	129.00
0.296640	128.00
0.296660	128.00
0.296680	129.00
0.296700	130.00
0.296720	131.00
0.296740	132.00
0.296760	131.00
0.296780	130.00
0.296800	130.00
0.296820	130.00
0.296840	131.00
0.296860	130.00
0.296880	127.00
0.296900	123.00
0.296920	122.00
0.296940	124.00
0.296960	127.00
0.296980	128.00
0.297000	128.00
0.297020	127.00
0.297040	126.00
0.297060	126.00
0.297080	125.00
0.297100	124.00
0.297120	123.00
0.297140	123.00
0.297160	123.00
0.297180	123.00
0.297200	122.00
0.297220	121.00
0.297240	121.00
0.297260	121.00
0.297280	120.00
0.297300	119.00
0.297320	119.00
0.297340	121.00
0.297360	125.00
0.297380	131.00
0.297400	134.00
0.297420	134.00
0.297440	130.00
0.297460	124.00
0.297480	116.00
0.297500	110.00
0.297520	107.00
0.297540	110.00
0.297560	117.00
0.297580	125.00
0.297600	132.00
0.297620	135.00
0.297640	136.00
0.297660	134.00
0.297680	131.00
0.297700	127.00
0.297720	126.00
0.297740	126.00
0.297760	128.00
0.297780	129.00
0.297800	127.00
0.297820	125.00
0.297840	124.00
0.297860	126.00
0.297880	128.00
0.297900	129.00
0.297920	129.00
0.297940	128.00
0.297960	129.00
0.297980	131.00
0.298000	131.00
0.298020	128.00
0.298040	124.00
0.298060	119.00
0.298080	116.00
0.298100	116.00
0.298120	118.00
0.298140	122.00
0.298160	126.00
0.298180	128.00
0.298200	129.00
0.298220	127.00
0.298240	125.00
0.298260	122.00
0.298280	120.00
0.298300	119.00
0.298320	120.00
0.298340	122.00
0.298360	125.00
0.298380	127.00
0.298400	128.00
0.298420	128.00
0.298440	128.00
0.298460	126.00
0.298480	123.00
0.298500	121.00
0.298520	122.00
0.298540	127.00
0.298560	135.00
0.298580	142.00
0.298600	147.00
0.298620	147.00
0.298640	141.00
0.298660	130.00
0.298680	116.00
0.298700	104.00
0.298720	99.00
0.298740	105.00
0.298760	120.00
0.298780	139.00
0.298800	154.00
0.298820	161.00
0.298840	159.00
0.298860	148.00
0.298880	129.00
0.298900	109.00
0.298920	93.00
0.298940	87.00
0.298960	92.00
0.298980	104.00
0.299000	118.00
0.299020	131.00
0.299040	142.00
0.299060	148.00
0.299080	149.00
0.299100	145.00
0.299120	136.00
0.299140	126.00
0.299160	114.00
0.299180	102.00
0.299200	90.00
0.299220	82.00
0.299240	83.00
0.299260	97.00
0.299280	120.00
0.299300	145.00
0.299320	165.00
0.299340	174.00
0.299360	171.00
0.299380	156.00
0.299400	133.00
0.299420	108.00
0.299440	88.00
0.299460	81.00
0.299480	89.00
0.299500	109.00
0.299520	132.00
0.299540	151.00
0.299560	160.00
0.299580	159.00
0.299600	151.00
0.299620	139.00
0.299640	129.00
0.299660	122.00
0.299680	119.00
0.299700	119.00
0.299720	118.00
0.299740	117.00
0.299760	116.00
0.299780	117.00
0.299800	120.00
0.299820	126.00
0.299840	131.00
0.299860	135.00
0.299880	135.00
0.299900	133.00
0.299920	130.00
0.299940	128.00
0.299960	125.00
0.299980	121.00
0.300000	115.00
0.300020	107.00
0.300040	102.00
0.300060	103.00
0.300080	109.00
0.300100	121.00
0.300120	136.00
0.300140	150.00
0.300160	158.00
0.300180	156.00
0.300200	145.00
0.300220	127.00
0.300240	108.00
0.300260	96.00
0.300280	93.00
0.300300	100.00
0.300320	114.00
0.300340	133.00
0.300360	150.00
0.300380	159.00
0.300400	157.00
0.300420	143.00
0.300440	124.00
0.300460	108.00
0.300480	102.00
0.300500	110.00
0.300520	126.00
0.300540	143.00
0.300560	152.00
0.300580	149.00
0.300600	136.00
0.300620	120.00
0.300640	107.00
0.300660	101.00
0.300680	103.00
0.300700	114.00
0.300720	130.00
0.300740	148.00
0.300760	160.00
0.300780	162.00
0.300800	151.00
0.300820	134.00
0.300840	118.00
0.300860	106.00
0.300880	101.00
0.300900	102.00
0.300920	107.00
0.300940	115.00
0.300960	124.00
0.300980	130.00
0.301000	133.00
0.301020	131.00
0.301040	127.00
0.301060	124.00
0.301080	123.00
0.301100	122.00
0.301120	122.00
0.301140	118.00
0.301160	112.00
0.301180	105.00
0.301200	104.00
0.301220	112.00
0.301240	128.00
0.301260	146.00
0.301280	157.00
0.301300	155.00
0.301320	143.00
0.301340	128.00
0.301360	115.00
0.301380	106.00
0.301400	101.00
0.301420	101.00
0.301440	109.00
0.301460	124.00
0.301480	141.00
0.301500	150.00
0.301520	149.00
0.301540	140.00
0.301560	129.00
0.301580	122.00
0.301600	120.00
0.301620	122.00
0.301640	123.00
0.301660	124.00
0.301680	125.00
0.301700	125.00
0.301720	125.00
0.301740	126.00
0.301760	131.00
0.301780	136.00
0.301800	139.00
0.301820	136.00
0.301840	128.00
0.301860	119.00
0.301880	110.00
0.301900	105.00
0.301920	103.00
0.301940	106.00
0.301960	113.00
0.301980	122.00
0.302000	130.00
0.302020	135.00
0.302040	135.00
0.302060	131.00
0.302080	124.00
0.302100	117.00
0.302120	112.00
0.302140	112.00
0.302160	117.00
0.302180	125.00
0.302200	133.00
0.302220	138.00
0.302240	139.00
0.302260	136.00
0.302280	131.00
0.302300	125.00
0.302320	119.00
0.302340	116.00
0.302360	118.00
0.302380	126.00
0.302400	136.00
0.302420	144.00
0.302440	147.00
0.302460	143.00
0.302480	135.00
0.302500	124.00
0.302520	114.00
0.302540	107.00
0.302560	104.00
0.302580	108.00
0.302600	118.00
0.302620	133.00
0.302640	146.00
0.302660	152.00
0.302680	148.00
0.302700	137.00
0.302720	122.00
0.302740	110.00
0.302760	104.00
0.302780	105.00
0.302800	111.00
0.302820	121.00
0.302840	132.00
0.302860	140.00
0.302880	140.00
0.302900	132.00
0.302920	120.00
0.302940	109.00
0.302960	105.00
0.302980	109.00
0.303000	119.00
0.303020	130.00
0.303040	139.00
0.303060	143.00
0.303080	138.00
0.303100	126.00
0.303120	111.00
0.303140	99.00
0.303160	98.00
0.303180	108.00
0.303200	124.00
0.303220	139.00
0.303240	149.00
0.303260	153.00
0.303280	149.00
0.303300	138.00
0.303320	124.00
0.303340	111.00
0.303360	106.00
0.303380	110.00
0.303400	120.00
0.303420	131.00
0.303440	139.00
0.303460	142.00
0.303480	143.00
0.303500	141.00
0.303520	138.00
0.303540	136.00
0.303560	135.00
0.303580	132.00
0.303600	128.00
0.303620	120.00
0.303640	112.00
0.303660	107.00
0.303680	107.00
0.303700	112.00
0.303720	119.00
0.303740	128.00
0.303760	134.00
0.303780	137.00
0.303800	135.00
0.303820	127.00
0.303840	119.00
0.303860	115.00
0.303880	116.00
0.303900	118.00
0.303920	119.00
0.303940	119.00
0.303960	119.00
0.303980	121.00
0.304000	124.00
0.304020	124.00
0.304040	123.00
0.304060	122.00
0.304080	124.00
0.304100	128.00
0.304120	131.00
0.304140	132.00
0.304160	129.00
0.304180	125.00
0.304200	123.00
0.304220	122.00
0.304240	122.00
0.304260	123.00
0.304280	124.00
0.304300	128.00
0.304320	132.00
0.304340	135.00
0.304360	136.00
0.304380	135.00
0.304400	131.00
0.304420	127.00
0.304440	124.00
0.304460	121.00
0.304480	121.00
0.304500	122.00
0.304520	125.00
0.304540	128.00
0.304560	132.00
0.304580	134.00
0.304600	133.00
0.304620	128.00
0.304640	123.00
0.304660	121.00
0.304680	121.00
0.304700	123.00
0.304720	123.00
0.304740	122.00
0.304760	122.00
0.304780	122.00
0.304800	124.00
0.304820	125.00
0.304840	125.00
0.304860	125.00
0.304880	124.00
0.304900	123.00
0.304920	121.00
0.304940	120.00
0.304960	120.00
0.304980	123.00
0.305000	126.00
0.305020	126.00
0.305040	123.00
0.305060	120.00
0.305080	120.00
0.305100	123.00
0.305120	126.00
0.305140	126.00
0.305160	125.00
0.305180	126.00
0.305200	130.00
0.305220	135.00
0.305240	136.00
0.305260	132.00
0.305280	126.00
0.305300	120.00
0.305320	117.00
0.305340	116.00
0.305360	116.00
0.305380	118.00
0.305400	124.00
0.305420	131.00
0.305440	136.00
0.305460	139.00
0.305480	139.00
0.305500	138.00
0.305520	137.00
0.305540	134.00
0.305560	128.00
0.305580	121.00
0.305600	117.00
0.305620	117.00
0.305640	119.00
0.305660	122.00
0.305680	122.00
0.305700	121.00
0.305720	121.00
0.305740	123.00
0.305760	127.00
0.305780	131.00
0.305800	133.00
0.305820	133.00
0.305840	132.00
0.305860	127.00
0.305880	122.00
0.305900	115.00
0.305920	110.00
0.305940	108.00
0.305960	111.00
0.305980	119.00
0.306000	131.00
0.306020	143.00
0.306040	151.00
0.306060	151.00
0.306080	146.00
0.306100	136.00
0.306120	126.00
0.306140	117.00
0.306160	110.00
0.306180	106.00
0.306200	107.00
0.306220	114.00
0.306240	125.00
0.306260	135.00
0.306280	142.00
0.306300	143.00
0.306320	142.00
0.306340	139.00
0.306360	135.00
0.306380	129.00
0.306400	122.00
0.306420	116.00
0.306440	113.00
0.306460	113.00
0.306480	117.00
0.306500	123.00
0.306520	129.00
0.306540	134.00
0.306560	135.00
0.306580	133.00
0.306600	129.00
0.306620	125.00
0.306640	123.00
0.306660	122.00
0.306680	121.00
0.306700	120.00
0.306720	119.00
0.306740	119.00
0.306760	120.00
0.306780	122.00
0.306800	123.00
0.306820	124.00
0.306840	124.00
0.306860	126.00
0.306880	127.00
0.306900	126.00
0.306920	122.00
0.306940	115.00
0.306960	109.00
0.306980	108.00
0.307000	111.00
0.307020	120.00
0.307040	128.00
0.307060	135.00
0.307080	138.00
0.307100	138.00
0.307120	136.00
0.307140	133.00
0.307160	128.00
0.307180	123.00
0.307200	119.00
0.307220	118.00
0.307240	120.00
0.307260	124.00
0.307280	127.00
0.307300	129.00
0.307320	131.00
0.307340	135.00
0.307360	138.00
0.307380	141.00
0.307400	140.00
0.307420	136.00
0.307440	130.00
0.307460	125.00
0.307480	120.00
0.307500	117.00
0.307520	116.00
0.307540	116.00
0.307560	119.00
0.307580	122.00
0.307600	127.00
0.307620	131.00
0.307640	136.00
0.307660	138.00
0.307680	138.00
0.307700	135.00
0.307720	130.00
0.307740	123.00
0.307760	117.00
0.307780	110.00
0.307800	105.00
0.307820	104.00
0.307840	109.00
0.307860	118.00
0.307880	129.00
0.307900	137.00
0.307920	140.00
0.307940	139.00
0.307960	135.00
0.307980	131.00
0.308000	126.00
0.308020	120.00
0.308040	115.00
0.308060	111.00
0.308080	110.00
0.308100	114.00
0.308120	121.00
0.308140	129.00
0.308160	136.00
0.308180	139.00
0.308200	139.00
0.308220	137.00
0.308240	133.00
0.308260	129.00
0.308280	123.00
0.308300	116.00
0.308320	111.00
0.308340	112.00
0.308360	119.00
0.308380	130.00
0.308400	138.00
0.308420	140.00
0.308440	139.00
0.308460	135.00
0.308480	132.00
0.308500	129.00
0.308520	124.00
0.308540	119.00
0.308560	115.00
0.308580	115.00
0.308600	116.00
0.308620	120.00
0.308640	123.00
0.308660	126.00
0.308680	130.00
0.308700	133.00
0.308720	134.00
0.308740	131.00
0.308760	125.00
0.308780	119.00
0.308800	115.00
0.308820	114.00
0.308840	116.00
0.308860	120.00
0.308880	124.00
0.308900	128.00
0.308920	132.00
0.308940	134.00
0.308960	136.00
0.308980	136.00
0.309000	135.00
0.309020	132.00
0.309040	129.00
0.309060	126.00
0.309080	123.00
0.309100	121.00
0.309120	121.00
0.309140	122.00
0.309160	125.00
0.309180	129.00
0.309200	132.00
0.309220	135.00
0.309240	137.00
0.309260	136.00
0.309280	134.00
0.309300	129.00
0.309320	125.00
0.309340	121.00
0.309360	121.00
0.309380	123.00
0.309400	127.00
0.309420	129.00
0.309440	131.00
0.309460	132.00
0.309480	132.00
0.309500	129.00
0.309520	126.00
0.309540	122.00
0.309560	118.00
0.309580	116.00
0.309600	114.00
0.309620	113.00
0.309640	113.00
0.309660	115.00
0.309680	118.00
0.309700	121.00
0.309720	122.00
0.309740	122.00
0.309760	122.00
0.309780	122.00
0.309800	123.00
0.309820	125.00
0.309840	126.00
0.309860	126.00
0.309880	127.00
0.309900	127.00
0.309920	127.00
0.309940	125.00
0.309960	123.00
0.309980	122.00
0.310000	123.00
0.310020	126.00
0.310040	128.00
0.310060	129.00
0.310080	128.00
0.310100	126.00
0.310120	124.00
0.310140	124.00
0.310160	126.00
0.310180	127.00
0.310200	127.00
0.310220	127.00
0.310240	127.00
0.310260	128.00
0.310280	129.00
0.310300	131.00
0.310320	133.00
0.310340	133.00
0.310360	131.00
0.310380	127.00
0.310400	122.00
0.310420	119.00
0.310440	119.00
0.310460	121.00
0.310480	122.00
0.310500	122.00
0.310520	123.00
0.310540	125.00
0.310560	128.00
0.310580	129.00
0.310600	127.00
0.310620	123.00
0.310640	122.00
0.310660	124.00
0.310680	128.00
0.310700	129.00
0.310720	126.00
0.310740	121.00
0.310760	118.00
0.310780	118.00
0.310800	121.00
0.310820	124.00
0.310840	127.00
0.310860	130.00
0.310880	133.00
0.310900	135.00
0.310920	133.00
0.310940	129.00
0.310960	124.00
0.310980	121.00
0.311000	120.00
0.311020	120.00
0.311040	121.00
0.311060	125.00
0.311080	131.00
0.311100	135.00
0.311120	137.00
0.311140	135.00
0.311160	131.00
0.311180	128.00
0.311200	127.00
0.311220	126.00
0.311240	125.00
0.311260	124.00
0.311280	123.00
0.311300	123.00
0.311320	125.00
0.311340	127.00
0.311360	128.00
0.311380	129.00
0.311400	129.00
0.311420	127.00
0.311440	125.00
0.311460	123.00
0.311480	122.00
0.311500	122.00
0.311520	122.00
0.311540	122.00
0.311560	123.00
0.311580	125.00
0.311600	126.00
0.311620	126.00
0.311640	125.00
0.311660	124.00
0.311680	124.00
0.311700	124.00
0.311720	124.00
0.311740	122.00
0.311760	121.00
0.311780	122.00
0.311800	125.00
0.311820	128.00
0.311840	129.00
0.311860	128.00
0.311880	127.00
0.311900	126.00
0.311920	126.00
0.311940	127.00
0.311960	126.00
0.311980	124.00
0.312000	123.00
0.312020	122.00
0.312040	123.00
0.312060	125.00
0.312080	127.00
0.312100	130.00
0.312120	132.00
0.312140	132.00
0.312160	131.00
0.312180	130.00
0.312200	128.00
0.312220	127.00
0.312240	126.00
0.312260	125.00
0.312280	125.00
0.312300	126.00
0.312320	128.00
0.312340	128.00
0.312360	126.00
0.312380	123.00
0.312400	121.00
0.312420	122.00
0.312440	125.00
0.312460	129.00
0.312480	128.00
0.312500	124.00
0.312520	119.00
0.312540	115.00
0.312560	116.00
0.312580	119.00
0.312600	122.00
0.312620	122.00
0.312640	120.00
0.312660	117.00
0.312680	117.00
0.312700	120.00
0.312720	125.00
0.312740	128.00
0.312760	129.00
0.312780	128.00
0.312800	127.00
0.312820	127.00
0.312840	127.00
0.312860	128.00
0.312880	127.00
0.312900	126.00
0.312920	125.00
0.312940	125.00
0.312960	127.00
0.312980	127.00
0.313000	127.00
0.313020	126.00
0.313040	125.00
0.313060	127.00
0.313080	129.00
0.313100	130.00
0.313120	131.00
0.313140	131.00
0.313160	132.00
0.313180	133.00
0.313200	132.00
0.313220	128.00
0.313240	125.00
0.313260	123.00
0.313280	125.00
0.313300	127.00
0.313320	128.00
0.313340	127.00
0.313360	126.00
0.313380	124.00
0.313400	122.00
0.313420	118.00
0.313440	115.00
0.313460	114.00
0.313480	115.00
0.313500	118.00
0.313520	121.00
0.313540	124.00
0.313560	126.00
0.313580	128.00
0.313600	128.00
0.313620	127.00
0.313640	124.00
0.313660	121.00
0.313680	120.00
0.313700	121.00
0.313720	121.00
0.313740	122.00
0.313760	124.00
0.313780	129.00
0.313800	133.00
0.313820	136.00
0.313840	135.00
0.313860	133.00
0.313880	131.00
0.313900	129.00
0.313920	127.00
0.313940	125.00
0.313960	124.00
0.313980	124.00
0.314000	126.00
0.314020	127.00
0.314040	127.00
0.314060	126.00
0.314080	127.00
0.314100	129.00
0.314120	131.00
0.314140	130.00
0.314160	126.00
0.314180	123.00
0.314200	121.00
0.314220	120.00
0.314240	120.00
0.314260	120.00
0.314280	120.00
0.314300	120.00
0.314320	122.00
0.314340	123.00
0.314360	124.00
0.314380	125.00
0.314400	125.00
0.314420	124.00
0.314440	123.00
0.314460	123.00
0.314480	123.00
0.314500	124.00
0.314520	125.00
0.314540	125.00
0.314560	123.00
0.314580	122.00
0.314600	121.00
0.314620	121.00
0.314640	122.00
0.314660	124.00
0.314680	126.00
0.314700	128.00
0.314720	130.00
0.314740	131.00
0.314760	131.00
0.314780	130.00
0.314800	128.00
0.314820	128.00
0.314840	127.00
0.314860	127.00
0.314880	126.00
0.314900	127.00
0.314920	127.00
0.314940	128.00
0.314960	128.00
0.314980	128.00
0.315000	129.00
0.315020	129.00
0.315040	130.00
0.315060	130.00
0.315080	131.00
0.315100	131.00
0.315120	131.00
0.315140	131.00
0.315160	130.00
0.315180	128.00
0.315200	124.00
0.315220	121.00
0.315240	119.00
0.315260	119.00
0.315280	121.00
0.315300	124.00
0.315320	126.00
0.315340	127.00
0.315360	127.00
0.315380	126.00
0.315400	124.00
0.315420	120.00
0.315440	118.00
0.315460	117.00
0.315480	117.00
0.315500	118.00
0.315520	119.00
0.315540	122.00
0.315560	125.00
0.315580	129.00
0.315600	132.00
0.315620	132.00
0.315640	131.00
0.315660	132.00
0.315680	134.00
0.315700	135.00
0.315720	134.00
0.315740	130.00
0.315760	125.00
0.315780	124.00
0.315800	126.00
0.315820	129.00
0.315840	130.00
0.315860	129.00
0.315880	128.00
0.315900	128.00
0.315920	129.00
0.315940	128.00
0.315960	125.00
0.315980	122.00
0.316000	123.00
0.316020	126.00
0.316040	130.00
0.316060	131.00
0.316080	129.00
0.316100	126.00
0.316120	125.00
0.316140	126.00
0.316160	127.00
0.316180	126.00
0.316200	124.00
0.316220	123.00
0.316240	124.00
0.316260	125.00
0.316280	125.00
0.316300	124.00
0.316320	122.00
0.316340	121.00
0.316360	122.00
0.316380	123.00
0.316400	124.00
0.316420	125.00
0.316440	125.00
0.316460	125.00
0.316480	125.00
0.316500	125.00
0.316520	123.00
0.316540	121.00
0.316560	120.00
0.316580	122.00
0.316600	126.00
0.316620	130.00
0.316640	132.00
0.316660	131.00
0.316680	127.00
0.316700	122.00
0.316720	119.00
0.316740	119.00
0.316760	121.00
0.316780	123.00
0.316800	126.00
0.316820	127.00
0.316840	128.00
0.316860	127.00
0.316880	127.00
0.316900	128.00
0.316920	128.00
0.316940	127.00
0.316960	126.00
0.316980	126.00
0.317000	125.00
0.317020	124.00
0.317040	124.00
0.317060	125.00
0.317080	127.00
0.317100	129.00
0.317120	130.00
0.317140	130.00
0.317160	128.00
0.317180	128.00
0.317200	129.00
0.317220	130.00
0.317240	130.00
0.317260	126.00
0.317280	121.00
0.317300	118.00
0.317320	119.00
0.317340	121.00
0.317360	123.00
0.317380	122.00
0.317400	121.00
0.317420	121.00
0.317440	122.00
0.317460	122.00
0.317480	121.00
0.317500	120.00
0.317520	120.00
0.317540	122.00
0.317560	125.00
0.317580	128.00
0.317600	129.00
0.317620	129.00
0.317640	129.00
0.317660	129.00
0.317680	130.00
0.317700	130.00
0.317720	130.00
0.317740	129.00
0.317760	129.00
0.317780	128.00
0.317800	128.00
0.317820	128.00
0.317840	128.00
0.317860	128.00
0.317880	129.00
0.317900	130.00
0.317920	131.00
0.317940	131.00
0.317960	130.00
0.317980	127.00
0.318000	125.00
0.318020	124.00
0.318040	124.00
0.318060	124.00
0.318080	123.00
0.318100	124.00
0.318120	126.00
0.318140	128.00
0.318160	128.00
0.318180	126.00
0.318200	123.00
0.318220	122.00
0.318240	122.00
0.318260	124.00
0.318280	125.00
0.318300	125.00
0.318320	124.00
0.318340	125.00
0.318360	125.00
0.318380	124.00
0.318400	121.00
0.318420	118.00
0.318440	116.00
0.318460	116.00
0.318480	117.00
0.318500	116.00
0.318520	117.00
0.318540	120.00
0.318560	125.00
0.318580	130.00
0.318600	132.00
0.318620	130.00
0.318640	126.00
0.318660	124.00
0.318680	124.00
0.318700	124.00
0.318720	125.00
0.318740	124.00
0.318760	124.00
0.318780	125.00
0.318800	126.00
0.318820	128.00
0.318840	130.00
0.318860	132.00
0.318880	132.00
0.318900	131.00
0.318920	128.00
0.318940	125.00
0.318960	125.00
0.318980	126.00
0.319000	127.00
0.319020	129.00
0.319040	129.00
0.319060	130.00
0.319080	129.00
0.319100	127.00
0.319120	123.00
0.319140	120.00
0.319160	121.00
0.319180	125.00
0.319200	128.00
0.319220	128.00
0.319240	126.00
0.319260	125.00
0.319280	125.00
0.319300	124.00
0.319320	123.00
0.319340	120.00
0.319360	120.00
0.319380	122.00
