0.279400	100.00
0.279420	46.00
0.279440	98.00
0.279460	136.00
0.279480	138.00
0.279500	118.00
0.279520	105.00
0.279540	112.00
0.279560	127.00
0.279580	132.00
0.279600	126.00
0.279620	120.00
0.279640	122.00
0.279660	127.00
0.279680	128.00
0.279700	123.00
0.279720	119.00
0.279740	122.00
0.279760	126.00
0.279780	126.00
0.279800	122.00
0.279820	121.00
0.279840	126.00
0.279860	134.00
0.279880	136.00
0.279900	131.00
0.279920	126.00
0.279940	127.00
0.279960	131.00
0.279980	133.00
0.280000	132.00
0.280020	131.00
0.280040	131.00
0.280060	132.00
0.280080	130.00
0.280100	125.00
0.280120	122.00
0.280140	123.00
0.280160	127.00
0.280180	128.00
0.280200	128.00
0.280220	127.00
0.280240	127.00
0.280260	127.00
0.280280	124.00
0.280300	119.00
0.280320	117.00
0.280340	119.00
0.280360	123.00
0.280380	123.00
0.280400	120.00
0.280420	117.00
0.280440	119.00
0.280460	123.00
0.280480	125.00
0.280500	123.00
0.280520	119.00
0.280540	117.00
0.280560	121.00
0.280580	126.00
0.280600	129.00
0.280620	130.00
0.280640	129.00
0.280660	128.00
0.280680	125.00
0.280700	123.00
0.280720	121.00
0.280740	122.00
0.280760	125.00
0.280780	127.00
0.280800	128.00
0.280820	128.00
0.280840	128.00
0.280860	128.00
0.280880	127.00
0.280900	127.00
0.280920	129.00
0.280940	130.00
0.280960	129.00
0.280980	127.00
0.281000	125.00
0.281020	125.00
0.281040	128.00
0.281060	130.00
0.281080	129.00
0.281100	125.00
0.281120	123.00
0.281140	124.00
0.281160	128.00
0.281180	129.00
0.281200	127.00
0.281220	124.00
0.281240	123.00
0.281260	124.00
0.281280	125.00
0.281300	125.00
0.281320	123.00
0.281340	122.00
0.281360	122.00
0.281380	121.00
0.281400	121.00
0.281420	121.00
0.281440	122.00
0.281460	124.00
0.281480	127.00
0.281500	128.00
0.281520	129.00
0.281540	129.00
0.281560	129.00
0.281580	129.00
0.281600	128.00
0.281620	128.00
0.281640	129.00
0.281660	129.00
0.281680	128.00
0.281700	124.00
0.281720	123.00
0.281740	124.00
0.281760	126.00
0.281780	127.00
0.281800	126.00
0.281820	124.00
0.281840	124.00
0.281860	126.00
0.281880	128.00
0.281900	130.00
0.281920	130.00
0.281940	130.00
0.281960	129.00
0.281980	125.00
0.282000	122.00
0.282020	120.00
0.282040	121.00
0.282060	124.00
0.282080	127.00
0.282100	127.00
0.282120	126.00
0.282140	125.00
0.282160	125.00
0.282180	124.00
0.282200	123.00
0.282220	121.00
0.282240	122.00
0.282260	123.00
0.282280	123.00
0.282300	122.00
0.282320	122.00
0.282340	122.00
0.282360	123.00
0.282380	123.00
0.282400	122.00
0.282420	121.00
0.282440	122.00
0.282460	126.00
0.282480	129.00
0.282500	132.00
0.282520	133.00
0.282540	133.00
0.282560	131.00
0.282580	129.00
0.282600	126.00
0.282620	125.00
0.282640	124.00
0.282660	124.00
0.282680	123.00
0.282700	122.00
0.282720	122.00
0.282740	125.00
0.282760	127.00
0.282780	128.00
0.282800	129.00
0.282820	130.00
0.282840	133.00
0.282860	135.00
0.282880	135.00
0.282900	132.00
0.282920	128.00
0.282940	126.00
0.282960	125.00
0.282980	124.00
0.283000	123.00
0.283020	123.00
0.283040	125.00
0.283060	126.00
0.283080	125.00
0.283100	122.00
0.283120	119.00
0.283140	121.00
0.283160	125.00
0.283180	128.00
0.283200	127.00
0.283220	122.00
0.283240	117.00
0.283260	116.00
0.283280	118.00
0.283300	120.00
0.283320	120.00
0.283340	121.00
0.283360	121.00
0.283380	122.00
0.283400	122.00
0.283420	123.00
0.283440	124.00
0.283460	126.00
0.283480	128.00
0.283500	128.00
0.283520	127.00
0.283540	127.00
0.283560	127.00
0.283580	129.00
0.283600	131.00
0.283620	132.00
0.283640	132.00
0.283660	130.00
0.283680	129.00
0.283700	128.00
0.283720	128.00
0.283740	129.00
0.283760	131.00
0.283780	132.00
0.283800	133.00
0.283820	133.00
0.283840	132.00
0.283860	130.00
0.283880	127.00
0.283900	124.00
0.283920	123.00
0.283940	124.00
0.283960	126.00
0.283980	127.00
0.284000	125.00
0.284020	123.00
0.284040	122.00
0.284060	122.00
0.284080	123.00
0.284100	124.00
0.284120	125.00
0.284140	125.00
0.284160	124.00
0.284180	122.00
0.284200	120.00
0.284220	120.00
0.284240	121.00
0.284260	123.00
0.284280	124.00
0.284300	123.00
0.284320	122.00
0.284340	123.00
0.284360	126.00
0.284380	129.00
0.284400	129.00
0.284420	128.00
0.284440	127.00
0.284460	127.00
0.284480	128.00
0.284500	127.00
0.284520	126.00
0.284540	124.00
0.284560	123.00
0.284580	122.00
0.284600	122.00
0.284620	122.00
0.284640	124.00
0.284660	127.00
0.284680	130.00
0.284700	131.00
0.284720	129.00
0.284740	126.00
0.284760	124.00
0.284780	124.00
0.284800	126.00
0.284820	128.00
0.284840	129.00
0.284860	130.00
0.284880	129.00
0.284900	127.00
0.284920	124.00
0.284940	123.00
0.284960	123.00
0.284980	123.00
0.285000	123.00
0.285020	122.00
0.285040	122.00
0.285060	123.00
0.285080	126.00
0.285100	127.00
0.285120	126.00
0.285140	124.00
0.285160	121.00
0.285180	118.00
0.285200	118.00
0.285220	119.00
0.285240	121.00
0.285260	122.00
0.285280	122.00
0.285300	121.00
0.285320	121.00
0.285340	124.00
0.285360	128.00
0.285380	131.00
0.285400	132.00
0.285420	132.00
0.285440	132.00
0.285460	132.00
0.285480	132.00
0.285500	130.00
0.285520	127.00
0.285540	123.00
0.285560	121.00
0.285580	121.00
0.285600	123.00
0.285620	126.00
0.285640	128.00
0.285660	130.00
0.285680	130.00
0.285700	130.00
0.285720	131.00
0.285740	133.00
0.285760	136.00
0.285780	136.00
0.285800	133.00
0.285820	129.00
0.285840	126.00
0.285860	126.00
0.285880	128.00
0.285900	129.00
0.285920	130.00
0.285940	129.00
0.285960	128.00
0.285980	126.00
0.286000	125.00
0.286020	124.00
0.286040	124.00
0.286060	124.00
0.286080	123.00
0.286100	121.00
0.286120	118.00
0.286140	117.00
0.286160	119.00
0.286180	121.00
0.286200	123.00
0.286220	123.00
0.286240	123.00
0.286260	123.00
0.286280	122.00
0.286300	122.00
0.286320	122.00
0.286340	125.00
0.286360	128.00
0.286380	131.00
0.286400	131.00
0.286420	127.00
0.286440	122.00
0.286460	121.00
0.286480	123.00
0.286500	126.00
0.286520	127.00
0.286540	125.00
0.286560	123.00
0.286580	124.00
0.286600	126.00
0.286620	130.00
0.286640	131.00
0.286660	130.00
0.286680	128.00
0.286700	126.00
0.286720	125.00
0.286740	125.00
0.286760	126.00
0.286780	127.00
0.286800	127.00
0.286820	126.00
0.286840	125.00
0.286860	124.00
0.286880	124.00
0.286900	126.00
0.286920	127.00
0.286940	127.00
0.286960	125.00
0.286980	122.00
0.287000	120.00
0.287020	119.00
0.287040	121.00
0.287060	124.00
0.287080	124.00
0.287100	122.00
0.287120	118.00
0.287140	116.00
0.287160	116.00
0.287180	119.00
0.287200	123.00
0.287220	125.00
0.287240	128.00
0.287260	129.00
0.287280	132.00
0.287300	133.00
0.287320	132.00
0.287340	129.00
0.287360	126.00
0.287380	123.00
0.287400	123.00
0.287420	125.00
0.287440	125.00
0.287460	125.00
0.287480	123.00
0.287500	122.00
0.287520	123.00
0.287540	125.00
0.287560	126.00
0.287580	125.00
0.287600	124.00
0.287620	123.00
0.287640	125.00
0.287660	129.00
0.287680	131.00
0.287700	133.00
0.287720	132.00
0.287740	130.00
0.287760	128.00
0.287780	126.00
0.287800	126.00
0.287820	126.00
0.287840	128.00
0.287860	128.00
0.287880	128.00
0.287900	126.00
0.287920	125.00
0.287940	125.00
0.287960	126.00
0.287980	126.00
0.288000	125.00
0.288020	122.00
0.288040	120.00
0.288060	120.00
0.288080	121.00
0.288100	121.00
0.288120	121.00
0.288140	121.00
0.288160	121.00
0.288180	122.00
0.288200	122.00
0.288220	121.00
0.288240	120.00
0.288260	121.00
0.288280	123.00
0.288300	127.00
0.288320	130.00
0.288340	131.00
0.288360	130.00
0.288380	129.00
0.288400	129.00
0.288420	131.00
0.288440	133.00
0.288460	134.00
0.288480	132.00
0.288500	129.00
0.288520	127.00
0.288540	128.00
0.288560	129.00
0.288580	129.00
0.288600	128.00
0.288620	126.00
0.288640	126.00
0.288660	129.00
0.288680	130.00
0.288700	130.00
0.288720	127.00
0.288740	126.00
0.288760	127.00
0.288780	129.00
0.288800	129.00
0.288820	127.00
0.288840	124.00
0.288860	122.00
0.288880	123.00
0.288900	123.00
0.288920	123.00
0.288940	123.00
0.288960	124.00
0.288980	125.00
0.289000	126.00
0.289020	125.00
0.289040	124.00
0.289060	125.00
0.289080	125.00
0.289100	125.00
0.289120	123.00
0.289140	120.00
0.289160	120.00
0.289180	122.00
0.289200	125.00
0.289220	127.00
0.289240	126.00
0.289260	125.00
0.289280	125.00
0.289300	126.00
0.289320	127.00
0.289340	127.00
0.289360	127.00
0.289380	126.00
0.289400	126.00
0.289420	126.00
0.289440	127.00
0.289460	128.00
0.289480	129.00
0.289500	129.00
0.289520	129.00
0.289540	128.00
0.289560	127.00
0.289580	127.00
0.289600	128.00
0.289620	129.00
0.289640	129.00
0.289660	128.00
0.289680	126.00
0.289700	125.00
0.289720	125.00
0.289740	126.00
0.289760	126.00
0.289780	126.00
0.289800	125.00
0.289820	124.00
0.289840	124.00
0.289860	124.00
0.289880	124.00
0.289900	125.00
0.289920	127.00
0.289940	128.00
0.289960	128.00
0.289980	126.00
0.290000	123.00
0.290020	120.00
0.290040	120.00
0.290060	122.00
0.290080	122.00
0.290100	121.00
0.290120	117.00
0.290140	115.00
0.290160	117.00
0.290180	122.00
0.290200	128.00
0.290220	131.00
0.290240	131.00
0.290260	128.00
0.290280	125.00
0.290300	124.00
0.290320	124.00
0.290340	126.00
0.290360	127.00
0.290380	127.00
0.290400	126.00
0.290420	127.00
0.290440	129.00
0.290460	131.00
0.290480	132.00
0.290500	131.00
0.290520	130.00
0.290540	130.00
0.290560	131.00
0.290580	131.00
0.290600	131.00
0.290620	130.00
0.290640	130.00
0.290660	129.00
0.290680	128.00
0.290700	125.00
0.290720	122.00
0.290740	122.00
0.290760	124.00
0.290780	128.00
0.290800	129.00
0.290820	127.00
0.290840	123.00
0.290860	121.00
0.290880	120.00
0.290900	120.00
0.290920	121.00
0.290940	121.00
0.290960	121.00
0.290980	121.00
0.291000	120.00
0.291020	119.00
0.291040	120.00
0.291060	123.00
0.291080	127.00
0.291100	128.00
0.291120	125.00
0.291140	121.00
0.291160	119.00
0.291180	121.00
0.291200	125.00
0.291220	128.00
0.291240	129.00
0.291260	128.00
0.291280	127.00
0.291300	128.00
0.291320	128.00
0.291340	128.00
0.291360	128.00
0.291380	128.00
0.291400	128.00
0.291420	127.00
0.291440	126.00
0.291460	126.00
0.291480	127.00
0.291500	129.00
0.291520	131.00
0.291540	131.00
0.291560	129.00
0.291580	126.00
0.291600	123.00
0.291620	121.00
0.291640	121.00
0.291660	123.00
0.291680	126.00
0.291700	128.00
0.291720	127.00
0.291740	125.00
0.291760	124.00
0.291780	124.00
0.291800	126.00
0.291820	128.00
0.291840	126.00
0.291860	123.00
0.291880	119.00
0.291900	118.00
0.291920	120.00
0.291940	123.00
0.291960	124.00
0.291980	124.00
0.292000	123.00
0.292020	122.00
0.292040	122.00
0.292060	122.00
0.292080	122.00
0.292100	122.00
0.292120	123.00
0.292140	124.00
0.292160	126.00
0.292180	128.00
0.292200	129.00
0.292220	128.00
0.292240	126.00
0.292260	124.00
0.292280	123.00
0.292300	123.00
0.292320	124.00
0.292340	124.00
0.292360	126.00
0.292380	128.00
0.292400	130.00
0.292420	131.00
0.292440	129.00
0.292460	127.00
0.292480	124.00
0.292500	124.00
0.292520	126.00
0.292540	129.00
0.292560	129.00
0.292580	128.00
0.292600	126.00
0.292620	125.00
0.292640	126.00
0.292660	128.00
0.292680	130.00
0.292700	131.00
0.292720	131.00
0.292740	131.00
0.292760	132.00
0.292780	131.00
0.292800	129.00
0.292820	126.00
0.292840	123.00
0.292860	122.00
0.292880	124.00
0.292900	126.00
0.292920	127.00
0.292940	125.00
0.292960	121.00
0.292980	117.00
0.293000	115.00
0.293020	117.00
0.293040	121.00
0.293060	125.00
0.293080	128.00
0.293100	128.00
0.293120	128.00
0.293140	128.00
0.293160	128.00
0.293180	127.00
0.293200	125.00
0.293220	124.00
0.293240	124.00
0.293260	125.00
0.293280	126.00
0.293300	127.00
0.293320	128.00
0.293340	127.00
0.293360	126.00
0.293380	127.00
0.293400	129.00
0.293420	132.00
0.293440	133.00
0.293460	132.00
0.293480	130.00
0.293500	128.00
0.293520	129.00
0.293540	129.00
0.293560	128.00
0.293580	125.00
0.293600	121.00
0.293620	120.00
0.293640	122.00
0.293660	125.00
0.293680	126.00
0.293700	124.00
0.293720	122.00
0.293740	121.00
0.293760	121.00
0.293780	122.00
0.293800	122.00
0.293820	122.00
0.293840	122.00
0.293860	122.00
0.293880	121.00
0.293900	120.00
0.293920	118.00
0.293940	119.00
0.293960	122.00
0.293980	124.00
0.294000	125.00
0.294020	122.00
0.294040	120.00
0.294060	122.00
0.294080	126.00
0.294100	129.00
0.294120	129.00
0.294140	126.00
0.294160	122.00
0.294180	121.00
0.294200	122.00
0.294220	124.00
0.294240	126.00
0.294260	128.00
0.294280	129.00
0.294300	131.00
0.294320	131.00
0.294340	130.00
0.294360	128.00
0.294380	128.00
0.294400	129.00
0.294420	132.00
0.294440	134.00
0.294460	133.00
0.294480	131.00
0.294500	130.00
0.294520	130.00
0.294540	128.00
0.294560	125.00
0.294580	121.00
0.294600	118.00
0.294620	119.00
0.294640	123.00
0.294660	128.00
0.294680	130.00
0.294700	128.00
0.294720	125.00
0.294740	122.00
0.294760	119.00
0.294780	118.00
0.294800	119.00
0.294820	123.00
0.294840	128.00
0.294860	130.00
0.294880	128.00
0.294900	123.00
0.294920	118.00
0.294940	116.00
0.294960	115.00
0.294980	115.00
0.295000	117.00
0.295020	122.00
0.295040	131.00
0.295060	140.00
0.295080	145.00
0.295100	146.00
0.295120	142.00
0.295140	136.00
0.295160	129.00
0.295180	121.00
0.295200	112.00
0.295220	106.00
0.295240	105.00
0.295260	112.00
0.295280	124.00
0.295300	133.00
0.295320	138.00
0.295340	138.00
0.295360	136.00
0.295380	134.00
0.295400	131.00
0.295420	128.00
0.295440	124.00
0.295460	122.00
0.295480	124.00
0.295500	128.00
0.295520	133.00
0.295540	135.00
0.295560	134.00
0.295580	129.00
0.295600	123.00
0.295620	120.00
0.295640	120.00
0.295660	123.00
0.295680	126.00
0.295700	128.00
0.295720	127.00
0.295740	124.00
0.295760	121.00
0.295780	119.00
0.295800	118.00
0.295820	117.00
0.295840	118.00
0.295860	120.00
0.295880	123.00
0.295900	126.00
0.295920	128.00
0.295940	129.00
0.295960	129.00
0.295980	130.00
0.296000	130.00
0.296020	128.00
0.296040	125.00
0.296060	120.00
0.296080	117.00
0.296100	115.00
0.296120	117.00
0.296140	123.00
0.296160	132.00
0.296180	140.00
0.296200	145.00
0.296220	145.00
0.296240	140.00
0.296260	132.00
0.296280	124.00
0.296300	119.00
0.296320	117.00
0.296340	117.00
0.296360	117.00
0.296380	118.00
0.296400	119.00
0.296420	124.00
0.296440	133.00
0.296460	143.00
0.296480	151.00
0.296500	151.00
0.296520	145.00
0.296540	132.00
0.296560	116.00
0.296580	101.00
0.296600	92.00
0.296620	92.00
0.296640	102.00
0.296660	119.00
0.296680	135.00
0.296700	145.00
0.296720	146.00
0.296740	139.00
0.296760	130.00
0.296780	121.00
0.296800	115.00
0.296820	113.00
0.296840	115.00
0.296860	119.00
0.296880	121.00
0.296900	118.00
0.296920	113.00
0.296940	110.00
0.296960	115.00
0.296980	126.00
0.297000	138.00
0.297020	145.00
0.297040	146.00
0.297060	143.00
0.297080	139.00
0.297100	134.00
0.297120	128.00
0.297140	122.00
0.297160	117.00
0.297180	117.00
0.297200	117.00
0.297220	117.00
0.297240	115.00
0.297260	116.00
0.297280	123.00
0.297300	137.00
0.297320	154.00
0.297340	166.00
0.297360	169.00
0.297380	162.00
0.297400	147.00
0.297420	126.00
0.297440	102.00
0.297460	83.00
0.297480	75.00
0.297500	83.00
0.297520	106.00
0.297540	134.00
0.297560	158.00
0.297580	170.00
0.297600	165.00
0.297620	148.00
0.297640	125.00
0.297660	104.00
0.297680	94.00
0.297700	96.00
0.297720	106.00
0.297740	117.00
0.297760	122.00
0.297780	119.00
0.297800	111.00
0.297820	105.00
0.297840	107.00
0.297860	119.00
0.297880	136.00
0.297900	153.00
0.297920	161.00
0.297940	157.00
0.297960	141.00
0.297980	120.00
0.298000	101.00
0.298020	91.00
0.298040	93.00
0.298060	104.00
0.298080	120.00
0.298100	135.00
0.298120	145.00
0.298140	151.00
0.298160	151.00
0.298180	148.00
0.298200	141.00
0.298220	133.00
0.298240	123.00
0.298260	115.00
0.298280	108.00
0.298300	105.00
0.298320	107.00
0.298340	112.00
0.298360	121.00
0.298380	132.00
0.298400	143.00
0.298420	151.00
0.298440	153.00
0.298460	147.00
0.298480	135.00
0.298500	122.00
0.298520	111.00
0.298540	107.00
0.298560	109.00
0.298580	114.00
0.298600	119.00
0.298620	121.00
0.298640	121.00
0.298660	119.00
0.298680	118.00
0.298700	119.00
0.298720	122.00
0.298740	127.00
0.298760	131.00
0.298780	133.00
0.298800	132.00
0.298820	128.00
0.298840	122.00
0.298860	115.00
0.298880	110.00
0.298900	109.00
0.298920	113.00
0.298940	122.00
0.298960	132.00
0.298980	139.00
0.299000	140.00
0.299020	135.00
0.299040	129.00
0.299060	124.00
0.299080	125.00
0.299100	130.00
0.299120	137.00
0.299140	142.00
0.299160	141.00
0.299180	131.00
0.299200	117.00
0.299220	103.00
0.299240	97.00
0.299260	104.00
0.299280	121.00
0.299300	142.00
0.299320	159.00
0.299340	166.00
0.299360	161.00
0.299380	147.00
0.299400	128.00
0.299420	110.00
0.299440	98.00
0.299460	97.00
0.299480	105.00
0.299500	119.00
0.299520	133.00
0.299540	142.00
0.299560	144.00
0.299580	138.00
0.299600	127.00
0.299620	117.00
0.299640	111.00
0.299660	109.00
0.299680	112.00
0.299700	118.00
0.299720	124.00
0.299740	129.00
0.299760	130.00
0.299780	128.00
0.299800	122.00
0.299820	116.00
0.299840	113.00
0.299860	116.00
0.299880	122.00
0.299900	128.00
0.299920	131.00
0.299940	132.00
0.299960	130.00
0.299980	127.00
0.300000	123.00
0.300020	118.00
0.300040	115.00
0.300060	115.00
0.300080	118.00
0.300100	123.00
0.300120	127.00
0.300140	129.00
0.300160	130.00
0.300180	130.00
0.300200	129.00
0.300220	129.00
0.300240	129.00
0.300260	131.00
0.300280	134.00
0.300300	135.00
0.300320	131.00
0.300340	125.00
0.300360	118.00
0.300380	113.00
0.300400	110.00
0.300420	110.00
0.300440	115.00
0.300460	123.00
0.300480	133.00
0.300500	140.00
0.300520	142.00
0.300540	139.00
0.300560	131.00
0.300580	121.00
0.300600	112.00
0.300620	105.00
0.300640	101.00
0.300660	103.00
0.300680	113.00
0.300700	126.00
0.300720	137.00
0.300740	144.00
0.300760	144.00
0.300780	140.00
0.300800	133.00
0.300820	126.00
0.300840	119.00
0.300860	114.00
0.300880	112.00
0.300900	114.00
0.300920	119.00
0.300940	125.00
0.300960	130.00
0.300980	134.00
0.301000	135.00
0.301020	135.00
0.301040	134.00
0.301060	132.00
0.301080	129.00
0.301100	124.00
0.301120	119.00
0.301140	116.00
0.301160	120.00
0.301180	129.00
0.301200	141.00
0.301220	148.00
0.301240	148.00
0.301260	141.00
0.301280	129.00
0.301300	117.00
0.301320	108.00
0.301340	103.00
0.301360	104.00
0.301380	113.00
0.301400	125.00
0.301420	138.00
0.301440	147.00
0.301460	150.00
0.301480	144.00
0.301500	131.00
0.301520	115.00
0.301540	102.00
0.301560	98.00
0.301580	105.00
0.301600	118.00
0.301620	130.00
0.301640	137.00
0.301660	137.00
0.301680	135.00
0.301700	133.00
0.301720	129.00
0.301740	123.00
0.301760	118.00
0.301780	115.00
0.301800	116.00
0.301820	119.00
0.301840	123.00
0.301860	127.00
0.301880	131.00
0.301900	135.00
0.301920	138.00
0.301940	136.00
0.301960	132.00
0.301980	128.00
0.302000	125.00
0.302020	124.00
0.302040	124.00
0.302060	124.00
0.302080	125.00
0.302100	128.00
0.302120	132.00
0.302140	134.00
0.302160	134.00
0.302180	132.00
0.302200	130.00
0.302220	128.00
0.302240	124.00
0.302260	121.00
0.302280	120.00
0.302300	122.00
0.302320	124.00
0.302340	124.00
0.302360	121.00
0.302380	118.00
0.302400	119.00
0.302420	123.00
0.302440	128.00
0.302460	130.00
0.302480	129.00
0.302500	126.00
0.302520	123.00
0.302540	120.00
0.302560	117.00
0.302580	114.00
0.302600	115.00
0.302620	119.00
0.302640	125.00
0.302660	129.00
0.302680	129.00
0.302700	128.00
0.302720	126.00
0.302740	123.00
0.302760	120.00
0.302780	117.00
0.302800	116.00
0.302820	118.00
0.302840	123.00
0.302860	128.00
0.302880	131.00
0.302900	131.00
0.302920	129.00
0.302940	126.00
0.302960	123.00
0.302980	120.00
0.303000	121.00
0.303020	126.00
0.303040	132.00
0.303060	135.00
0.303080	133.00
0.303100	126.00
0.303120	119.00
0.303140	117.00
0.303160	120.00
0.303180	127.00
0.303200	132.00
0.303220	134.00
0.303240	132.00
0.303260	130.00
0.303280	126.00
0.303300	120.00
0.303320	115.00
0.303340	112.00
0.303360	114.00
0.303380	119.00
0.303400	124.00
0.303420	126.00
0.303440	124.00
0.303460	121.00
0.303480	122.00
0.303500	124.00
0.303520	127.00
0.303540	126.00
0.303560	124.00
0.303580	122.00
0.303600	122.00
0.303620	123.00
0.303640	122.00
0.303660	120.00
0.303680	119.00
0.303700	121.00
0.303720	127.00
0.303740	134.00
0.303760	140.00
0.303780	141.00
0.303800	138.00
0.303820	133.00
0.303840	127.00
0.303860	122.00
0.303880	119.00
0.303900	120.00
0.303920	124.00
0.303940	130.00
0.303960	134.00
0.303980	136.00
0.304000	136.00
0.304020	134.00
0.304040	132.00
0.304060	131.00
0.304080	130.00
0.304100	129.00
0.304120	129.00
0.304140	129.00
0.304160	129.00
0.304180	129.00
0.304200	128.00
0.304220	126.00
0.304240	124.00
0.304260	121.00
0.304280	120.00
0.304300	121.00
0.304320	123.00
0.304340	123.00
0.304360	123.00
0.304380	123.00
0.304400	124.00
0.304420	125.00
0.304440	125.00
0.304460	124.00
0.304480	122.00
0.304500	120.00
0.304520	119.00
0.304540	119.00
0.304560	119.00
0.304580	120.00
0.304600	122.00
0.304620	125.00
0.304640	127.00
0.304660	128.00
0.304680	129.00
0.304700	131.00
0.304720	132.00
0.304740	130.00
0.304760	125.00
0.304780	120.00
0.304800	119.00
0.304820	121.00
0.304840	125.00
0.304860	129.00
0.304880	131.00
0.304900	132.00
0.304920	132.00
0.304940	130.00
0.304960	127.00
0.304980	125.00
0.305000	124.00
0.305020	124.00
0.305040	125.00
0.305060	126.00
0.305080	127.00
0.305100	129.00
0.305120	133.00
0.305140	136.00
0.305160	135.00
0.305180	130.00
0.305200	126.00
0.305220	124.00
0.305240	124.00
0.305260	124.00
0.305280	121.00
0.305300	119.00
0.305320	120.00
0.305340	124.00
0.305360	130.00
0.305380	132.00
0.305400	130.00
0.305420	125.00
0.305440	119.00
0.305460	115.00
0.305480	113.00
0.305500	115.00
0.305520	118.00
0.305540	123.00
0.305560	126.00
0.305580	126.00
0.305600	126.00
0.305620	128.00
0.305640	130.00
0.305660	131.00
0.305680	129.00
0.305700	125.00
0.305720	120.00
0.305740	120.00
0.305760	122.00
0.305780	126.00
0.305800	129.00
0.305820	132.00
0.305840	133.00
0.305860	133.00
0.305880	131.00
0.305900	129.00
0.305920	127.00
0.305940	125.00
0.305960	125.00
0.305980	123.00
0.306000	123.00
0.306020	124.00
0.306040	127.00
0.306060	130.00
0.306080	132.00
0.306100	130.00
0.306120	127.00
0.306140	125.00
0.306160	123.00
0.306180	122.00
0.306200	119.00
0.306220	117.00
0.306240	116.00
0.306260	117.00
0.306280	119.00
0.306300	120.00
0.306320	121.00
0.306340	122.00
0.306360	123.00
0.306380	124.00
0.306400	125.00
0.306420	125.00
0.306440	123.00
0.306460	122.00
0.306480	120.00
0.306500	119.00
0.306520	120.00
0.306540	121.00
0.306560	122.00
0.306580	125.00
0.306600	128.00
0.306620	133.00
0.306640	138.00
0.306660	141.00
0.306680	140.00
0.306700	135.00
0.306720	129.00
0.306740	124.00
0.306760	121.00
0.306780	120.00
0.306800	120.00
0.306820	124.00
0.306840	129.00
0.306860	135.00
0.306880	139.00
0.306900	140.00
0.306920	138.00
0.306940	136.00
0.306960	133.00
0.306980	128.00
0.307000	123.00
0.307020	119.00
0.307040	119.00
0.307060	121.00
0.307080	124.00
0.307100	125.00
0.307120	127.00
0.307140	128.00
0.307160	130.00
0.307180	129.00
0.307200	124.00
0.307220	118.00
0.307240	116.00
0.307260	118.00
0.307280	121.00
0.307300	123.00
0.307320	121.00
0.307340	119.00
0.307360	119.00
0.307380	121.00
0.307400	124.00
0.307420	124.00
0.307440	122.00
0.307460	121.00
0.307480	121.00
0.307500	122.00
0.307520	122.00
0.307540	123.00
0.307560	125.00
0.307580	127.00
0.307600	128.00
0.307620	128.00
0.307640	127.00
0.307660	128.00
0.307680	131.00
0.307700	135.00
0.307720	136.00
0.307740	134.00
0.307760	131.00
0.307780	130.00
0.307800	130.00
0.307820	130.00
0.307840	129.00
0.307860	126.00
0.307880	124.00
0.307900	125.00
0.307920	126.00
0.307940	126.00
0.307960	125.00
0.307980	124.00
0.308000	124.00
0.308020	125.00
0.308040	125.00
0.308060	124.00
0.308080	123.00
0.308100	123.00
0.308120	124.00
0.308140	126.00
0.308160	127.00
0.308180	127.00
0.308200	126.00
0.308220	125.00
0.308240	124.00
0.308260	122.00
0.308280	120.00
0.308300	117.00
0.308320	115.00
0.308340	116.00
0.308360	119.00
0.308380	124.00
0.308400	128.00
0.308420	131.00
0.308440	131.00
0.308460	129.00
0.308480	127.00
0.308500	125.00
0.308520	124.00
0.308540	125.00
0.308560	128.00
0.308580	131.00
0.308600	134.00
0.308620	136.00
0.308640	135.00
0.308660	133.00
0.308680	129.00
0.308700	125.00
0.308720	122.00
0.308740	121.00
0.308760	122.00
0.308780	124.00
0.308800	128.00
0.308820	131.00
0.308840	133.00
0.308860	132.00
0.308880	130.00
0.308900	127.00
0.308920	127.00
0.308940	129.00
0.308960	131.00
0.308980	133.00
0.309000	132.00
0.309020	128.00
0.309040	123.00
0.309060	119.00
0.309080	119.00
0.309100	121.00
0.309120	123.00
0.309140	125.00
0.309160	126.00
0.309180	127.00
0.309200	126.00
0.309220	124.00
0.309240	121.00
0.309260	119.00
0.309280	118.00
0.309300	118.00
0.309320	119.00
0.309340	120.00
0.309360	120.00
0.309380	120.00
0.309400	122.00
0.309420	124.00
0.309440	125.00
0.309460	126.00
0.309480	125.00
0.309500	124.00
0.309520	122.00
0.309540	122.00
0.309560	123.00
0.309580	125.00
0.309600	126.00
0.309620	126.00
0.309640	126.00
0.309660	126.00
0.309680	128.00
0.309700	132.00
0.309720	135.00
0.309740	136.00
0.309760	135.00
0.309780	131.00
0.309800	127.00
0.309820	123.00
0.309840	121.00
0.309860	122.00
0.309880	124.00
0.309900	127.00
0.309920	129.00
0.309940	129.00
0.309960	127.00
0.309980	125.00
0.310000	123.00
0.310020	123.00
0.310040	122.00
0.310060	122.00
0.310080	122.00
0.310100	122.00
0.310120	123.00
0.310140	124.00
0.310160	124.00
0.310180	123.00
0.310200	122.00
0.310220	122.00
0.310240	122.00
0.310260	121.00
0.310280	121.00
0.310300	122.00
0.310320	123.00
0.310340	125.00
0.310360	126.00
0.310380	126.00
0.310400	125.00
0.310420	124.00
0.310440	124.00
0.310460	124.00
0.310480	126.00
0.310500	128.00
0.310520	129.00
0.310540	128.00
0.310560	125.00
0.310580	122.00
0.310600	120.00
0.310620	121.00
0.310640	122.00
0.310660	125.00
0.310680	127.00
0.310700	130.00
0.310720	133.00
0.310740	135.00
0.310760	135.00
0.310780	134.00
0.310800	130.00
0.310820	125.00
0.310840	122.00
0.310860	120.00
0.310880	120.00
0.310900	124.00
0.310920	128.00
0.310940	132.00
0.310960	133.00
0.310980	131.00
0.311000	127.00
0.311020	122.00
0.311040	119.00
0.311060	118.00
0.311080	118.00
0.311100	121.00
0.311120	123.00
0.311140	125.00
0.311160	127.00
0.311180	128.00
0.311200	129.00
0.311220	129.00
0.311240	126.00
0.311260	122.00
0.311280	118.00
0.311300	116.00
0.311320	118.00
0.311340	122.00
0.311360	127.00
0.311380	129.00
0.311400	130.00
0.311420	129.00
0.311440	128.00
0.311460	126.00
0.311480	123.00
0.311500	121.00
0.311520	121.00
0.311540	125.00
0.311560	128.00
0.311580	129.00
0.311600	127.00
0.311620	125.00
0.311640	126.00
0.311660	130.00
0.311680	134.00
0.311700	135.00
0.311720	131.00
0.311740	125.00
0.311760	122.00
0.311780	123.00
0.311800	127.00
0.311820	129.00
0.311840	130.00
0.311860	130.00
0.311880	129.00
0.311900	129.00
0.311920	129.00
0.311940	129.00
0.311960	130.00
0.311980	130.00
0.312000	129.00
0.312020	126.00
0.312040	122.00
0.312060	120.00
0.312080	122.00
0.312100	125.00
0.312120	127.00
0.312140	125.00
0.312160	121.00
0.312180	118.00
0.312200	119.00
0.312220	123.00
0.312240	127.00
0.312260	127.00
0.312280	125.00
0.312300	123.00
0.312320	123.00
0.312340	125.00
0.312360	127.00
0.312380	129.00
0.312400	128.00
0.312420	127.00
0.312440	125.00
0.312460	125.00
0.312480	127.00
0.312500	130.00
0.312520	130.00
0.312540	128.00
0.312560	124.00
0.312580	121.00
0.312600	121.00
0.312620	123.00
0.312640	125.00
0.312660	125.00
0.312680	125.00
0.312700	126.00
0.312720	128.00
0.312740	132.00
0.312760	133.00
0.312780	133.00
0.312800	131.00
0.312820	130.00
0.312840	130.00
0.312860	129.00
0.312880	125.00
0.312900	120.00
0.312920	116.00
0.312940	116.00
0.312960	119.00
0.312980	122.00
0.313000	123.00
0.313020	123.00
0.313040	123.00
0.313060	125.00
0.313080	127.00
0.313100	128.00
0.313120	126.00
0.313140	122.00
0.313160	119.00
0.313180	119.00
0.313200	120.00
0.313220	121.00
0.313240	121.00
0.313260	122.00
0.313280	126.00
0.313300	130.00
0.313320	132.00
0.313340	131.00
0.313360	127.00
0.313380	125.00
0.313400	124.00
0.313420	123.00
0.313440	122.00
0.313460	121.00
0.313480	122.00
0.313500	126.00
0.313520	129.00
0.313540	130.00
0.313560	129.00
0.313580	128.00
0.313600	129.00
0.313620	132.00
0.313640	133.00
0.313660	132.00
0.313680	129.00
0.313700	127.00
0.313720	128.00
0.313740	130.00
0.313760	132.00
0.313780	132.00
0.313800	131.00
0.313820	130.00
0.313840	129.00
0.313860	126.00
0.313880	122.00
0.313900	119.00
0.313920	118.00
0.313940	119.00
0.313960	120.00
0.313980	120.00
0.314000	121.00
0.314020	121.00
0.314040	122.00
0.314060	123.00
0.314080	123.00
0.314100	123.00
0.314120	121.00
0.314140	119.00
0.314160	117.00
0.314180	118.00
0.314200	120.00
0.314220	122.00
0.314240	125.00
0.314260	126.00
0.314280	128.00
0.314300	130.00
0.314320	131.00
0.314340	131.00
0.314360	129.00
0.314380	127.00
0.314400	125.00
0.314420	123.00
0.314440	122.00
0.314460	122.00
0.314480	123.00
0.314500	126.00
0.314520	129.00
0.314540	130.00
0.314560	128.00
0.314580	127.00
0.314600	129.00
0.314620	133.00
0.314640	137.00
0.314660	136.00
0.314680	133.00
0.314700	128.00
0.314720	126.00
0.314740	127.00
0.314760	129.00
0.314780	130.00
0.314800	129.00
0.314820	129.00
0.314840	129.00
0.314860	129.00
0.314880	129.00
0.314900	127.00
0.314920	126.00
0.314940	125.00
0.314960	125.00
0.314980	125.00
0.315000	124.00
0.315020	124.00
0.315040	122.00
0.315060	119.00
0.315080	118.00
0.315100	119.00
0.315120	122.00
0.315140	125.00
0.315160	126.00
0.315180	124.00
0.315200	121.00
0.315220	121.00
0.315240	122.00
0.315260	124.00
0.315280	124.00
0.315300	124.00
0.315320	125.00
0.315340	127.00
0.315360	128.00
0.315380	128.00
0.315400	127.00
0.315420	126.00
0.315440	127.00
0.315460	127.00
0.315480	127.00
0.315500	126.00
0.315520	125.00
0.315540	124.00
0.315560	124.00
0.315580	126.00
0.315600	130.00
0.315620	133.00
0.315640	135.00
0.315660	134.00
0.315680	130.00
0.315700	125.00
0.315720	124.00
0.315740	124.00
0.315760	125.00
0.315780	124.00
0.315800	122.00
0.315820	121.00
0.315840	123.00
0.315860	125.00
0.315880	125.00
0.315900	123.00
0.315920	120.00
0.315940	118.00
0.315960	118.00
0.315980	118.00
0.316000	119.00
0.316020	122.00
0.316040	126.00
0.316060	129.00
0.316080	128.00
0.316100	124.00
0.316120	120.00
0.316140	118.00
0.316160	120.00
0.316180	123.00
0.316200	125.00
0.316220	125.00
0.316240	124.00
0.316260	125.00
0.316280	126.00
0.316300	127.00
0.316320	127.00
0.316340	126.00
0.316360	124.00
0.316380	124.00
0.316400	124.00
0.316420	124.00
0.316440	124.00
0.316460	125.00
0.316480	127.00
0.316500	129.00
0.316520	132.00
0.316540	134.00
0.316560	135.00
0.316580	135.00
0.316600	133.00
0.316620	131.00
0.316640	129.00
0.316660	129.00
0.316680	128.00
0.316700	126.00
0.316720	123.00
0.316740	122.00
0.316760	123.00
0.316780	127.00
0.316800	130.00
0.316820	130.00
0.316840	128.00
0.316860	126.00
0.316880	125.00
0.316900	125.00
0.316920	124.00
0.316940	122.00
0.316960	119.00
0.316980	118.00
0.317000	119.00
0.317020	122.00
0.317040	123.00
0.317060	123.00
0.317080	123.00
0.317100	123.00
0.317120	124.00
0.317140	124.00
0.317160	124.00
0.317180	124.00
0.317200	126.00
0.317220	129.00
0.317240	131.00
0.317260	130.00
0.317280	124.00
0.317300	119.00
0.317320	117.00
0.317340	119.00
0.317360	124.00
0.317380	128.00
0.317400	129.00
0.317420	129.00
0.317440	129.00
0.317460	129.00
0.317480	130.00
0.317500	129.00
0.317520	130.00
0.317540	132.00
0.317560	134.00
0.317580	135.00
0.317600	134.00
0.317620	133.00
0.317640	132.00
0.317660	131.00
0.317680	131.00
0.317700	130.00
0.317720	127.00
0.317740	125.00
0.317760	123.00
0.317780	122.00
0.317800	123.00
0.317820	124.00
0.317840	125.00
0.317860	125.00
0.317880	123.00
0.317900	120.00
0.317920	117.00
0.317940	118.00
0.317960	121.00
0.317980	123.00
0.318000	122.00
0.318020	119.00
0.318040	115.00
0.318060	115.00
0.318080	116.00
0.318100	119.00
0.318120	121.00
0.318140	124.00
0.318160	127.00
0.318180	128.00
0.318200	126.00
0.318220	123.00
0.318240	121.00
0.318260	123.00
0.318280	126.00
0.318300	129.00
0.318320	129.00
0.318340	128.00
0.318360	127.00
0.318380	128.00
0.318400	129.00
0.318420	129.00
0.318440	127.00
0.318460	126.00
0.318480	127.00
0.318500	131.00
0.318520	135.00
0.318540	136.00
0.318560	135.00
0.318580	132.00
0.318600	130.00
0.318620	130.00
0.318640	129.00
0.318660	128.00
0.318680	126.00
0.318700	123.00
0.318720	122.00
0.318740	122.00
0.318760	123.00
0.318780	123.00
0.318800	123.00
0.318820	123.00
0.318840	124.00
0.318860	124.00
0.318880	125.00
0.318900	125.00
0.318920	124.00
0.318940	121.00
0.318960	116.00
0.318980	113.00
0.319000	114.00
0.319020	118.00
0.319040	125.00
0.319060	129.00
0.319080	129.00
0.319100	126.00
0.319120	125.00
0.319140	128.00
0.319160	132.00
0.319180	134.00
0.319200	132.00
0.319220	127.00
0.319240	123.00
0.319260	123.00
0.319280	126.00
0.319300	127.00
0.319320	126.00
0.319340	124.00
0.319360	123.00
0.319380	124.00
