0.279400	102.00
0.279420	51.00
0.279440	102.00
0.279460	141.00
0.279480	146.00
0.279500	130.00
0.279520	117.00
0.279540	122.00
0.279560	135.00
0.279580	139.00
0.279600	132.00
0.279620	126.00
0.279640	127.00
0.279660	133.00
0.279680	134.00
0.279700	130.00
0.279720	125.00
0.279740	127.00
0.279760	132.00
0.279780	133.00
0.279800	128.00
0.279820	123.00
0.279840	122.00
0.279860	125.00
0.279880	127.00
0.279900	125.00
0.279920	123.00
0.279940	123.00
0.279960	125.00
0.279980	126.00
0.280000	125.00
0.280020	124.00
0.280040	126.00
0.280060	128.00
0.280080	128.00
0.280100	127.00
0.280120	125.00
0.280140	125.00
0.280160	124.00
0.280180	122.00
0.280200	118.00
0.280220	116.00
0.280240	118.00
0.280260	121.00
0.280280	122.00
0.280300	121.00
0.280320	121.00
0.280340	124.00
0.280360	129.00
0.280380	131.00
0.280400	130.00
0.280420	127.00
0.280440	127.00
0.280460	129.00
0.280480	130.00
0.280500	128.00
0.280520	126.00
0.280540	124.00
0.280560	126.00
0.280580	128.00
0.280600	129.00
0.280620	130.00
0.280640	131.00
0.280660	132.00
0.280680	133.00
0.280700	132.00
0.280720	131.00
0.280740	130.00
0.280760	130.00
0.280780	131.00
0.280800	129.00
0.280820	127.00
0.280840	125.00
0.280860	124.00
0.280880	124.00
0.280900	123.00
0.280920	122.00
0.280940	121.00
0.280960	121.00
0.280980	121.00
0.281000	122.00
0.281020	123.00
0.281040	122.00
0.281060	121.00
0.281080	121.00
0.281100	122.00
0.281120	124.00
0.281140	125.00
0.281160	123.00
0.281180	121.00
0.281200	118.00
0.281220	118.00
0.281240	120.00
0.281260	122.00
0.281280	123.00
0.281300	123.00
0.281320	123.00
0.281340	124.00
0.281360	125.00
0.281380	127.00
0.281400	127.00
0.281420	126.00
0.281440	124.00
0.281460	123.00
0.281480	123.00
0.281500	126.00
0.281520	130.00
0.281540	133.00
0.281560	134.00
0.281580	131.00
0.281600	127.00
0.281620	125.00
0.281640	126.00
0.281660	129.00
0.281680	131.00
0.281700	131.00
0.281720	131.00
0.281740	130.00
0.281760	130.00
0.281780	129.00
0.281800	127.00
0.281820	126.00
0.281840	125.00
0.281860	125.00
0.281880	124.00
0.281900	124.00
0.281920	124.00
0.281940	125.00
0.281960	124.00
0.281980	123.00
0.282000	121.00
0.282020	120.00
0.282040	122.00
0.282060	124.00
0.282080	124.00
0.282100	123.00
0.282120	122.00
0.282140	122.00
0.282160	123.00
0.282180	125.00
0.282200	126.00
0.282220	125.00
0.282240	123.00
0.282260	123.00
0.282280	123.00
0.282300	125.00
0.282320	126.00
0.282340	128.00
0.282360	128.00
0.282380	127.00
0.282400	126.00
0.282420	126.00
0.282440	126.00
0.282460	126.00
0.282480	125.00
0.282500	125.00
0.282520	127.00
0.282540	130.00
0.282560	131.00
0.282580	131.00
0.282600	130.00
0.282620	131.00
0.282640	133.00
0.282660	135.00
0.282680	133.00
0.282700	129.00
0.282720	126.00
0.282740	126.00
0.282760	129.00
0.282780	131.00
0.282800	130.00
0.282820	127.00
0.282840	126.00
0.282860	126.00
0.282880	126.00
0.282900	124.00
0.282920	120.00
0.282940	118.00
0.282960	119.00
0.282980	122.00
0.283000	124.00
0.283020	125.00
0.283040	124.00
0.283060	123.00
0.283080	122.00
0.283100	122.00
0.283120	124.00
0.283140	126.00
0.283160	128.00
0.283180	127.00
0.283200	125.00
0.283220	124.00
0.283240	127.00
0.283260	131.00
0.283280	133.00
0.283300	132.00
0.283320	128.00
0.283340	124.00
0.283360	123.00
0.283380	124.00
0.283400	125.00
0.283420	126.00
0.283440	126.00
0.283460	126.00
0.283480	126.00
0.283500	127.00
0.283520	129.00
0.283540	132.00
0.283560	133.00
0.283580	133.00
0.283600	131.00
0.283620	128.00
0.283640	126.00
0.283660	126.00
0.283680	126.00
0.283700	127.00
0.283720	128.00
0.283740	129.00
0.283760	128.00
0.283780	125.00
0.283800	121.00
0.283820	119.00
0.283840	119.00
0.283860	122.00
0.283880	125.00
0.283900	125.00
0.283920	123.00
0.283940	121.00
0.283960	121.00
0.283980	122.00
0.284000	123.00
0.284020	123.00
0.284040	121.00
0.284060	120.00
0.284080	119.00
0.284100	119.00
0.284120	119.00
0.284140	121.00
0.284160	124.00
0.284180	126.00
0.284200	127.00
0.284220	127.00
0.284240	126.00
0.284260	126.00
0.284280	126.00
0.284300	125.00
0.284320	124.00
0.284340	123.00
0.284360	123.00
0.284380	126.00
0.284400	129.00
0.284420	131.00
0.284440	131.00
0.284460	129.00
0.284480	126.00
0.284500	124.00
0.284520	124.00
0.284540	127.00
0.284560	129.00
0.284580	131.00
0.284600	130.00
0.284620	127.00
0.284640	124.00
0.284660	123.00
0.284680	124.00
0.284700	127.00
0.284720	128.00
0.284740	128.00
0.284760	127.00
0.284780	126.00
0.284800	124.00
0.284820	123.00
0.284840	122.00
0.284860	121.00
0.284880	122.00
0.284900	123.00
0.284920	124.00
0.284940	126.00
0.284960	125.00
0.284980	123.00
0.285000	119.00
0.285020	116.00
0.285040	115.00
0.285060	117.00
0.285080	120.00
0.285100	122.00
0.285120	122.00
0.285140	123.00
0.285160	126.00
0.285180	129.00
0.285200	131.00
0.285220	131.00
0.285240	129.00
0.285260	127.00
0.285280	128.00
0.285300	130.00
0.285320	132.00
0.285340	133.00
0.285360	132.00
0.285380	131.00
0.285400	129.00
0.285420	129.00
0.285440	129.00
0.285460	129.00
0.285480	129.00
0.285500	130.00
0.285520	130.00
0.285540	130.00
0.285560	128.00
0.285580	126.00
0.285600	125.00
0.285620	126.00
0.285640	127.00
0.285660	127.00
0.285680	125.00
0.285700	123.00
0.285720	121.00
0.285740	120.00
0.285760	120.00
0.285780	120.00
0.285800	121.00
0.285820	122.00
0.285840	124.00
0.285860	124.00
0.285880	123.00
0.285900	121.00
0.285920	120.00
0.285940	121.00
0.285960	123.00
0.285980	124.00
0.286000	123.00
0.286020	122.00
0.286040	122.00
0.286060	123.00
0.286080	125.00
0.286100	126.00
0.286120	126.00
0.286140	127.00
0.286160	128.00
0.286180	128.00
0.286200	127.00
0.286220	125.00
0.286240	123.00
0.286260	124.00
0.286280	127.00
0.286300	128.00
0.286320	128.00
0.286340	126.00
0.286360	125.00
0.286380	126.00
0.286400	127.00
0.286420	129.00
0.286440	130.00
0.286460	131.00
0.286480	132.00
0.286500	132.00
0.286520	130.00
0.286540	128.00
0.286560	126.00
0.286580	126.00
0.286600	128.00
0.286620	130.00
0.286640	131.00
0.286660	131.00
0.286680	131.00
0.286700	129.00
0.286720	127.00
0.286740	125.00
0.286760	123.00
0.286780	123.00
0.286800	124.00
0.286820	124.00
0.286840	123.00
0.286860	121.00
0.286880	121.00
0.286900	122.00
0.286920	122.00
0.286940	122.00
0.286960	120.00
0.286980	118.00
0.287000	118.00
0.287020	119.00
0.287040	120.00
0.287060	121.00
0.287080	123.00
0.287100	126.00
0.287120	129.00
0.287140	130.00
0.287160	128.00
0.287180	125.00
0.287200	124.00
0.287220	127.00
0.287240	131.00
0.287260	133.00
0.287280	131.00
0.287300	128.00
0.287320	125.00
0.287340	126.00
0.287360	128.00
0.287380	129.00
0.287400	128.00
0.287420	127.00
0.287440	129.00
0.287460	132.00
0.287480	134.00
0.287500	134.00
0.287520	131.00
0.287540	129.00
0.287560	129.00
0.287580	130.00
0.287600	131.00
0.287620	131.00
0.287640	131.00
0.287660	131.00
0.287680	130.00
0.287700	128.00
0.287720	125.00
0.287740	121.00
0.287760	118.00
0.287780	117.00
0.287800	118.00
0.287820	120.00
0.287840	122.00
0.287860	122.00
0.287880	120.00
0.287900	118.00
0.287920	115.00
0.287940	113.00
0.287960	113.00
0.287980	115.00
0.288000	118.00
0.288020	121.00
0.288040	124.00
0.288060	126.00
0.288080	127.00
0.288100	127.00
0.288120	128.00
0.288140	127.00
0.288160	126.00
0.288180	126.00
0.288200	126.00
0.288220	128.00
0.288240	130.00
0.288260	130.00
0.288280	129.00
0.288300	127.00
0.288320	125.00
0.288340	125.00
0.288360	127.00
0.288380	128.00
0.288400	129.00
0.288420	129.00
0.288440	128.00
0.288460	128.00
0.288480	129.00
0.288500	129.00
0.288520	128.00
0.288540	127.00
0.288560	126.00
0.288580	125.00
0.288600	126.00
0.288620	126.00
0.288640	125.00
0.288660	125.00
0.288680	125.00
0.288700	125.00
0.288720	123.00
0.288740	120.00
0.288760	117.00
0.288780	117.00
0.288800	119.00
0.288820	121.00
0.288840	121.00
0.288860	117.00
0.288880	114.00
0.288900	113.00
0.288920	117.00
0.288940	121.00
0.288960	124.00
0.288980	124.00
0.289000	124.00
0.289020	128.00
0.289040	133.00
0.289060	137.00
0.289080	137.00
0.289100	132.00
0.289120	126.00
0.289140	123.00
0.289160	122.00
0.289180	122.00
0.289200	122.00
0.289220	122.00
0.289240	123.00
0.289260	126.00
0.289280	127.00
0.289300	129.00
0.289320	131.00
0.289340	134.00
0.289360	136.00
0.289380	138.00
0.289400	137.00
0.289420	135.00
0.289440	133.00
0.289460	130.00
0.289480	126.00
0.289500	121.00
0.289520	117.00
0.289540	114.00
0.289560	115.00
0.289580	118.00
0.289600	120.00
0.289620	122.00
0.289640	125.00
0.289660	128.00
0.289680	131.00
0.289700	132.00
0.289720	130.00
0.289740	127.00
0.289760	125.00
0.289780	123.00
0.289800	122.00
0.289820	120.00
0.289840	119.00
0.289860	119.00
0.289880	119.00
0.289900	120.00
0.289920	122.00
0.289940	124.00
0.289960	126.00
0.289980	129.00
0.290000	131.00
0.290020	132.00
0.290040	132.00
0.290060	132.00
0.290080	130.00
0.290100	127.00
0.290120	125.00
0.290140	124.00
0.290160	124.00
0.290180	125.00
0.290200	126.00
0.290220	125.00
0.290240	124.00
0.290260	123.00
0.290280	123.00
0.290300	124.00
0.290320	126.00
0.290340	128.00
0.290360	131.00
0.290380	132.00
0.290400	132.00
0.290420	130.00
0.290440	127.00
0.290460	126.00
0.290480	126.00
0.290500	127.00
0.290520	128.00
0.290540	127.00
0.290560	125.00
0.290580	122.00
0.290600	120.00
0.290620	120.00
0.290640	121.00
0.290660	123.00
0.290680	124.00
0.290700	125.00
0.290720	125.00
0.290740	125.00
0.290760	126.00
0.290780	127.00
0.290800	127.00
0.290820	126.00
0.290840	124.00
0.290860	123.00
0.290880	122.00
0.290900	122.00
0.290920	124.00
0.290940	127.00
0.290960	130.00
0.290980	132.00
0.291000	133.00
0.291020	132.00
0.291040	129.00
0.291060	126.00
0.291080	123.00
0.291100	121.00
0.291120	120.00
0.291140	122.00
0.291160	126.00
0.291180	130.00
0.291200	132.00
0.291220	131.00
0.291240	128.00
0.291260	127.00
0.291280	127.00
0.291300	129.00
0.291320	131.00
0.291340	132.00
0.291360	130.00
0.291380	127.00
0.291400	125.00
0.291420	124.00
0.291440	125.00
0.291460	125.00
0.291480	126.00
0.291500	125.00
0.291520	125.00
0.291540	125.00
0.291560	126.00
0.291580	126.00
0.291600	125.00
0.291620	124.00
0.291640	123.00
0.291660	123.00
0.291680	123.00
0.291700	124.00
0.291720	124.00
0.291740	123.00
0.291760	122.00
0.291780	120.00
0.291800	120.00
0.291820	120.00
0.291840	121.00
0.291860	122.00
0.291880	123.00
0.291900	126.00
0.291920	128.00
0.291940	128.00
0.291960	124.00
0.291980	120.00
0.292000	116.00
0.292020	116.00
0.292040	118.00
0.292060	121.00
0.292080	123.00
0.292100	125.00
0.292120	129.00
0.292140	132.00
0.292160	135.00
0.292180	135.00
0.292200	132.00
0.292220	128.00
0.292240	127.00
0.292260	128.00
0.292280	130.00
0.292300	131.00
0.292320	130.00
0.292340	127.00
0.292360	127.00
0.292380	128.00
0.292400	130.00
0.292420	131.00
0.292440	130.00
0.292460	129.00
0.292480	128.00
0.292500	128.00
0.292520	128.00
0.292540	127.00
0.292560	125.00
0.292580	122.00
0.292600	121.00
0.292620	121.00
0.292640	122.00
0.292660	123.00
0.292680	122.00
0.292700	119.00
0.292720	117.00
0.292740	115.00
0.292760	115.00
0.292780	117.00
0.292800	120.00
0.292820	123.00
0.292840	125.00
0.292860	125.00
0.292880	124.00
0.292900	123.00
0.292920	123.00
0.292940	123.00
0.292960	122.00
0.292980	122.00
0.293000	122.00
0.293020	123.00
0.293040	125.00
0.293060	127.00
0.293080	128.00
0.293100	129.00
0.293120	129.00
0.293140	128.00
0.293160	127.00
0.293180	126.00
0.293200	126.00
0.293220	128.00
0.293240	130.00
0.293260	131.00
0.293280	131.00
0.293300	131.00
0.293320	131.00
0.293340	131.00
0.293360	130.00
0.293380	128.00
0.293400	126.00
0.293420	126.00
0.293440	126.00
0.293460	126.00
0.293480	124.00
0.293500	123.00
0.293520	122.00
0.293540	123.00
0.293560	124.00
0.293580	125.00
0.293600	125.00
0.293620	126.00
0.293640	127.00
0.293660	128.00
0.293680	126.00
0.293700	122.00
0.293720	119.00
0.293740	119.00
0.293760	122.00
0.293780	125.00
0.293800	127.00
0.293820	126.00
0.293840	125.00
0.293860	126.00
0.293880	128.00
0.293900	127.00
0.293920	124.00
0.293940	121.00
0.293960	120.00
0.293980	123.00
0.294000	128.00
0.294020	130.00
0.294040	129.00
0.294060	125.00
0.294080	123.00
0.294100	124.00
0.294120	127.00
0.294140	130.00
0.294160	131.00
0.294180	130.00
0.294200	128.00
0.294220	128.00
0.294240	128.00
0.294260	129.00
0.294280	129.00
0.294300	129.00
0.294320	128.00
0.294340	127.00
0.294360	127.00
0.294380	126.00
0.294400	126.00
0.294420	125.00
0.294440	125.00
0.294460	125.00
0.294480	126.00
0.294500	126.00
0.294520	126.00
0.294540	124.00
0.294560	120.00
0.294580	118.00
0.294600	116.00
0.294620	117.00
0.294640	119.00
0.294660	121.00
0.294680	122.00
0.294700	124.00
0.294720	124.00
0.294740	125.00
0.294760	123.00
0.294780	121.00
0.294800	120.00
0.294820	123.00
0.294840	129.00
0.294860	135.00
0.294880	138.00
0.294900	135.00
0.294920	130.00
0.294940	125.00
0.294960	121.00
0.294980	117.00
0.295000	115.00
0.295020	116.00
0.295040	123.00
0.295060	131.00
0.295080	138.00
0.295100	141.00
0.295120	139.00
0.295140	135.00
0.295160	130.00
0.295180	123.00
0.295200	115.00
0.295220	109.00
0.295240	109.00
0.295260	116.00
0.295280	130.00
0.295300	143.00
0.295320	150.00
0.295340	150.00
0.295360	143.00
0.295380	131.00
0.295400	118.00
0.295420	107.00
0.295440	102.00
0.295460	103.00
0.295480	108.00
0.295500	115.00
0.295520	122.00
0.295540	127.00
0.295560	129.00
0.295580	129.00
0.295600	127.00
0.295620	124.00
0.295640	122.00
0.295660	124.00
0.295680	126.00
0.295700	128.00
0.295720	126.00
0.295740	123.00
0.295760	118.00
0.295780	117.00
0.295800	118.00
0.295820	121.00
0.295840	126.00
0.295860	131.00
0.295880	135.00
0.295900	138.00
0.295920	138.00
0.295940	136.00
0.295960	133.00
0.295980	129.00
0.296000	125.00
0.296020	120.00
0.296040	116.00
0.296060	113.00
0.296080	113.00
0.296100	116.00
0.296120	120.00
0.296140	126.00
0.296160	133.00
0.296180	138.00
0.296200	142.00
0.296220	142.00
0.296240	140.00
0.296260	137.00
0.296280	133.00
0.296300	129.00
0.296320	123.00
0.296340	115.00
0.296360	107.00
0.296380	101.00
0.296400	102.00
0.296420	109.00
0.296440	123.00
0.296460	141.00
0.296480	156.00
0.296500	161.00
0.296520	151.00
0.296540	129.00
0.296560	101.00
0.296580	79.00
0.296600	69.00
0.296620	76.00
0.296640	96.00
0.296660	121.00
0.296680	144.00
0.296700	159.00
0.296720	161.00
0.296740	153.00
0.296760	140.00
0.296780	128.00
0.296800	122.00
0.296820	123.00
0.296840	129.00
0.296860	133.00
0.296880	134.00
0.296900	129.00
0.296920	122.00
0.296940	116.00
0.296960	116.00
0.296980	123.00
0.297000	136.00
0.297020	149.00
0.297040	159.00
0.297060	162.00
0.297080	157.00
0.297100	144.00
0.297120	127.00
0.297140	110.00
0.297160	97.00
0.297180	92.00
0.297200	94.00
0.297220	102.00
0.297240	114.00
0.297260	128.00
0.297280	142.00
0.297300	151.00
0.297320	155.00
0.297340	153.00
0.297360	146.00
0.297380	134.00
0.297400	117.00
0.297420	98.00
0.297440	81.00
0.297460	75.00
0.297480	82.00
0.297500	101.00
0.297520	124.00
0.297540	145.00
0.297560	158.00
0.297580	160.00
0.297600	152.00
0.297620	137.00
0.297640	121.00
0.297660	110.00
0.297680	108.00
0.297700	114.00
0.297720	121.00
0.297740	125.00
0.297760	124.00
0.297780	121.00
0.297800	119.00
0.297820	121.00
0.297840	128.00
0.297860	137.00
0.297880	146.00
0.297900	151.00
0.297920	148.00
0.297940	136.00
0.297960	117.00
0.297980	98.00
0.298000	89.00
0.298020	93.00
0.298040	109.00
0.298060	131.00
0.298080	150.00
0.298100	161.00
0.298120	162.00
0.298140	153.00
0.298160	140.00
0.298180	128.00
0.298200	119.00
0.298220	114.00
0.298240	113.00
0.298260	115.00
0.298280	117.00
0.298300	118.00
0.298320	116.00
0.298340	114.00
0.298360	115.00
0.298380	121.00
0.298400	133.00
0.298420	143.00
0.298440	148.00
0.298460	144.00
0.298480	133.00
0.298500	120.00
0.298520	109.00
0.298540	102.00
0.298560	100.00
0.298580	102.00
0.298600	110.00
0.298620	120.00
0.298640	129.00
0.298660	136.00
0.298680	138.00
0.298700	137.00
0.298720	135.00
0.298740	132.00
0.298760	129.00
0.298780	127.00
0.298800	127.00
0.298820	126.00
0.298840	124.00
0.298860	120.00
0.298880	116.00
0.298900	116.00
0.298920	119.00
0.298940	124.00
0.298960	130.00
0.298980	134.00
0.299000	136.00
0.299020	137.00
0.299040	136.00
0.299060	133.00
0.299080	130.00
0.299100	128.00
0.299120	128.00
0.299140	129.00
0.299160	128.00
0.299180	124.00
0.299200	117.00
0.299220	109.00
0.299240	105.00
0.299260	107.00
0.299280	114.00
0.299300	126.00
0.299320	138.00
0.299340	146.00
0.299360	147.00
0.299380	139.00
0.299400	126.00
0.299420	111.00
0.299440	100.00
0.299460	96.00
0.299480	102.00
0.299500	114.00
0.299520	128.00
0.299540	138.00
0.299560	139.00
0.299580	134.00
0.299600	127.00
0.299620	121.00
0.299640	119.00
0.299660	120.00
0.299680	124.00
0.299700	129.00
0.299720	134.00
0.299740	137.00
0.299760	136.00
0.299780	131.00
0.299800	124.00
0.299820	119.00
0.299840	117.00
0.299860	118.00
0.299880	122.00
0.299900	127.00
0.299920	131.00
0.299940	134.00
0.299960	134.00
0.299980	132.00
0.300000	130.00
0.300020	128.00
0.300040	125.00
0.300060	123.00
0.300080	123.00
0.300100	124.00
0.300120	127.00
0.300140	128.00
0.300160	126.00
0.300180	122.00
0.300200	118.00
0.300220	118.00
0.300240	122.00
0.300260	128.00
0.300280	132.00
0.300300	132.00
0.300320	129.00
0.300340	122.00
0.300360	115.00
0.300380	110.00
0.300400	109.00
0.300420	112.00
0.300440	119.00
0.300460	126.00
0.300480	133.00
0.300500	137.00
0.300520	138.00
0.300540	135.00
0.300560	129.00
0.300580	121.00
0.300600	115.00
0.300620	113.00
0.300640	114.00
0.300660	119.00
0.300680	125.00
0.300700	131.00
0.300720	137.00
0.300740	141.00
0.300760	141.00
0.300780	137.00
0.300800	131.00
0.300820	125.00
0.300840	122.00
0.300860	120.00
0.300880	120.00
0.300900	123.00
0.300920	127.00
0.300940	132.00
0.300960	134.00
0.300980	135.00
0.301000	134.00
0.301020	132.00
0.301040	129.00
0.301060	124.00
0.301080	119.00
0.301100	115.00
0.301120	113.00
0.301140	114.00
0.301160	117.00
0.301180	121.00
0.301200	126.00
0.301220	131.00
0.301240	136.00
0.301260	137.00
0.301280	135.00
0.301300	127.00
0.301320	117.00
0.301340	108.00
0.301360	105.00
0.301380	109.00
0.301400	121.00
0.301420	135.00
0.301440	146.00
0.301460	148.00
0.301480	142.00
0.301500	130.00
0.301520	118.00
0.301540	109.00
0.301560	106.00
0.301580	109.00
0.301600	117.00
0.301620	127.00
0.301640	136.00
0.301660	141.00
0.301680	140.00
0.301700	137.00
0.301720	134.00
0.301740	130.00
0.301760	127.00
0.301780	123.00
0.301800	120.00
0.301820	120.00
0.301840	124.00
0.301860	129.00
0.301880	133.00
0.301900	135.00
0.301920	135.00
0.301940	134.00
0.301960	132.00
0.301980	128.00
0.302000	124.00
0.302020	122.00
0.302040	122.00
0.302060	123.00
0.302080	124.00
0.302100	125.00
0.302120	127.00
0.302140	129.00
0.302160	129.00
0.302180	127.00
0.302200	125.00
0.302220	123.00
0.302240	124.00
0.302260	125.00
0.302280	123.00
0.302300	119.00
0.302320	117.00
0.302340	118.00
0.302360	122.00
0.302380	126.00
0.302400	127.00
0.302420	128.00
0.302440	128.00
0.302460	127.00
0.302480	125.00
0.302500	121.00
0.302520	119.00
0.302540	120.00
0.302560	124.00
0.302580	127.00
0.302600	129.00
0.302620	130.00
0.302640	130.00
0.302660	131.00
0.302680	131.00
0.302700	128.00
0.302720	125.00
0.302740	123.00
0.302760	123.00
0.302780	124.00
0.302800	125.00
0.302820	127.00
0.302840	128.00
0.302860	131.00
0.302880	132.00
0.302900	132.00
0.302920	130.00
0.302940	128.00
0.302960	127.00
0.302980	127.00
0.303000	127.00
0.303020	128.00
0.303040	128.00
0.303060	129.00
0.303080	129.00
0.303100	127.00
0.303120	125.00
0.303140	123.00
0.303160	122.00
0.303180	123.00
0.303200	124.00
0.303220	125.00
0.303240	126.00
0.303260	126.00
0.303280	125.00
0.303300	121.00
0.303320	118.00
0.303340	115.00
0.303360	116.00
0.303380	118.00
0.303400	122.00
0.303420	124.00
0.303440	126.00
0.303460	127.00
0.303480	129.00
0.303500	132.00
0.303520	135.00
0.303540	136.00
0.303560	135.00
0.303580	132.00
0.303600	129.00
0.303620	126.00
0.303640	123.00
0.303660	120.00
0.303680	118.00
0.303700	119.00
0.303720	123.00
0.303740	128.00
0.303760	134.00
0.303780	135.00
0.303800	133.00
0.303820	128.00
0.303840	123.00
0.303860	120.00
0.303880	118.00
0.303900	117.00
0.303920	118.00
0.303940	122.00
0.303960	126.00
0.303980	129.00
0.304000	130.00
0.304020	129.00
0.304040	126.00
0.304060	123.00
0.304080	120.00
0.304100	118.00
0.304120	119.00
0.304140	123.00
0.304160	127.00
0.304180	129.00
0.304200	128.00
0.304220	125.00
0.304240	122.00
0.304260	120.00
0.304280	117.00
0.304300	114.00
0.304320	112.00
0.304340	112.00
0.304360	115.00
0.304380	119.00
0.304400	123.00
0.304420	127.00
0.304440	132.00
0.304460	137.00
0.304480	139.00
0.304500	137.00
0.304520	131.00
0.304540	124.00
0.304560	119.00
0.304580	118.00
0.304600	118.00
0.304620	121.00
0.304640	125.00
0.304660	130.00
0.304680	132.00
0.304700	132.00
0.304720	129.00
0.304740	126.00
0.304760	124.00
0.304780	123.00
0.304800	124.00
0.304820	125.00
0.304840	127.00
0.304860	130.00
0.304880	133.00
0.304900	133.00
0.304920	130.00
0.304940	127.00
0.304960	124.00
0.304980	123.00
0.305000	122.00
0.305020	122.00
0.305040	123.00
0.305060	124.00
0.305080	125.00
0.305100	125.00
0.305120	124.00
0.305140	123.00
0.305160	121.00
0.305180	120.00
0.305200	119.00
0.305220	117.00
0.305240	116.00
0.305260	115.00
0.305280	116.00
0.305300	118.00
0.305320	121.00
0.305340	125.00
0.305360	130.00
0.305380	133.00
0.305400	133.00
0.305420	131.00
0.305440	127.00
0.305460	124.00
0.305480	121.00
0.305500	120.00
0.305520	120.00
0.305540	124.00
0.305560	130.00
0.305580	135.00
0.305600	137.00
0.305620	136.00
0.305640	134.00
0.305660	133.00
0.305680	131.00
0.305700	129.00
0.305720	126.00
0.305740	124.00
0.305760	126.00
0.305780	129.00
0.305800	132.00
0.305820	133.00
0.305840	134.00
0.305860	135.00
0.305880	136.00
0.305900	134.00
0.305920	129.00
0.305940	121.00
0.305960	115.00
0.305980	114.00
0.306000	119.00
0.306020	126.00
0.306040	131.00
0.306060	132.00
0.306080	129.00
0.306100	125.00
0.306120	121.00
0.306140	119.00
0.306160	118.00
0.306180	117.00
0.306200	117.00
0.306220	116.00
0.306240	117.00
0.306260	119.00
0.306280	123.00
0.306300	126.00
0.306320	129.00
0.306340	131.00
0.306360	132.00
0.306380	132.00
0.306400	132.00
0.306420	130.00
0.306440	126.00
0.306460	122.00
0.306480	119.00
0.306500	118.00
0.306520	119.00
0.306540	121.00
0.306560	123.00
0.306580	124.00
0.306600	125.00
0.306620	128.00
0.306640	132.00
0.306660	136.00
0.306680	138.00
0.306700	139.00
0.306720	137.00
0.306740	134.00
0.306760	129.00
0.306780	123.00
0.306800	120.00
0.306820	120.00
0.306840	124.00
0.306860	129.00
0.306880	133.00
0.306900	134.00
0.306920	132.00
0.306940	128.00
0.306960	125.00
0.306980	121.00
0.307000	117.00
0.307020	115.00
0.307040	117.00
0.307060	122.00
0.307080	128.00
0.307100	131.00
0.307120	131.00
0.307140	131.00
0.307160	130.00
0.307180	129.00
0.307200	125.00
0.307220	120.00
0.307240	116.00
0.307260	115.00
0.307280	116.00
0.307300	120.00
0.307320	123.00
0.307340	127.00
0.307360	130.00
0.307380	133.00
0.307400	133.00
0.307420	131.00
0.307440	128.00
0.307460	126.00
0.307480	127.00
0.307500	127.00
0.307520	126.00
0.307540	125.00
0.307560	124.00
0.307580	124.00
0.307600	125.00
0.307620	126.00
0.307640	127.00
0.307660	129.00
0.307680	131.00
0.307700	132.00
0.307720	132.00
0.307740	130.00
0.307760	131.00
0.307780	133.00
0.307800	135.00
0.307820	134.00
0.307840	130.00
0.307860	124.00
0.307880	121.00
0.307900	121.00
0.307920	122.00
0.307940	123.00
0.307960	123.00
0.307980	123.00
0.308000	124.00
0.308020	126.00
0.308040	126.00
0.308060	125.00
0.308080	123.00
0.308100	121.00
0.308120	119.00
0.308140	118.00
0.308160	118.00
0.308180	119.00
0.308200	121.00
0.308220	124.00
0.308240	124.00
0.308260	123.00
0.308280	122.00
0.308300	122.00
0.308320	124.00
0.308340	127.00
0.308360	130.00
0.308380	131.00
0.308400	131.00
0.308420	130.00
0.308440	128.00
0.308460	126.00
0.308480	124.00
0.308500	121.00
0.308520	119.00
0.308540	120.00
0.308560	126.00
0.308580	132.00
0.308600	137.00
0.308620	138.00
0.308640	135.00
0.308660	131.00
0.308680	127.00
0.308700	126.00
0.308720	125.00
0.308740	125.00
0.308760	125.00
0.308780	126.00
0.308800	128.00
0.308820	129.00
0.308840	128.00
0.308860	125.00
0.308880	124.00
0.308900	124.00
0.308920	124.00
0.308940	123.00
0.308960	121.00
0.308980	119.00
0.309000	119.00
0.309020	120.00
0.309040	122.00
0.309060	122.00
0.309080	121.00
0.309100	121.00
0.309120	123.00
0.309140	126.00
0.309160	128.00
0.309180	127.00
0.309200	124.00
0.309220	122.00
0.309240	122.00
0.309260	123.00
0.309280	123.00
0.309300	123.00
0.309320	125.00
0.309340	128.00
0.309360	131.00
0.309380	132.00
0.309400	130.00
0.309420	127.00
0.309440	125.00
0.309460	125.00
0.309480	126.00
0.309500	127.00
0.309520	125.00
0.309540	123.00
0.309560	122.00
0.309580	123.00
0.309600	124.00
0.309620	124.00
0.309640	123.00
0.309660	123.00
0.309680	125.00
0.309700	128.00
0.309720	131.00
0.309740	130.00
0.309760	127.00
0.309780	124.00
0.309800	121.00
0.309820	120.00
0.309840	119.00
0.309860	120.00
0.309880	121.00
0.309900	124.00
0.309920	127.00
0.309940	129.00
0.309960	130.00
0.309980	129.00
0.310000	127.00
0.310020	123.00
0.310040	120.00
0.310060	118.00
0.310080	118.00
0.310100	121.00
0.310120	125.00
0.310140	126.00
0.310160	125.00
0.310180	125.00
0.310200	126.00
0.310220	128.00
0.310240	129.00
0.310260	127.00
0.310280	126.00
0.310300	126.00
0.310320	127.00
0.310340	128.00
0.310360	128.00
0.310380	126.00
0.310400	127.00
0.310420	129.00
0.310440	131.00
0.310460	132.00
0.310480	132.00
0.310500	132.00
0.310520	133.00
0.310540	133.00
0.310560	132.00
0.310580	128.00
0.310600	124.00
0.310620	124.00
0.310640	125.00
0.310660	128.00
0.310680	128.00
0.310700	126.00
0.310720	124.00
0.310740	122.00
0.310760	122.00
0.310780	123.00
0.310800	123.00
0.310820	122.00
0.310840	120.00
0.310860	118.00
0.310880	117.00
0.310900	119.00
0.310920	123.00
0.310940	127.00
0.310960	128.00
0.310980	125.00
0.311000	120.00
0.311020	116.00
0.311040	114.00
0.311060	114.00
0.311080	116.00
0.311100	118.00
0.311120	121.00
0.311140	126.00
0.311160	131.00
0.311180	134.00
0.311200	132.00
0.311220	127.00
0.311240	123.00
0.311260	121.00
0.311280	122.00
0.311300	125.00
0.311320	128.00
0.311340	131.00
0.311360	134.00
0.311380	135.00
0.311400	135.00
0.311420	132.00
0.311440	128.00
0.311460	125.00
0.311480	123.00
0.311500	123.00
0.311520	124.00
0.311540	126.00
0.311560	129.00
0.311580	132.00
0.311600	134.00
0.311620	133.00
0.311640	130.00
0.311660	127.00
0.311680	126.00
0.311700	125.00
0.311720	125.00
0.311740	124.00
0.311760	124.00
0.311780	123.00
0.311800	123.00
0.311820	123.00
0.311840	123.00
0.311860	122.00
0.311880	122.00
0.311900	121.00
0.311920	120.00
0.311940	119.00
0.311960	118.00
0.311980	118.00
0.312000	118.00
0.312020	118.00
0.312040	117.00
0.312060	118.00
0.312080	119.00
0.312100	122.00
0.312120	124.00
0.312140	126.00
0.312160	127.00
0.312180	127.00
0.312200	127.00
0.312220	128.00
0.312240	129.00
0.312260	130.00
0.312280	129.00
0.312300	127.00
0.312320	126.00
0.312340	125.00
0.312360	126.00
0.312380	126.00
0.312400	127.00
0.312420	128.00
0.312440	129.00
0.312460	131.00
0.312480	133.00
0.312500	133.00
0.312520	132.00
0.312540	130.00
0.312560	128.00
0.312580	128.00
0.312600	127.00
0.312620	127.00
0.312640	126.00
0.312660	126.00
0.312680	126.00
0.312700	126.00
0.312720	125.00
0.312740	123.00
0.312760	123.00
0.312780	123.00
0.312800	125.00
0.312820	127.00
0.312840	126.00
0.312860	124.00
0.312880	122.00
0.312900	121.00
0.312920	122.00
0.312940	122.00
0.312960	123.00
0.312980	123.00
0.313000	125.00
0.313020	128.00
0.313040	130.00
0.313060	130.00
0.313080	127.00
0.313100	124.00
0.313120	122.00
0.313140	123.00
0.313160	124.00
0.313180	125.00
0.313200	124.00
0.313220	122.00
0.313240	123.00
0.313260	126.00
0.313280	130.00
0.313300	132.00
0.313320	133.00
0.313340	131.00
0.313360	130.00
0.313380	128.00
0.313400	128.00
0.313420	127.00
0.313440	128.00
0.313460	128.00
0.313480	128.00
0.313500	128.00
0.313520	127.00
0.313540	127.00
0.313560	128.00
0.313580	129.00
0.313600	130.00
0.313620	129.00
0.313640	127.00
0.313660	125.00
0.313680	123.00
0.313700	122.00
0.313720	121.00
0.313740	122.00
0.313760	123.00
0.313780	126.00
0.313800	127.00
0.313820	126.00
0.313840	123.00
0.313860	119.00
0.313880	117.00
0.313900	117.00
0.313920	117.00
0.313940	118.00
0.313960	119.00
0.313980	122.00
0.314000	127.00
0.314020	131.00
0.314040	132.00
0.314060	132.00
0.314080	130.00
0.314100	128.00
0.314120	126.00
0.314140	125.00
0.314160	125.00
0.314180	124.00
0.314200	124.00
0.314220	123.00
0.314240	122.00
0.314260	121.00
0.314280	123.00
0.314300	126.00
0.314320	129.00
0.314340	131.00
0.314360	132.00
0.314380	133.00
0.314400	134.00
0.314420	136.00
0.314440	135.00
0.314460	131.00
0.314480	127.00
0.314500	124.00
0.314520	124.00
0.314540	126.00
0.314560	127.00
0.314580	127.00
0.314600	126.00
0.314620	125.00
0.314640	125.00
0.314660	125.00
0.314680	124.00
0.314700	124.00
0.314720	124.00
0.314740	125.00
0.314760	124.00
0.314780	122.00
0.314800	120.00
0.314820	119.00
0.314840	120.00
0.314860	121.00
0.314880	119.00
0.314900	115.00
0.314920	112.00
0.314940	114.00
0.314960	119.00
0.314980	123.00
0.315000	125.00
0.315020	124.00
0.315040	122.00
0.315060	124.00
0.315080	128.00
0.315100	132.00
0.315120	132.00
0.315140	130.00
0.315160	128.00
0.315180	127.00
0.315200	127.00
0.315220	126.00
0.315240	124.00
0.315260	122.00
0.315280	121.00
0.315300	123.00
0.315320	126.00
0.315340	129.00
0.315360	132.00
0.315380	133.00
0.315400	133.00
0.315420	132.00
0.315440	131.00
0.315460	129.00
0.315480	127.00
0.315500	124.00
0.315520	121.00
0.315540	119.00
0.315560	120.00
0.315580	125.00
0.315600	129.00
0.315620	131.00
0.315640	130.00
0.315660	127.00
0.315680	125.00
0.315700	123.00
0.315720	123.00
0.315740	123.00
0.315760	124.00
0.315780	125.00
0.315800	125.00
0.315820	124.00
0.315840	121.00
0.315860	118.00
0.315880	117.00
0.315900	116.00
0.315920	116.00
0.315940	115.00
0.315960	114.00
0.315980	116.00
0.316000	122.00
0.316020	131.00
0.316040	136.00
0.316060	137.00
0.316080	132.00
0.316100	126.00
0.316120	121.00
0.316140	119.00
0.316160	119.00
0.316180	120.00
0.316200	123.00
0.316220	128.00
0.316240	132.00
0.316260	134.00
0.316280	133.00
0.316300	133.00
0.316320	133.00
0.316340	133.00
0.316360	131.00
0.316380	127.00
0.316400	123.00
0.316420	122.00
0.316440	124.00
0.316460	127.00
0.316480	130.00
0.316500	130.00
0.316520	129.00
0.316540	128.00
0.316560	128.00
0.316580	128.00
0.316600	128.00
0.316620	127.00
0.316640	126.00
0.316660	124.00
0.316680	121.00
0.316700	120.00
0.316720	121.00
0.316740	122.00
0.316760	123.00
0.316780	123.00
0.316800	123.00
0.316820	123.00
0.316840	124.00
0.316860	126.00
0.316880	125.00
0.316900	124.00
0.316920	123.00
0.316940	124.00
0.316960	127.00
0.316980	130.00
0.317000	131.00
0.317020	131.00
0.317040	130.00
0.317060	131.00
0.317080	131.00
0.317100	131.00
0.317120	130.00
0.317140	128.00
0.317160	127.00
0.317180	126.00
0.317200	126.00
0.317220	126.00
0.317240	125.00
0.317260	125.00
0.317280	126.00
0.317300	126.00
0.317320	126.00
0.317340	126.00
0.317360	127.00
0.317380	128.00
0.317400	130.00
0.317420	130.00
0.317440	127.00
0.317460	124.00
0.317480	122.00
0.317500	122.00
0.317520	124.00
0.317540	125.00
0.317560	124.00
0.317580	121.00
0.317600	118.00
0.317620	118.00
0.317640	119.00
0.317660	122.00
0.317680	123.00
0.317700	122.00
0.317720	121.00
0.317740	122.00
0.317760	124.00
0.317780	127.00
0.317800	129.00
0.317820	128.00
0.317840	126.00
0.317860	124.00
0.317880	124.00
0.317900	124.00
0.317920	123.00
0.317940	123.00
0.317960	123.00
0.317980	124.00
0.318000	126.00
0.318020	128.00
0.318040	128.00
0.318060	127.00
0.318080	125.00
0.318100	125.00
0.318120	127.00
0.318140	128.00
0.318160	129.00
0.318180	128.00
0.318200	126.00
0.318220	125.00
0.318240	128.00
0.318260	132.00
0.318280	135.00
0.318300	135.00
0.318320	132.00
0.318340	127.00
0.318360	125.00
0.318380	127.00
0.318400	130.00
0.318420	131.00
0.318440	128.00
0.318460	123.00
0.318480	120.00
0.318500	120.00
0.318520	124.00
0.318540	127.00
0.318560	128.00
0.318580	127.00
0.318600	125.00
0.318620	123.00
0.318640	123.00
0.318660	123.00
0.318680	122.00
0.318700	121.00
0.318720	119.00
0.318740	118.00
0.318760	117.00
0.318780	118.00
0.318800	120.00
0.318820	122.00
0.318840	124.00
0.318860	126.00
0.318880	127.00
0.318900	126.00
0.318920	126.00
0.318940	127.00
0.318960	128.00
0.318980	128.00
0.319000	127.00
0.319020	127.00
0.319040	127.00
0.319060	129.00
0.319080	132.00
0.319100	133.00
0.319120	132.00
0.319140	129.00
0.319160	128.00
0.319180	128.00
0.319200	129.00
0.319220	129.00
0.319240	127.00
0.319260	125.00
0.319280	123.00
0.319300	124.00
0.319320	125.00
0.319340	126.00
0.319360	125.00
0.319380	124.00
