0.279400	101.00
0.279420	47.00
0.279440	99.00
0.279460	136.00
0.279480	138.00
0.279500	120.00
0.279520	110.00
0.279540	119.00
0.279560	133.00
0.279580	134.00
0.279600	125.00
0.279620	119.00
0.279640	125.00
0.279660	135.00
0.279680	137.00
0.279700	129.00
0.279720	121.00
0.279740	121.00
0.279760	125.00
0.279780	127.00
0.279800	123.00
0.279820	121.00
0.279840	124.00
0.279860	128.00
0.279880	126.00
0.279900	120.00
0.279920	117.00
0.279940	120.00
0.279960	127.00
0.279980	129.00
0.280000	126.00
0.280020	122.00
0.280040	124.00
0.280060	129.00
0.280080	132.00
0.280100	128.00
0.280120	122.00
0.280140	120.00
0.280160	122.00
0.280180	124.00
0.280200	123.00
0.280220	120.00
0.280240	120.00
0.280260	124.00
0.280280	128.00
0.280300	129.00
0.280320	129.00
0.280340	128.00
0.280360	128.00
0.280380	128.00
0.280400	127.00
0.280420	127.00
0.280440	127.00
0.280460	127.00
0.280480	126.00
0.280500	125.00
0.280520	125.00
0.280540	128.00
0.280560	129.00
0.280580	127.00
0.280600	123.00
0.280620	121.00
0.280640	123.00
0.280660	127.00
0.280680	129.00
0.280700	128.00
0.280720	126.00
0.280740	125.00
0.280760	126.00
0.280780	126.00
0.280800	125.00
0.280820	123.00
0.280840	122.00
0.280860	123.00
0.280880	124.00
0.280900	124.00
0.280920	123.00
0.280940	123.00
0.280960	124.00
0.280980	124.00
0.281000	123.00
0.281020	123.00
0.281040	126.00
0.281060	130.00
0.281080	131.00
0.281100	129.00
0.281120	126.00
0.281140	124.00
0.281160	123.00
0.281180	122.00
0.281200	120.00
0.281220	121.00
0.281240	125.00
0.281260	130.00
0.281280	132.00
0.281300	130.00
0.281320	127.00
0.281340	126.00
0.281360	129.00
0.281380	132.00
0.281400	131.00
0.281420	128.00
0.281440	126.00
0.281460	126.00
0.281480	126.00
0.281500	126.00
0.281520	125.00
0.281540	124.00
0.281560	124.00
0.281580	124.00
0.281600	122.00
0.281620	121.00
0.281640	121.00
0.281660	123.00
0.281680	125.00
0.281700	124.00
0.281720	120.00
0.281740	118.00
0.281760	119.00
0.281780	121.00
0.281800	122.00
0.281820	121.00
0.281840	118.00
0.281860	118.00
0.281880	121.00
0.281900	124.00
0.281920	126.00
0.281940	126.00
0.281960	126.00
0.281980	126.00
0.282000	127.00
0.282020	130.00
0.282040	131.00
0.282060	130.00
0.282080	127.00
0.282100	122.00
0.282120	120.00
0.282140	121.00
0.282160	124.00
0.282180	126.00
0.282200	126.00
0.282220	124.00
0.282240	124.00
0.282260	126.00
0.282280	129.00
0.282300	129.00
0.282320	127.00
0.282340	126.00
0.282360	126.00
0.282380	127.00
0.282400	127.00
0.282420	126.00
0.282440	124.00
0.282460	125.00
0.282480	128.00
0.282500	131.00
0.282520	132.00
0.282540	130.00
0.282560	127.00
0.282580	125.00
0.282600	124.00
0.282620	124.00
0.282640	124.00
0.282660	122.00
0.282680	121.00
0.282700	120.00
0.282720	121.00
0.282740	122.00
0.282760	123.00
0.282780	123.00
0.282800	123.00
0.282820	123.00
0.282840	125.00
0.282860	126.00
0.282880	127.00
0.282900	128.00
0.282920	129.00
0.282940	130.00
0.282960	131.00
0.282980	131.00
0.283000	129.00
0.283020	127.00
0.283040	125.00
0.283060	125.00
0.283080	125.00
0.283100	125.00
0.283120	125.00
0.283140	125.00
0.283160	127.00
0.283180	129.00
0.283200	131.00
0.283220	132.00
0.283240	130.00
0.283260	129.00
0.283280	128.00
0.283300	129.00
0.283320	130.00
0.283340	131.00
0.283360	129.00
0.283380	127.00
0.283400	125.00
0.283420	124.00
0.283440	125.00
0.283460	124.00
0.283480	123.00
0.283500	122.00
0.283520	122.00
0.283540	123.00
0.283560	122.00
0.283580	120.00
0.283600	119.00
0.283620	121.00
0.283640	124.00
0.283660	127.00
0.283680	126.00
0.283700	124.00
0.283720	122.00
0.283740	121.00
0.283760	120.00
0.283780	119.00
0.283800	117.00
0.283820	116.00
0.283840	118.00
0.283860	121.00
0.283880	123.00
0.283900	125.00
0.283920	127.00
0.283940	129.00
0.283960	131.00
0.283980	130.00
0.284000	129.00
0.284020	128.00
0.284040	129.00
0.284060	130.00
0.284080	131.00
0.284100	130.00
0.284120	130.00
0.284140	131.00
0.284160	132.00
0.284180	131.00
0.284200	128.00
0.284220	126.00
0.284240	126.00
0.284260	129.00
0.284280	130.00
0.284300	129.00
0.284320	128.00
0.284340	128.00
0.284360	130.00
0.284380	130.00
0.284400	127.00
0.284420	122.00
0.284440	119.00
0.284460	120.00
0.284480	121.00
0.284500	121.00
0.284520	120.00
0.284540	119.00
0.284560	119.00
0.284580	120.00
0.284600	121.00
0.284620	121.00
0.284640	123.00
0.284660	125.00
0.284680	126.00
0.284700	125.00
0.284720	122.00
0.284740	120.00
0.284760	119.00
0.284780	119.00
0.284800	120.00
0.284820	120.00
0.284840	122.00
0.284860	127.00
0.284880	131.00
0.284900	134.00
0.284920	134.00
0.284940	133.00
0.284960	132.00
0.284980	131.00
0.285000	129.00
0.285020	128.00
0.285040	127.00
0.285060	127.00
0.285080	129.00
0.285100	129.00
0.285120	129.00
0.285140	129.00
0.285160	129.00
0.285180	130.00
0.285200	130.00
0.285220	130.00
0.285240	129.00
0.285260	130.00
0.285280	131.00
0.285300	132.00
0.285320	132.00
0.285340	130.00
0.285360	128.00
0.285380	125.00
0.285400	123.00
0.285420	122.00
0.285440	123.00
0.285460	124.00
0.285480	125.00
0.285500	123.00
0.285520	120.00
0.285540	117.00
0.285560	116.00
0.285580	118.00
0.285600	119.00
0.285620	120.00
0.285640	121.00
0.285660	121.00
0.285680	121.00
0.285700	120.00
0.285720	120.00
0.285740	120.00
0.285760	120.00
0.285780	121.00
0.285800	121.00
0.285820	122.00
0.285840	124.00
0.285860	126.00
0.285880	128.00
0.285900	127.00
0.285920	125.00
0.285940	124.00
0.285960	126.00
0.285980	129.00
0.286000	132.00
0.286020	132.00
0.286040	131.00
0.286060	130.00
0.286080	130.00
0.286100	129.00
0.286120	127.00
0.286140	126.00
0.286160	126.00
0.286180	128.00
0.286200	130.00
0.286220	131.00
0.286240	130.00
0.286260	129.00
0.286280	129.00
0.286300	129.00
0.286320	127.00
0.286340	124.00
0.286360	122.00
0.286380	122.00
0.286400	124.00
0.286420	123.00
0.286440	122.00
0.286460	121.00
0.286480	123.00
0.286500	125.00
0.286520	126.00
0.286540	124.00
0.286560	120.00
0.286580	119.00
0.286600	121.00
0.286620	123.00
0.286640	123.00
0.286660	121.00
0.286680	118.00
0.286700	117.00
0.286720	118.00
0.286740	120.00
0.286760	121.00
0.286780	122.00
0.286800	124.00
0.286820	128.00
0.286840	131.00
0.286860	131.00
0.286880	130.00
0.286900	128.00
0.286920	127.00
0.286940	127.00
0.286960	127.00
0.286980	128.00
0.287000	128.00
0.287020	128.00
0.287040	128.00
0.287060	127.00
0.287080	125.00
0.287100	125.00
0.287120	127.00
0.287140	130.00
0.287160	131.00
0.287180	131.00
0.287200	128.00
0.287220	125.00
0.287240	124.00
0.287260	125.00
0.287280	128.00
0.287300	129.00
0.287320	127.00
0.287340	125.00
0.287360	122.00
0.287380	121.00
0.287400	122.00
0.287420	123.00
0.287440	125.00
0.287460	124.00
0.287480	123.00
0.287500	122.00
0.287520	122.00
0.287540	123.00
0.287560	123.00
0.287580	123.00
0.287600	124.00
0.287620	124.00
0.287640	125.00
0.287660	126.00
0.287680	127.00
0.287700	127.00
0.287720	128.00
0.287740	129.00
0.287760	129.00
0.287780	129.00
0.287800	129.00
0.287820	128.00
0.287840	128.00
0.287860	128.00
0.287880	128.00
0.287900	128.00
0.287920	128.00
0.287940	127.00
0.287960	126.00
0.287980	126.00
0.288000	127.00
0.288020	128.00
0.288040	128.00
0.288060	128.00
0.288080	128.00
0.288100	129.00
0.288120	131.00
0.288140	133.00
0.288160	133.00
0.288180	131.00
0.288200	128.00
0.288220	127.00
0.288240	127.00
0.288260	127.00
0.288280	127.00
0.288300	126.00
0.288320	126.00
0.288340	125.00
0.288360	124.00
0.288380	124.00
0.288400	125.00
0.288420	126.00
0.288440	127.00
0.288460	125.00
0.288480	123.00
0.288500	121.00
0.288520	121.00
0.288540	123.00
0.288560	123.00
0.288580	121.00
0.288600	119.00
0.288620	119.00
0.288640	121.00
0.288660	124.00
0.288680	125.00
0.288700	126.00
0.288720	126.00
0.288740	128.00
0.288760	130.00
0.288780	129.00
0.288800	127.00
0.288820	125.00
0.288840	125.00
0.288860	126.00
0.288880	126.00
0.288900	126.00
0.288920	126.00
0.288940	126.00
0.288960	126.00
0.288980	126.00
0.289000	126.00
0.289020	127.00
0.289040	128.00
0.289060	130.00
0.289080	129.00
0.289100	126.00
0.289120	125.00
0.289140	125.00
0.289160	126.00
0.289180	127.00
0.289200	127.00
0.289220	125.00
0.289240	124.00
0.289260	126.00
0.289280	128.00
0.289300	129.00
0.289320	128.00
0.289340	126.00
0.289360	124.00
0.289380	123.00
0.289400	123.00
0.289420	124.00
0.289440	125.00
0.289460	125.00
0.289480	123.00
0.289500	119.00
0.289520	117.00
0.289540	118.00
0.289560	121.00
0.289580	125.00
0.289600	128.00
0.289620	128.00
0.289640	129.00
0.289660	129.00
0.289680	129.00
0.289700	128.00
0.289720	128.00
0.289740	128.00
0.289760	130.00
0.289780	130.00
0.289800	130.00
0.289820	128.00
0.289840	127.00
0.289860	126.00
0.289880	125.00
0.289900	123.00
0.289920	123.00
0.289940	124.00
0.289960	127.00
0.289980	130.00
0.290000	130.00
0.290020	130.00
0.290040	131.00
0.290060	133.00
0.290080	134.00
0.290100	132.00
0.290120	128.00
0.290140	124.00
0.290160	122.00
0.290180	122.00
0.290200	124.00
0.290220	125.00
0.290240	126.00
0.290260	126.00
0.290280	125.00
0.290300	121.00
0.290320	118.00
0.290340	117.00
0.290360	120.00
0.290380	123.00
0.290400	124.00
0.290420	121.00
0.290440	117.00
0.290460	116.00
0.290480	119.00
0.290500	123.00
0.290520	126.00
0.290540	125.00
0.290560	125.00
0.290580	126.00
0.290600	128.00
0.290620	128.00
0.290640	126.00
0.290660	124.00
0.290680	123.00
0.290700	125.00
0.290720	126.00
0.290740	127.00
0.290760	126.00
0.290780	125.00
0.290800	126.00
0.290820	126.00
0.290840	127.00
0.290860	127.00
0.290880	126.00
0.290900	127.00
0.290920	128.00
0.290940	128.00
0.290960	130.00
0.290980	131.00
0.291000	132.00
0.291020	132.00
0.291040	131.00
0.291060	128.00
0.291080	125.00
0.291100	125.00
0.291120	125.00
0.291140	126.00
0.291160	125.00
0.291180	122.00
0.291200	120.00
0.291220	120.00
0.291240	122.00
0.291260	123.00
0.291280	124.00
0.291300	123.00
0.291320	122.00
0.291340	122.00
0.291360	123.00
0.291380	126.00
0.291400	127.00
0.291420	126.00
0.291440	124.00
0.291460	121.00
0.291480	119.00
0.291500	117.00
0.291520	118.00
0.291540	121.00
0.291560	125.00
0.291580	129.00
0.291600	131.00
0.291620	132.00
0.291640	131.00
0.291660	130.00
0.291680	128.00
0.291700	126.00
0.291720	125.00
0.291740	125.00
0.291760	126.00
0.291780	126.00
0.291800	127.00
0.291820	126.00
0.291840	126.00
0.291860	125.00
0.291880	125.00
0.291900	126.00
0.291920	128.00
0.291940	130.00
0.291960	130.00
0.291980	129.00
0.292000	127.00
0.292020	125.00
0.292040	125.00
0.292060	126.00
0.292080	126.00
0.292100	126.00
0.292120	125.00
0.292140	125.00
0.292160	127.00
0.292180	129.00
0.292200	129.00
0.292220	127.00
0.292240	126.00
0.292260	126.00
0.292280	127.00
0.292300	128.00
0.292320	128.00
0.292340	126.00
0.292360	123.00
0.292380	120.00
0.292400	118.00
0.292420	118.00
0.292440	120.00
0.292460	122.00
0.292480	122.00
0.292500	122.00
0.292520	121.00
0.292540	123.00
0.292560	127.00
0.292580	133.00
0.292600	136.00
0.292620	137.00
0.292640	134.00
0.292660	130.00
0.292680	126.00
0.292700	125.00
0.292720	127.00
0.292740	129.00
0.292760	131.00
0.292780	129.00
0.292800	126.00
0.292820	124.00
0.292840	125.00
0.292860	127.00
0.292880	128.00
0.292900	127.00
0.292920	124.00
0.292940	123.00
0.292960	126.00
0.292980	129.00
0.293000	129.00
0.293020	127.00
0.293040	124.00
0.293060	123.00
0.293080	125.00
0.293100	126.00
0.293120	126.00
0.293140	126.00
0.293160	125.00
0.293180	125.00
0.293200	124.00
0.293220	122.00
0.293240	122.00
0.293260	124.00
0.293280	126.00
0.293300	127.00
0.293320	126.00
0.293340	125.00
0.293360	124.00
0.293380	123.00
0.293400	122.00
0.293420	120.00
0.293440	120.00
0.293460	122.00
0.293480	125.00
0.293500	127.00
0.293520	126.00
0.293540	123.00
0.293560	121.00
0.293580	121.00
0.293600	123.00
0.293620	126.00
0.293640	130.00
0.293660	134.00
0.293680	137.00
0.293700	138.00
0.293720	134.00
0.293740	126.00
0.293760	120.00
0.293780	119.00
0.293800	122.00
0.293820	126.00
0.293840	129.00
0.293860	130.00
0.293880	130.00
0.293900	131.00
0.293920	133.00
0.293940	133.00
0.293960	132.00
0.293980	129.00
0.294000	125.00
0.294020	121.00
0.294040	119.00
0.294060	120.00
0.294080	124.00
0.294100	130.00
0.294120	133.00
0.294140	132.00
0.294160	128.00
0.294180	123.00
0.294200	118.00
0.294220	113.00
0.294240	109.00
0.294260	109.00
0.294280	117.00
0.294300	131.00
0.294320	145.00
0.294340	150.00
0.294360	141.00
0.294380	121.00
0.294400	97.00
0.294420	82.00
0.294440	81.00
0.294460	95.00
0.294480	119.00
0.294500	145.00
0.294520	166.00
0.294540	175.00
0.294560	168.00
0.294580	146.00
0.294600	117.00
0.294620	89.00
0.294640	73.00
0.294660	73.00
0.294680	90.00
0.294700	118.00
0.294720	148.00
0.294740	172.00
0.294760	182.00
0.294780	175.00
0.294800	154.00
0.294820	128.00
0.294840	104.00
0.294860	89.00
0.294880	87.00
0.294900	96.00
0.294920	112.00
0.294940	130.00
0.294960	144.00
0.294980	152.00
0.295000	153.00
0.295020	147.00
0.295040	138.00
0.295060	128.00
0.295080	120.00
0.295100	114.00
0.295120	111.00
0.295140	111.00
0.295160	115.00
0.295180	120.00
0.295200	126.00
0.295220	128.00
0.295240	128.00
0.295260	126.00
0.295280	123.00
0.295300	122.00
0.295320	122.00
0.295340	123.00
0.295360	125.00
0.295380	126.00
0.295400	126.00
0.295420	125.00
0.295440	122.00
0.295460	118.00
0.295480	114.00
0.295500	113.00
0.295520	117.00
0.295540	127.00
0.295560	138.00
0.295580	146.00
0.295600	148.00
0.295620	142.00
0.295640	131.00
0.295660	117.00
0.295680	105.00
0.295700	98.00
0.295720	99.00
0.295740	110.00
0.295760	128.00
0.295780	148.00
0.295800	159.00
0.295820	156.00
0.295840	141.00
0.295860	120.00
0.295880	104.00
0.295900	101.00
0.295920	112.00
0.295940	131.00
0.295960	148.00
0.295980	156.00
0.296000	149.00
0.296020	129.00
0.296040	106.00
0.296060	88.00
0.296080	86.00
0.296100	100.00
0.296120	125.00
0.296140	149.00
0.296160	162.00
0.296180	160.00
0.296200	145.00
0.296220	126.00
0.296240	108.00
0.296260	98.00
0.296280	97.00
0.296300	104.00
0.296320	115.00
0.296340	127.00
0.296360	136.00
0.296380	137.00
0.296400	132.00
0.296420	123.00
0.296440	117.00
0.296460	117.00
0.296480	123.00
0.296500	131.00
0.296520	138.00
0.296540	139.00
0.296560	136.00
0.296580	130.00
0.296600	123.00
0.296620	115.00
0.296640	108.00
0.296660	105.00
0.296680	109.00
0.296700	121.00
0.296720	137.00
0.296740	151.00
0.296760	156.00
0.296780	153.00
0.296800	143.00
0.296820	130.00
0.296840	117.00
0.296860	107.00
0.296880	100.00
0.296900	100.00
0.296920	107.00
0.296940	119.00
0.296960	133.00
0.296980	144.00
0.297000	150.00
0.297020	151.00
0.297040	148.00
0.297060	141.00
0.297080	130.00
0.297100	116.00
0.297120	102.00
0.297140	91.00
0.297160	87.00
0.297180	91.00
0.297200	103.00
0.297220	119.00
0.297240	138.00
0.297260	154.00
0.297280	163.00
0.297300	161.00
0.297320	149.00
0.297340	131.00
0.297360	111.00
0.297380	95.00
0.297400	87.00
0.297420	90.00
0.297440	105.00
0.297460	127.00
0.297480	146.00
0.297500	158.00
0.297520	159.00
0.297540	153.00
0.297560	142.00
0.297580	131.00
0.297600	121.00
0.297620	113.00
0.297640	108.00
0.297660	107.00
0.297680	109.00
0.297700	112.00
0.297720	115.00
0.297740	120.00
0.297760	126.00
0.297780	133.00
0.297800	138.00
0.297820	141.00
0.297840	143.00
0.297860	142.00
0.297880	138.00
0.297900	132.00
0.297920	123.00
0.297940	116.00
0.297960	113.00
0.297980	113.00
0.298000	112.00
0.298020	110.00
0.298040	109.00
0.298060	113.00
0.298080	122.00
0.298100	133.00
0.298120	142.00
0.298140	144.00
0.298160	141.00
0.298180	134.00
0.298200	124.00
0.298220	112.00
0.298240	102.00
0.298260	96.00
0.298280	97.00
0.298300	106.00
0.298320	119.00
0.298340	133.00
0.298360	143.00
0.298380	148.00
0.298400	146.00
0.298420	140.00
0.298440	132.00
0.298460	126.00
0.298480	123.00
0.298500	122.00
0.298520	121.00
0.298540	119.00
0.298560	118.00
0.298580	119.00
0.298600	122.00
0.298620	125.00
0.298640	128.00
0.298660	133.00
0.298680	140.00
0.298700	149.00
0.298720	154.00
0.298740	153.00
0.298760	142.00
0.298780	127.00
0.298800	112.00
0.298820	103.00
0.298840	102.00
0.298860	107.00
0.298880	116.00
0.298900	126.00
0.298920	133.00
0.298940	137.00
0.298960	137.00
0.298980	134.00
0.299000	131.00
0.299020	128.00
0.299040	126.00
0.299060	124.00
0.299080	123.00
0.299100	120.00
0.299120	116.00
0.299140	111.00
0.299160	108.00
0.299180	109.00
0.299200	115.00
0.299220	124.00
0.299240	132.00
0.299260	137.00
0.299280	138.00
0.299300	135.00
0.299320	130.00
0.299340	124.00
0.299360	119.00
0.299380	116.00
0.299400	116.00
0.299420	118.00
0.299440	122.00
0.299460	128.00
0.299480	134.00
0.299500	139.00
0.299520	143.00
0.299540	143.00
0.299560	140.00
0.299580	136.00
0.299600	130.00
0.299620	125.00
0.299640	120.00
0.299660	115.00
0.299680	112.00
0.299700	113.00
0.299720	118.00
0.299740	127.00
0.299760	137.00
0.299780	144.00
0.299800	147.00
0.299820	145.00
0.299840	138.00
0.299860	128.00
0.299880	117.00
0.299900	108.00
0.299920	103.00
0.299940	102.00
0.299960	107.00
0.299980	117.00
0.300000	128.00
0.300020	137.00
0.300040	142.00
0.300060	143.00
0.300080	141.00
0.300100	136.00
0.300120	130.00
0.300140	122.00
0.300160	113.00
0.300180	105.00
0.300200	102.00
0.300220	104.00
0.300240	112.00
0.300260	123.00
0.300280	134.00
0.300300	143.00
0.300320	146.00
0.300340	143.00
0.300360	135.00
0.300380	126.00
0.300400	118.00
0.300420	112.00
0.300440	111.00
0.300460	113.00
0.300480	119.00
0.300500	127.00
0.300520	134.00
0.300540	138.00
0.300560	138.00
0.300580	133.00
0.300600	126.00
0.300620	120.00
0.300640	117.00
0.300660	119.00
0.300680	125.00
0.300700	131.00
0.300720	135.00
0.300740	137.00
0.300760	135.00
0.300780	131.00
0.300800	126.00
0.300820	123.00
0.300840	122.00
0.300860	122.00
0.300880	122.00
0.300900	122.00
0.300920	123.00
0.300940	125.00
0.300960	127.00
0.300980	128.00
0.301000	126.00
0.301020	122.00
0.301040	120.00
0.301060	120.00
0.301080	121.00
0.301100	121.00
0.301120	118.00
0.301140	114.00
0.301160	112.00
0.301180	114.00
0.301200	118.00
0.301220	124.00
0.301240	131.00
0.301260	137.00
0.301280	143.00
0.301300	144.00
0.301320	138.00
0.301340	127.00
0.301360	116.00
0.301380	111.00
0.301400	115.00
0.301420	123.00
0.301440	131.00
0.301460	135.00
0.301480	135.00
0.301500	133.00
0.301520	129.00
0.301540	125.00
0.301560	122.00
0.301580	123.00
0.301600	129.00
0.301620	136.00
0.301640	139.00
0.301660	137.00
0.301680	130.00
0.301700	123.00
0.301720	120.00
0.301740	120.00
0.301760	124.00
0.301780	128.00
0.301800	132.00
0.301820	134.00
0.301840	134.00
0.301860	131.00
0.301880	126.00
0.301900	122.00
0.301920	119.00
0.301940	117.00
0.301960	117.00
0.301980	117.00
0.302000	118.00
0.302020	120.00
0.302040	123.00
0.302060	126.00
0.302080	128.00
0.302100	130.00
0.302120	130.00
0.302140	129.00
0.302160	126.00
0.302180	123.00
0.302200	120.00
0.302220	119.00
0.302240	120.00
0.302260	120.00
0.302280	120.00
0.302300	121.00
0.302320	124.00
0.302340	131.00
0.302360	137.00
0.302380	141.00
0.302400	138.00
0.302420	131.00
0.302440	124.00
0.302460	118.00
0.302480	116.00
0.302500	118.00
0.302520	121.00
0.302540	125.00
0.302560	129.00
0.302580	132.00
0.302600	133.00
0.302620	134.00
0.302640	134.00
0.302660	132.00
0.302680	127.00
0.302700	120.00
0.302720	114.00
0.302740	111.00
0.302760	114.00
0.302780	119.00
0.302800	124.00
0.302820	128.00
0.302840	129.00
0.302860	130.00
0.302880	129.00
0.302900	129.00
0.302920	128.00
0.302940	127.00
0.302960	126.00
0.302980	124.00
0.303000	121.00
0.303020	116.00
0.303040	115.00
0.303060	117.00
0.303080	123.00
0.303100	127.00
0.303120	128.00
0.303140	128.00
0.303160	129.00
0.303180	132.00
0.303200	135.00
0.303220	134.00
0.303240	129.00
0.303260	123.00
0.303280	119.00
0.303300	118.00
0.303320	119.00
0.303340	121.00
0.303360	122.00
0.303380	124.00
0.303400	128.00
0.303420	131.00
0.303440	132.00
0.303460	131.00
0.303480	129.00
0.303500	128.00
0.303520	127.00
0.303540	126.00
0.303560	125.00
0.303580	126.00
0.303600	128.00
0.303620	130.00
0.303640	130.00
0.303660	129.00
0.303680	126.00
0.303700	124.00
0.303720	121.00
0.303740	119.00
0.303760	117.00
0.303780	117.00
0.303800	120.00
0.303820	124.00
0.303840	126.00
0.303860	127.00
0.303880	126.00
0.303900	124.00
0.303920	121.00
0.303940	119.00
0.303960	119.00
0.303980	121.00
0.304000	124.00
0.304020	127.00
0.304040	126.00
0.304060	124.00
0.304080	121.00
0.304100	119.00
0.304120	120.00
0.304140	122.00
0.304160	123.00
0.304180	124.00
0.304200	126.00
0.304220	128.00
0.304240	130.00
0.304260	130.00
0.304280	129.00
0.304300	127.00
0.304320	127.00
0.304340	128.00
0.304360	130.00
0.304380	130.00
0.304400	130.00
0.304420	129.00
0.304440	126.00
0.304460	123.00
0.304480	121.00
0.304500	122.00
0.304520	127.00
0.304540	131.00
0.304560	132.00
0.304580	131.00
0.304600	130.00
0.304620	131.00
0.304640	132.00
0.304660	132.00
0.304680	129.00
0.304700	126.00
0.304720	125.00
0.304740	127.00
0.304760	128.00
0.304780	127.00
0.304800	123.00
0.304820	120.00
0.304840	119.00
0.304860	120.00
0.304880	123.00
0.304900	125.00
0.304920	125.00
0.304940	124.00
0.304960	121.00
0.304980	120.00
0.305000	119.00
0.305020	121.00
0.305040	123.00
0.305060	125.00
0.305080	125.00
0.305100	126.00
0.305120	128.00
0.305140	131.00
0.305160	131.00
0.305180	129.00
0.305200	126.00
0.305220	125.00
0.305240	127.00
0.305260	130.00
0.305280	130.00
0.305300	126.00
0.305320	122.00
0.305340	119.00
0.305360	121.00
0.305380	125.00
0.305400	130.00
0.305420	134.00
0.305440	138.00
0.305460	140.00
0.305480	138.00
0.305500	132.00
0.305520	125.00
0.305540	119.00
0.305560	119.00
0.305580	122.00
0.305600	126.00
0.305620	129.00
0.305640	131.00
0.305660	132.00
0.305680	132.00
0.305700	129.00
0.305720	124.00
0.305740	119.00
0.305760	117.00
0.305780	117.00
0.305800	119.00
0.305820	121.00
0.305840	124.00
0.305860	126.00
0.305880	128.00
0.305900	128.00
0.305920	125.00
0.305940	122.00
0.305960	122.00
0.305980	123.00
0.306000	124.00
0.306020	123.00
0.306040	122.00
0.306060	121.00
0.306080	122.00
0.306100	126.00
0.306120	130.00
0.306140	131.00
0.306160	129.00
0.306180	127.00
0.306200	126.00
0.306220	126.00
0.306240	126.00
0.306260	125.00
0.306280	124.00
0.306300	123.00
0.306320	124.00
0.306340	126.00
0.306360	128.00
0.306380	128.00
0.306400	127.00
0.306420	127.00
0.306440	129.00
0.306460	132.00
0.306480	135.00
0.306500	136.00
0.306520	135.00
0.306540	133.00
0.306560	128.00
0.306580	123.00
0.306600	119.00
0.306620	116.00
0.306640	117.00
0.306660	118.00
0.306680	121.00
0.306700	123.00
0.306720	125.00
0.306740	126.00
0.306760	126.00
0.306780	124.00
0.306800	122.00
0.306820	120.00
0.306840	119.00
0.306860	118.00
0.306880	117.00
0.306900	115.00
0.306920	116.00
0.306940	122.00
0.306960	130.00
0.306980	136.00
0.307000	137.00
0.307020	133.00
0.307040	129.00
0.307060	126.00
0.307080	126.00
0.307100	124.00
0.307120	120.00
0.307140	117.00
0.307160	117.00
0.307180	121.00
0.307200	126.00
0.307220	130.00
0.307240	131.00
0.307260	132.00
0.307280	132.00
0.307300	131.00
0.307320	130.00
0.307340	127.00
0.307360	123.00
0.307380	122.00
0.307400	123.00
0.307420	126.00
0.307440	130.00
0.307460	133.00
0.307480	135.00
0.307500	134.00
0.307520	132.00
0.307540	129.00
0.307560	126.00
0.307580	125.00
0.307600	124.00
0.307620	124.00
0.307640	125.00
0.307660	125.00
0.307680	124.00
0.307700	122.00
0.307720	120.00
0.307740	119.00
0.307760	119.00
0.307780	121.00
0.307800	122.00
0.307820	121.00
0.307840	121.00
0.307860	121.00
0.307880	122.00
0.307900	122.00
0.307920	122.00
0.307940	122.00
0.307960	123.00
0.307980	126.00
0.308000	128.00
0.308020	131.00
0.308040	132.00
0.308060	133.00
0.308080	133.00
0.308100	130.00
0.308120	126.00
0.308140	122.00
0.308160	122.00
0.308180	124.00
0.308200	128.00
0.308220	130.00
0.308240	131.00
0.308260	131.00
0.308280	131.00
0.308300	131.00
0.308320	130.00
0.308340	129.00
0.308360	130.00
0.308380	132.00
0.308400	134.00
0.308420	134.00
0.308440	130.00
0.308460	125.00
0.308480	120.00
0.308500	117.00
0.308520	117.00
0.308540	120.00
0.308560	124.00
0.308580	129.00
0.308600	132.00
0.308620	132.00
0.308640	128.00
0.308660	124.00
0.308680	120.00
0.308700	120.00
0.308720	120.00
0.308740	120.00
0.308760	119.00
0.308780	118.00
0.308800	119.00
0.308820	121.00
0.308840	123.00
0.308860	124.00
0.308880	123.00
0.308900	121.00
0.308920	120.00
0.308940	121.00
0.308960	125.00
0.308980	129.00
0.309000	132.00
0.309020	132.00
0.309040	129.00
0.309060	126.00
0.309080	123.00
0.309100	122.00
0.309120	122.00
0.309140	123.00
0.309160	123.00
0.309180	123.00
0.309200	124.00
0.309220	126.00
0.309240	128.00
0.309260	130.00
0.309280	131.00
0.309300	130.00
0.309320	129.00
0.309340	127.00
0.309360	126.00
0.309380	125.00
0.309400	126.00
0.309420	126.00
0.309440	126.00
0.309460	125.00
0.309480	125.00
0.309500	126.00
0.309520	129.00
0.309540	130.00
0.309560	129.00
0.309580	126.00
0.309600	123.00
0.309620	122.00
0.309640	122.00
0.309660	124.00
0.309680	124.00
0.309700	123.00
0.309720	121.00
0.309740	118.00
0.309760	116.00
0.309780	115.00
0.309800	116.00
0.309820	118.00
0.309840	122.00
0.309860	125.00
0.309880	128.00
0.309900	128.00
0.309920	128.00
0.309940	129.00
0.309960	130.00
0.309980	131.00
0.310000	129.00
0.310020	125.00
0.310040	122.00
0.310060	121.00
0.310080	123.00
0.310100	126.00
0.310120	127.00
0.310140	126.00
0.310160	127.00
0.310180	129.00
0.310200	129.00
0.310220	127.00
0.310240	123.00
0.310260	121.00
0.310280	124.00
0.310300	129.00
0.310320	132.00
0.310340	132.00
0.310360	128.00
0.310380	127.00
0.310400	128.00
0.310420	131.00
0.310440	132.00
0.310460	128.00
0.310480	124.00
0.310500	120.00
0.310520	119.00
0.310540	120.00
0.310560	122.00
0.310580	124.00
0.310600	127.00
0.310620	130.00
0.310640	132.00
0.310660	130.00
0.310680	126.00
0.310700	122.00
0.310720	118.00
0.310740	115.00
0.310760	114.00
0.310780	114.00
0.310800	116.00
0.310820	121.00
0.310840	126.00
0.310860	129.00
0.310880	131.00
0.310900	132.00
0.310920	133.00
0.310940	132.00
0.310960	128.00
0.310980	122.00
0.311000	118.00
0.311020	118.00
0.311040	122.00
0.311060	127.00
0.311080	131.00
0.311100	132.00
0.311120	131.00
0.311140	131.00
0.311160	130.00
0.311180	130.00
0.311200	129.00
0.311220	129.00
0.311240	129.00
0.311260	129.00
0.311280	130.00
0.311300	130.00
0.311320	130.00
0.311340	129.00
0.311360	128.00
0.311380	124.00
0.311400	121.00
0.311420	120.00
0.311440	122.00
0.311460	125.00
0.311480	128.00
0.311500	128.00
0.311520	125.00
0.311540	122.00
0.311560	122.00
0.311580	123.00
0.311600	125.00
0.311620	126.00
0.311640	125.00
0.311660	123.00
0.311680	122.00
0.311700	122.00
0.311720	123.00
0.311740	125.00
0.311760	127.00
0.311780	128.00
0.311800	127.00
0.311820	124.00
0.311840	119.00
0.311860	118.00
0.311880	120.00
0.311900	124.00
0.311920	126.00
0.311940	126.00
0.311960	123.00
0.311980	122.00
0.312000	124.00
0.312020	127.00
0.312040	129.00
0.312060	128.00
0.312080	127.00
0.312100	126.00
0.312120	126.00
0.312140	128.00
0.312160	130.00
0.312180	131.00
0.312200	132.00
0.312220	131.00
0.312240	130.00
0.312260	130.00
0.312280	131.00
0.312300	134.00
0.312320	137.00
0.312340	137.00
0.312360	134.00
0.312380	130.00
0.312400	126.00
0.312420	124.00
0.312440	124.00
0.312460	123.00
0.312480	122.00
0.312500	121.00
0.312520	121.00
0.312540	123.00
0.312560	125.00
0.312580	127.00
0.312600	129.00
0.312620	128.00
0.312640	125.00
0.312660	121.00
0.312680	116.00
0.312700	115.00
0.312720	117.00
0.312740	121.00
0.312760	124.00
0.312780	125.00
0.312800	125.00
0.312820	127.00
0.312840	130.00
0.312860	131.00
0.312880	128.00
0.312900	124.00
0.312920	122.00
0.312940	123.00
0.312960	125.00
0.312980	125.00
0.313000	123.00
0.313020	122.00
0.313040	123.00
0.313060	127.00
0.313080	131.00
0.313100	132.00
0.313120	129.00
0.313140	127.00
0.313160	126.00
0.313180	128.00
0.313200	129.00
0.313220	130.00
0.313240	129.00
0.313260	128.00
0.313280	127.00
0.313300	125.00
0.313320	124.00
0.313340	124.00
0.313360	125.00
0.313380	127.00
0.313400	130.00
0.313420	130.00
0.313440	129.00
0.313460	128.00
0.313480	127.00
0.313500	125.00
0.313520	123.00
0.313540	121.00
0.313560	118.00
0.313580	117.00
0.313600	119.00
0.313620	121.00
0.313640	122.00
0.313660	122.00
0.313680	121.00
0.313700	121.00
0.313720	122.00
0.313740	124.00
0.313760	126.00
0.313780	126.00
0.313800	125.00
0.313820	126.00
0.313840	127.00
0.313860	127.00
0.313880	125.00
0.313900	122.00
0.313920	121.00
0.313940	124.00
0.313960	127.00
0.313980	129.00
0.314000	129.00
0.314020	127.00
0.314040	126.00
0.314060	127.00
0.314080	128.00
0.314100	129.00
0.314120	128.00
0.314140	128.00
0.314160	129.00
0.314180	129.00
0.314200	128.00
0.314220	128.00
0.314240	128.00
0.314260	129.00
0.314280	130.00
0.314300	129.00
0.314320	126.00
0.314340	122.00
0.314360	119.00
0.314380	118.00
0.314400	119.00
0.314420	122.00
0.314440	126.00
0.314460	128.00
0.314480	127.00
0.314500	125.00
0.314520	122.00
0.314540	121.00
0.314560	123.00
0.314580	124.00
0.314600	123.00
0.314620	120.00
0.314640	119.00
0.314660	120.00
0.314680	123.00
0.314700	126.00
0.314720	129.00
0.314740	132.00
0.314760	133.00
0.314780	131.00
0.314800	127.00
0.314820	123.00
0.314840	121.00
0.314860	123.00
0.314880	125.00
0.314900	126.00
0.314920	125.00
0.314940	123.00
0.314960	123.00
0.314980	126.00
0.315000	130.00
0.315020	133.00
0.315040	134.00
0.315060	133.00
0.315080	131.00
0.315100	129.00
0.315120	129.00
0.315140	129.00
0.315160	129.00
0.315180	128.00
0.315200	126.00
0.315220	125.00
0.315240	125.00
0.315260	127.00
0.315280	128.00
0.315300	126.00
0.315320	123.00
0.315340	120.00
0.315360	121.00
0.315380	124.00
0.315400	126.00
0.315420	125.00
0.315440	123.00
0.315460	123.00
0.315480	126.00
0.315500	129.00
0.315520	129.00
0.315540	124.00
0.315560	117.00
0.315580	114.00
0.315600	116.00
0.315620	121.00
0.315640	125.00
0.315660	125.00
0.315680	122.00
0.315700	118.00
0.315720	118.00
0.315740	121.00
0.315760	125.00
0.315780	128.00
0.315800	127.00
0.315820	125.00
0.315840	123.00
0.315860	123.00
0.315880	124.00
0.315900	125.00
0.315920	125.00
0.315940	125.00
0.315960	125.00
0.315980	125.00
0.316000	126.00
0.316020	128.00
0.316040	130.00
0.316060	132.00
0.316080	133.00
0.316100	132.00
0.316120	129.00
0.316140	127.00
0.316160	126.00
0.316180	126.00
0.316200	126.00
0.316220	127.00
0.316240	127.00
0.316260	128.00
0.316280	127.00
0.316300	125.00
0.316320	123.00
0.316340	123.00
0.316360	125.00
0.316380	129.00
0.316400	129.00
0.316420	127.00
0.316440	123.00
0.316460	121.00
0.316480	121.00
0.316500	122.00
0.316520	122.00
0.316540	121.00
0.316560	119.00
0.316580	119.00
0.316600	121.00
0.316620	122.00
0.316640	123.00
0.316660	126.00
0.316680	129.00
0.316700	132.00
0.316720	132.00
0.316740	128.00
0.316760	125.00
0.316780	123.00
0.316800	125.00
0.316820	128.00
0.316840	129.00
0.316860	129.00
0.316880	127.00
0.316900	126.00
0.316920	128.00
0.316940	130.00
0.316960	132.00
0.316980	133.00
0.317000	131.00
0.317020	131.00
0.317040	131.00
0.317060	131.00
0.317080	131.00
0.317100	129.00
0.317120	127.00
0.317140	128.00
0.317160	129.00
0.317180	130.00
0.317200	127.00
0.317220	123.00
0.317240	121.00
0.317260	121.00
0.317280	123.00
0.317300	123.00
0.317320	120.00
0.317340	117.00
0.317360	117.00
0.317380	121.00
0.317400	125.00
0.317420	128.00
0.317440	127.00
0.317460	126.00
0.317480	125.00
0.317500	124.00
0.317520	123.00
0.317540	122.00
0.317560	122.00
0.317580	125.00
0.317600	127.00
0.317620	126.00
0.317640	124.00
0.317660	123.00
0.317680	125.00
0.317700	128.00
0.317720	128.00
0.317740	125.00
0.317760	122.00
0.317780	122.00
0.317800	125.00
0.317820	129.00
0.317840	130.00
0.317860	128.00
0.317880	127.00
0.317900	129.00
0.317920	131.00
0.317940	133.00
0.317960	133.00
0.317980	132.00
0.318000	131.00
0.318020	130.00
0.318040	128.00
0.318060	127.00
0.318080	125.00
0.318100	124.00
0.318120	124.00
0.318140	125.00
0.318160	127.00
0.318180	130.00
0.318200	132.00
0.318220	131.00
0.318240	127.00
0.318260	122.00
0.318280	118.00
0.318300	117.00
0.318320	117.00
0.318340	118.00
0.318360	120.00
0.318380	121.00
0.318400	122.00
0.318420	122.00
0.318440	122.00
0.318460	121.00
0.318480	122.00
0.318500	124.00
0.318520	126.00
0.318540	128.00
0.318560	127.00
0.318580	126.00
0.318600	125.00
0.318620	127.00
0.318640	128.00
0.318660	129.00
0.318680	128.00
0.318700	127.00
0.318720	126.00
0.318740	128.00
0.318760	129.00
0.318780	130.00
0.318800	129.00
0.318820	126.00
0.318840	123.00
0.318860	121.00
0.318880	123.00
0.318900	126.00
0.318920	130.00
0.318940	131.00
0.318960	130.00
0.318980	128.00
0.319000	127.00
0.319020	127.00
0.319040	127.00
0.319060	126.00
0.319080	125.00
0.319100	123.00
0.319120	123.00
0.319140	124.00
0.319160	125.00
0.319180	125.00
0.319200	125.00
0.319220	125.00
0.319240	125.00
0.319260	125.00
0.319280	125.00
0.319300	124.00
0.319320	123.00
0.319340	122.00
0.319360	123.00
0.319380	125.00
