0.279400	101.00
0.279420	48.00
0.279440	101.00
0.279460	143.00
0.279480	148.00
0.279500	129.00
0.279520	114.00
0.279540	118.00
0.279560	131.00
0.279580	138.00
0.279600	131.00
0.279620	121.00
0.279640	118.00
0.279660	123.00
0.279680	127.00
0.279700	127.00
0.279720	125.00
0.279740	126.00
0.279760	128.00
0.279780	127.00
0.279800	124.00
0.279820	122.00
0.279840	124.00
0.279860	128.00
0.279880	128.00
0.279900	123.00
0.279920	120.00
0.279940	123.00
0.279960	129.00
0.279980	133.00
0.280000	130.00
0.280020	125.00
0.280040	123.00
0.280060	126.00
0.280080	132.00
0.280100	135.00
0.280120	135.00
0.280140	133.00
0.280160	130.00
0.280180	127.00
0.280200	125.00
0.280220	125.00
0.280240	126.00
0.280260	127.00
0.280280	128.00
0.280300	127.00
0.280320	126.00
0.280340	125.00
0.280360	124.00
0.280380	123.00
0.280400	122.00
0.280420	122.00
0.280440	122.00
0.280460	122.00
0.280480	121.00
0.280500	120.00
0.280520	121.00
0.280540	122.00
0.280560	123.00
0.280580	122.00
0.280600	120.00
0.280620	119.00
0.280640	119.00
0.280660	120.00
0.280680	121.00
0.280700	122.00
0.280720	124.00
0.280740	128.00
0.280760	130.00
0.280780	131.00
0.280800	128.00
0.280820	126.00
0.280840	126.00
0.280860	127.00
0.280880	126.00
0.280900	124.00
0.280920	122.00
0.280940	123.00
0.280960	125.00
0.280980	127.00
0.281000	127.00
0.281020	125.00
0.281040	124.00
0.281060	124.00
0.281080	125.00
0.281100	128.00
0.281120	130.00
0.281140	132.00
0.281160	132.00
0.281180	130.00
0.281200	128.00
0.281220	126.00
0.281240	126.00
0.281260	127.00
0.281280	129.00
0.281300	129.00
0.281320	128.00
0.281340	126.00
0.281360	124.00
0.281380	123.00
0.281400	122.00
0.281420	123.00
0.281440	123.00
0.281460	123.00
0.281480	122.00
0.281500	120.00
0.281520	120.00
0.281540	122.00
0.281560	124.00
0.281580	125.00
0.281600	125.00
0.281620	125.00
0.281640	125.00
0.281660	125.00
0.281680	124.00
0.281700	122.00
0.281720	122.00
0.281740	123.00
0.281760	125.00
0.281780	127.00
0.281800	126.00
0.281820	124.00
0.281840	122.00
0.281860	122.00
0.281880	124.00
0.281900	126.00
0.281920	128.00
0.281940	128.00
0.281960	127.00
0.281980	126.00
0.282000	126.00
0.282020	127.00
0.282040	128.00
0.282060	128.00
0.282080	127.00
0.282100	126.00
0.282120	126.00
0.282140	126.00
0.282160	125.00
0.282180	125.00
0.282200	125.00
0.282220	125.00
0.282240	126.00
0.282260	125.00
0.282280	124.00
0.282300	124.00
0.282320	125.00
0.282340	126.00
0.282360	126.00
0.282380	125.00
0.282400	124.00
0.282420	125.00
0.282440	127.00
0.282460	129.00
0.282480	128.00
0.282500	126.00
0.282520	126.00
0.282540	126.00
0.282560	125.00
0.282580	123.00
0.282600	119.00
0.282620	116.00
0.282640	116.00
0.282660	118.00
0.282680	121.00
0.282700	123.00
0.282720	126.00
0.282740	128.00
0.282760	131.00
0.282780	131.00
0.282800	131.00
0.282820	131.00
0.282840	131.00
0.282860	131.00
0.282880	129.00
0.282900	126.00
0.282920	122.00
0.282940	121.00
0.282960	121.00
0.282980	122.00
0.283000	125.00
0.283020	128.00
0.283040	130.00
0.283060	130.00
0.283080	129.00
0.283100	129.00
0.283120	131.00
0.283140	134.00
0.283160	135.00
0.283180	133.00
0.283200	129.00
0.283220	126.00
0.283240	125.00
0.283260	125.00
0.283280	124.00
0.283300	123.00
0.283320	122.00
0.283340	121.00
0.283360	120.00
0.283380	118.00
0.283400	115.00
0.283420	116.00
0.283440	119.00
0.283460	123.00
0.283480	124.00
0.283500	122.00
0.283520	121.00
0.283540	122.00
0.283560	125.00
0.283580	127.00
0.283600	126.00
0.283620	124.00
0.283640	124.00
0.283660	126.00
0.283680	130.00
0.283700	131.00
0.283720	130.00
0.283740	128.00
0.283760	127.00
0.283780	127.00
0.283800	129.00
0.283820	130.00
0.283840	131.00
0.283860	131.00
0.283880	129.00
0.283900	127.00
0.283920	127.00
0.283940	128.00
0.283960	129.00
0.283980	128.00
0.284000	127.00
0.284020	127.00
0.284040	129.00
0.284060	132.00
0.284080	134.00
0.284100	132.00
0.284120	128.00
0.284140	125.00
0.284160	124.00
0.284180	123.00
0.284200	122.00
0.284220	121.00
0.284240	121.00
0.284260	122.00
0.284280	122.00
0.284300	121.00
0.284320	120.00
0.284340	122.00
0.284360	123.00
0.284380	124.00
0.284400	122.00
0.284420	119.00
0.284440	118.00
0.284460	118.00
0.284480	120.00
0.284500	121.00
0.284520	120.00
0.284540	121.00
0.284560	123.00
0.284580	128.00
0.284600	131.00
0.284620	132.00
0.284640	131.00
0.284660	128.00
0.284680	126.00
0.284700	124.00
0.284720	124.00
0.284740	125.00
0.284760	127.00
0.284780	129.00
0.284800	129.00
0.284820	128.00
0.284840	127.00
0.284860	129.00
0.284880	131.00
0.284900	132.00
0.284920	132.00
0.284940	131.00
0.284960	131.00
0.284980	131.00
0.285000	131.00
0.285020	130.00
0.285040	128.00
0.285060	127.00
0.285080	125.00
0.285100	125.00
0.285120	125.00
0.285140	124.00
0.285160	123.00
0.285180	122.00
0.285200	120.00
0.285220	120.00
0.285240	122.00
0.285260	124.00
0.285280	125.00
0.285300	124.00
0.285320	121.00
0.285340	118.00
0.285360	117.00
0.285380	118.00
0.285400	120.00
0.285420	121.00
0.285440	122.00
0.285460	122.00
0.285480	122.00
0.285500	123.00
0.285520	126.00
0.285540	127.00
0.285560	128.00
0.285580	129.00
0.285600	129.00
0.285620	131.00
0.285640	133.00
0.285660	132.00
0.285680	130.00
0.285700	128.00
0.285720	126.00
0.285740	127.00
0.285760	128.00
0.285780	128.00
0.285800	127.00
0.285820	127.00
0.285840	127.00
0.285860	128.00
0.285880	128.00
0.285900	127.00
0.285920	126.00
0.285940	125.00
0.285960	125.00
0.285980	124.00
0.286000	123.00
0.286020	124.00
0.286040	125.00
0.286060	128.00
0.286080	130.00
0.286100	129.00
0.286120	128.00
0.286140	127.00
0.286160	127.00
0.286180	127.00
0.286200	126.00
0.286220	124.00
0.286240	122.00
0.286260	119.00
0.286280	118.00
0.286300	119.00
0.286320	121.00
0.286340	123.00
0.286360	123.00
0.286380	122.00
0.286400	119.00
0.286420	117.00
0.286440	118.00
0.286460	121.00
0.286480	124.00
0.286500	127.00
0.286520	128.00
0.286540	128.00
0.286560	127.00
0.286580	127.00
0.286600	126.00
0.286620	125.00
0.286640	124.00
0.286660	123.00
0.286680	123.00
0.286700	123.00
0.286720	124.00
0.286740	126.00
0.286760	128.00
0.286780	129.00
0.286800	129.00
0.286820	129.00
0.286840	129.00
0.286860	129.00
0.286880	130.00
0.286900	129.00
0.286920	128.00
0.286940	127.00
0.286960	128.00
0.286980	129.00
0.287000	129.00
0.287020	129.00
0.287040	128.00
0.287060	128.00
0.287080	128.00
0.287100	127.00
0.287120	126.00
0.287140	126.00
0.287160	125.00
0.287180	125.00
0.287200	125.00
0.287220	124.00
0.287240	122.00
0.287260	121.00
0.287280	120.00
0.287300	121.00
0.287320	123.00
0.287340	124.00
0.287360	126.00
0.287380	127.00
0.287400	127.00
0.287420	126.00
0.287440	125.00
0.287460	124.00
0.287480	125.00
0.287500	128.00
0.287520	131.00
0.287540	132.00
0.287560	131.00
0.287580	128.00
0.287600	125.00
0.287620	124.00
0.287640	125.00
0.287660	127.00
0.287680	128.00
0.287700	128.00
0.287720	127.00
0.287740	125.00
0.287760	125.00
0.287780	125.00
0.287800	127.00
0.287820	129.00
0.287840	131.00
0.287860	131.00
0.287880	129.00
0.287900	127.00
0.287920	126.00
0.287940	126.00
0.287960	127.00
0.287980	127.00
0.288000	126.00
0.288020	125.00
0.288040	126.00
0.288060	126.00
0.288080	126.00
0.288100	126.00
0.288120	124.00
0.288140	123.00
0.288160	121.00
0.288180	119.00
0.288200	118.00
0.288220	118.00
0.288240	119.00
0.288260	120.00
0.288280	119.00
0.288300	118.00
0.288320	118.00
0.288340	120.00
0.288360	122.00
0.288380	122.00
0.288400	121.00
0.288420	120.00
0.288440	122.00
0.288460	126.00
0.288480	132.00
0.288500	135.00
0.288520	134.00
0.288540	132.00
0.288560	128.00
0.288580	126.00
0.288600	126.00
0.288620	127.00
0.288640	129.00
0.288660	129.00
0.288680	128.00
0.288700	127.00
0.288720	127.00
0.288740	128.00
0.288760	128.00
0.288780	126.00
0.288800	124.00
0.288820	125.00
0.288840	128.00
0.288860	132.00
0.288880	132.00
0.288900	129.00
0.288920	126.00
0.288940	126.00
0.288960	129.00
0.288980	131.00
0.289000	130.00
0.289020	127.00
0.289040	126.00
0.289060	125.00
0.289080	125.00
0.289100	124.00
0.289120	124.00
0.289140	124.00
0.289160	126.00
0.289180	127.00
0.289200	125.00
0.289220	122.00
0.289240	120.00
0.289260	121.00
0.289280	123.00
0.289300	123.00
0.289320	122.00
0.289340	120.00
0.289360	120.00
0.289380	121.00
0.289400	122.00
0.289420	123.00
0.289440	124.00
0.289460	126.00
0.289480	130.00
0.289500	134.00
0.289520	136.00
0.289540	134.00
0.289560	130.00
0.289580	127.00
0.289600	125.00
0.289620	126.00
0.289640	126.00
0.289660	127.00
0.289680	129.00
0.289700	129.00
0.289720	130.00
0.289740	130.00
0.289760	130.00
0.289780	130.00
0.289800	129.00
0.289820	129.00
0.289840	128.00
0.289860	126.00
0.289880	124.00
0.289900	122.00
0.289920	123.00
0.289940	125.00
0.289960	126.00
0.289980	126.00
0.290000	125.00
0.290020	123.00
0.290040	123.00
0.290060	123.00
0.290080	123.00
0.290100	121.00
0.290120	119.00
0.290140	119.00
0.290160	120.00
0.290180	120.00
0.290200	120.00
0.290220	120.00
0.290240	121.00
0.290260	122.00
0.290280	123.00
0.290300	123.00
0.290320	123.00
0.290340	123.00
0.290360	124.00
0.290380	125.00
0.290400	126.00
0.290420	127.00
0.290440	128.00
0.290460	130.00
0.290480	130.00
0.290500	128.00
0.290520	125.00
0.290540	124.00
0.290560	127.00
0.290580	131.00
0.290600	132.00
0.290620	130.00
0.290640	127.00
0.290660	124.00
0.290680	123.00
0.290700	124.00
0.290720	127.00
0.290740	129.00
0.290760	131.00
0.290780	130.00
0.290800	127.00
0.290820	123.00
0.290840	121.00
0.290860	121.00
0.290880	123.00
0.290900	124.00
0.290920	124.00
0.290940	122.00
0.290960	121.00
0.290980	121.00
0.291000	123.00
0.291020	125.00
0.291040	127.00
0.291060	128.00
0.291080	128.00
0.291100	126.00
0.291120	124.00
0.291140	124.00
0.291160	125.00
0.291180	126.00
0.291200	124.00
0.291220	122.00
0.291240	120.00
0.291260	122.00
0.291280	125.00
0.291300	128.00
0.291320	127.00
0.291340	125.00
0.291360	125.00
0.291380	127.00
0.291400	129.00
0.291420	129.00
0.291440	127.00
0.291460	126.00
0.291480	127.00
0.291500	128.00
0.291520	129.00
0.291540	128.00
0.291560	127.00
0.291580	128.00
0.291600	129.00
0.291620	128.00
0.291640	125.00
0.291660	123.00
0.291680	124.00
0.291700	128.00
0.291720	133.00
0.291740	135.00
0.291760	134.00
0.291780	131.00
0.291800	129.00
0.291820	128.00
0.291840	127.00
0.291860	127.00
0.291880	127.00
0.291900	128.00
0.291920	127.00
0.291940	126.00
0.291960	123.00
0.291980	120.00
0.292000	119.00
0.292020	119.00
0.292040	120.00
0.292060	121.00
0.292080	121.00
0.292100	122.00
0.292120	123.00
0.292140	123.00
0.292160	121.00
0.292180	120.00
0.292200	119.00
0.292220	119.00
0.292240	120.00
0.292260	120.00
0.292280	120.00
0.292300	121.00
0.292320	124.00
0.292340	127.00
0.292360	130.00
0.292380	131.00
0.292400	130.00
0.292420	127.00
0.292440	125.00
0.292460	125.00
0.292480	128.00
0.292500	131.00
0.292520	133.00
0.292540	131.00
0.292560	128.00
0.292580	127.00
0.292600	128.00
0.292620	131.00
0.292640	133.00
0.292660	133.00
0.292680	132.00
0.292700	130.00
0.292720	130.00
0.292740	130.00
0.292760	128.00
0.292780	126.00
0.292800	125.00
0.292820	127.00
0.292840	130.00
0.292860	132.00
0.292880	132.00
0.292900	129.00
0.292920	126.00
0.292940	123.00
0.292960	119.00
0.292980	117.00
0.293000	115.00
0.293020	116.00
0.293040	118.00
0.293060	120.00
0.293080	121.00
0.293100	121.00
0.293120	120.00
0.293140	120.00
0.293160	120.00
0.293180	120.00
0.293200	120.00
0.293220	119.00
0.293240	120.00
0.293260	122.00
0.293280	125.00
0.293300	128.00
0.293320	130.00
0.293340	130.00
0.293360	128.00
0.293380	126.00
0.293400	124.00
0.293420	123.00
0.293440	124.00
0.293460	126.00
0.293480	127.00
0.293500	128.00
0.293520	129.00
0.293540	130.00
0.293560	130.00
0.293580	128.00
0.293600	127.00
0.293620	127.00
0.293640	128.00
0.293660	130.00
0.293680	130.00
0.293700	129.00
0.293720	128.00
0.293740	126.00
0.293760	124.00
0.293780	121.00
0.293800	119.00
0.293820	119.00
0.293840	120.00
0.293860	122.00
0.293880	124.00
0.293900	126.00
0.293920	128.00
0.293940	130.00
0.293960	130.00
0.293980	128.00
0.294000	125.00
0.294020	122.00
0.294040	121.00
0.294060	121.00
0.294080	119.00
0.294100	117.00
0.294120	115.00
0.294140	117.00
0.294160	121.00
0.294180	124.00
0.294200	123.00
0.294220	121.00
0.294240	122.00
0.294260	126.00
0.294280	132.00
0.294300	137.00
0.294320	137.00
0.294340	132.00
0.294360	122.00
0.294380	111.00
0.294400	101.00
0.294420	99.00
0.294440	108.00
0.294460	126.00
0.294480	149.00
0.294500	168.00
0.294520	175.00
0.294540	167.00
0.294560	146.00
0.294580	117.00
0.294600	89.00
0.294620	71.00
0.294640	71.00
0.294660	89.00
0.294680	118.00
0.294700	151.00
0.294720	176.00
0.294740	186.00
0.294760	177.00
0.294780	153.00
0.294800	121.00
0.294820	93.00
0.294840	77.00
0.294860	77.00
0.294880	90.00
0.294900	109.00
0.294920	127.00
0.294940	141.00
0.294960	148.00
0.294980	147.00
0.295000	141.00
0.295020	133.00
0.295040	126.00
0.295060	122.00
0.295080	119.00
0.295100	114.00
0.295120	108.00
0.295140	105.00
0.295160	107.00
0.295180	115.00
0.295200	124.00
0.295220	131.00
0.295240	134.00
0.295260	135.00
0.295280	133.00
0.295300	131.00
0.295320	127.00
0.295340	125.00
0.295360	126.00
0.295380	129.00
0.295400	131.00
0.295420	130.00
0.295440	126.00
0.295460	119.00
0.295480	114.00
0.295500	113.00
0.295520	118.00
0.295540	130.00
0.295560	145.00
0.295580	156.00
0.295600	157.00
0.295620	148.00
0.295640	131.00
0.295660	114.00
0.295680	103.00
0.295700	100.00
0.295720	106.00
0.295740	121.00
0.295760	139.00
0.295780	153.00
0.295800	157.00
0.295820	149.00
0.295840	130.00
0.295860	110.00
0.295880	95.00
0.295900	92.00
0.295920	102.00
0.295940	120.00
0.295960	140.00
0.295980	153.00
0.296000	152.00
0.296020	137.00
0.296040	115.00
0.296060	96.00
0.296080	89.00
0.296100	97.00
0.296120	114.00
0.296140	133.00
0.296160	148.00
0.296180	153.00
0.296200	150.00
0.296220	139.00
0.296240	125.00
0.296260	115.00
0.296280	111.00
0.296300	114.00
0.296320	120.00
0.296340	125.00
0.296360	129.00
0.296380	130.00
0.296400	129.00
0.296420	125.00
0.296440	120.00
0.296460	119.00
0.296480	122.00
0.296500	130.00
0.296520	137.00
0.296540	141.00
0.296560	140.00
0.296580	134.00
0.296600	126.00
0.296620	118.00
0.296640	112.00
0.296660	110.00
0.296680	112.00
0.296700	121.00
0.296720	134.00
0.296740	146.00
0.296760	153.00
0.296780	152.00
0.296800	142.00
0.296820	127.00
0.296840	110.00
0.296860	97.00
0.296880	92.00
0.296900	95.00
0.296920	107.00
0.296940	122.00
0.296960	136.00
0.296980	147.00
0.297000	151.00
0.297020	149.00
0.297040	142.00
0.297060	133.00
0.297080	122.00
0.297100	112.00
0.297120	104.00
0.297140	100.00
0.297160	102.00
0.297180	109.00
0.297200	121.00
0.297220	134.00
0.297240	147.00
0.297260	157.00
0.297280	161.00
0.297300	159.00
0.297320	148.00
0.297340	130.00
0.297360	110.00
0.297380	94.00
0.297400	88.00
0.297420	94.00
0.297440	111.00
0.297460	131.00
0.297480	149.00
0.297500	161.00
0.297520	164.00
0.297540	158.00
0.297560	146.00
0.297580	132.00
0.297600	120.00
0.297620	112.00
0.297640	109.00
0.297660	109.00
0.297680	112.00
0.297700	116.00
0.297720	120.00
0.297740	122.00
0.297760	123.00
0.297780	124.00
0.297800	126.00
0.297820	130.00
0.297840	134.00
0.297860	135.00
0.297880	132.00
0.297900	127.00
0.297920	121.00
0.297940	116.00
0.297960	113.00
0.297980	110.00
0.298000	109.00
0.298020	111.00
0.298040	116.00
0.298060	123.00
0.298080	131.00
0.298100	138.00
0.298120	145.00
0.298140	149.00
0.298160	149.00
0.298180	142.00
0.298200	129.00
0.298220	114.00
0.298240	103.00
0.298260	100.00
0.298280	105.00
0.298300	115.00
0.298320	127.00
0.298340	138.00
0.298360	146.00
0.298380	151.00
0.298400	149.00
0.298420	142.00
0.298440	132.00
0.298460	123.00
0.298480	117.00
0.298500	115.00
0.298520	116.00
0.298540	117.00
0.298560	120.00
0.298580	122.00
0.298600	123.00
0.298620	125.00
0.298640	128.00
0.298660	135.00
0.298680	143.00
0.298700	148.00
0.298720	145.00
0.298740	134.00
0.298760	117.00
0.298780	103.00
0.298800	96.00
0.298820	98.00
0.298840	105.00
0.298860	116.00
0.298880	126.00
0.298900	134.00
0.298920	138.00
0.298940	138.00
0.298960	134.00
0.298980	127.00
0.299000	120.00
0.299020	116.00
0.299040	118.00
0.299060	123.00
0.299080	128.00
0.299100	130.00
0.299120	126.00
0.299140	119.00
0.299160	115.00
0.299180	115.00
0.299200	122.00
0.299220	131.00
0.299240	138.00
0.299260	141.00
0.299280	138.00
0.299300	132.00
0.299320	125.00
0.299340	118.00
0.299360	115.00
0.299380	116.00
0.299400	119.00
0.299420	124.00
0.299440	129.00
0.299460	132.00
0.299480	135.00
0.299500	137.00
0.299520	139.00
0.299540	139.00
0.299560	138.00
0.299580	134.00
0.299600	129.00
0.299620	123.00
0.299640	115.00
0.299660	107.00
0.299680	101.00
0.299700	101.00
0.299720	108.00
0.299740	119.00
0.299760	132.00
0.299780	142.00
0.299800	146.00
0.299820	144.00
0.299840	136.00
0.299860	125.00
0.299880	112.00
0.299900	102.00
0.299920	96.00
0.299940	97.00
0.299960	105.00
0.299980	117.00
0.300000	128.00
0.300020	137.00
0.300040	140.00
0.300060	141.00
0.300080	139.00
0.300100	134.00
0.300120	127.00
0.300140	119.00
0.300160	113.00
0.300180	111.00
0.300200	113.00
0.300220	118.00
0.300240	123.00
0.300260	128.00
0.300280	134.00
0.300300	140.00
0.300320	145.00
0.300340	146.00
0.300360	143.00
0.300380	137.00
0.300400	129.00
0.300420	122.00
0.300440	116.00
0.300460	114.00
0.300480	116.00
0.300500	122.00
0.300520	128.00
0.300540	131.00
0.300560	131.00
0.300580	130.00
0.300600	129.00
0.300620	128.00
0.300640	126.00
0.300660	122.00
0.300680	120.00
0.300700	121.00
0.300720	125.00
0.300740	129.00
0.300760	130.00
0.300780	127.00
0.300800	122.00
0.300820	119.00
0.300840	118.00
0.300860	117.00
0.300880	115.00
0.300900	113.00
0.300920	114.00
0.300940	117.00
0.300960	123.00
0.300980	127.00
0.301000	130.00
0.301020	131.00
0.301040	132.00
0.301060	133.00
0.301080	133.00
0.301100	130.00
0.301120	126.00
0.301140	122.00
0.301160	119.00
0.301180	119.00
0.301200	121.00
0.301220	125.00
0.301240	130.00
0.301260	133.00
0.301280	134.00
0.301300	132.00
0.301320	129.00
0.301340	126.00
0.301360	123.00
0.301380	123.00
0.301400	125.00
0.301420	129.00
0.301440	134.00
0.301460	137.00
0.301480	136.00
0.301500	130.00
0.301520	124.00
0.301540	120.00
0.301560	119.00
0.301580	120.00
0.301600	123.00
0.301620	127.00
0.301640	131.00
0.301660	131.00
0.301680	128.00
0.301700	123.00
0.301720	117.00
0.301740	115.00
0.301760	115.00
0.301780	118.00
0.301800	120.00
0.301820	123.00
0.301840	125.00
0.301860	126.00
0.301880	127.00
0.301900	126.00
0.301920	124.00
0.301940	122.00
0.301960	121.00
0.301980	120.00
0.302000	121.00
0.302020	123.00
0.302040	126.00
0.302060	130.00
0.302080	132.00
0.302100	134.00
0.302120	134.00
0.302140	134.00
0.302160	133.00
0.302180	130.00
0.302200	125.00
0.302220	121.00
0.302240	119.00
0.302260	120.00
0.302280	123.00
0.302300	127.00
0.302320	132.00
0.302340	136.00
0.302360	138.00
0.302380	137.00
0.302400	133.00
0.302420	127.00
0.302440	120.00
0.302460	116.00
0.302480	113.00
0.302500	112.00
0.302520	115.00
0.302540	122.00
0.302560	129.00
0.302580	135.00
0.302600	137.00
0.302620	135.00
0.302640	132.00
0.302660	129.00
0.302680	125.00
0.302700	119.00
0.302720	114.00
0.302740	110.00
0.302760	111.00
0.302780	114.00
0.302800	119.00
0.302820	122.00
0.302840	124.00
0.302860	125.00
0.302880	127.00
0.302900	127.00
0.302920	126.00
0.302940	126.00
0.302960	127.00
0.302980	128.00
0.303000	130.00
0.303020	130.00
0.303040	130.00
0.303060	129.00
0.303080	127.00
0.303100	124.00
0.303120	122.00
0.303140	123.00
0.303160	127.00
0.303180	132.00
0.303200	135.00
0.303220	135.00
0.303240	132.00
0.303260	131.00
0.303280	131.00
0.303300	131.00
0.303320	129.00
0.303340	128.00
0.303360	126.00
0.303380	126.00
0.303400	127.00
0.303420	128.00
0.303440	127.00
0.303460	126.00
0.303480	124.00
0.303500	122.00
0.303520	119.00
0.303540	118.00
0.303560	120.00
0.303580	123.00
0.303600	126.00
0.303620	128.00
0.303640	129.00
0.303660	130.00
0.303680	130.00
0.303700	127.00
0.303720	121.00
0.303740	114.00
0.303760	112.00
0.303780	114.00
0.303800	118.00
0.303820	120.00
0.303840	120.00
0.303860	120.00
0.303880	122.00
0.303900	127.00
0.303920	130.00
0.303940	129.00
0.303960	127.00
0.303980	126.00
0.304000	129.00
0.304020	133.00
0.304040	134.00
0.304060	130.00
0.304080	124.00
0.304100	120.00
0.304120	119.00
0.304140	122.00
0.304160	124.00
0.304180	126.00
0.304200	126.00
0.304220	126.00
0.304240	127.00
0.304260	128.00
0.304280	129.00
0.304300	128.00
0.304320	128.00
0.304340	130.00
0.304360	133.00
0.304380	135.00
0.304400	135.00
0.304420	131.00
0.304440	124.00
0.304460	120.00
0.304480	120.00
0.304500	124.00
0.304520	129.00
0.304540	132.00
0.304560	130.00
0.304580	127.00
0.304600	123.00
0.304620	121.00
0.304640	119.00
0.304660	119.00
0.304680	119.00
0.304700	120.00
0.304720	120.00
0.304740	121.00
0.304760	122.00
0.304780	122.00
0.304800	122.00
0.304820	121.00
0.304840	121.00
0.304860	121.00
0.304880	123.00
0.304900	126.00
0.304920	128.00
0.304940	128.00
0.304960	128.00
0.304980	128.00
0.305000	129.00
0.305020	130.00
0.305040	129.00
0.305060	127.00
0.305080	126.00
0.305100	126.00
0.305120	126.00
0.305140	127.00
0.305160	128.00
0.305180	129.00
0.305200	132.00
0.305220	135.00
0.305240	136.00
0.305260	134.00
0.305280	131.00
0.305300	127.00
0.305320	123.00
0.305340	121.00
0.305360	121.00
0.305380	122.00
0.305400	125.00
0.305420	129.00
0.305440	131.00
0.305460	131.00
0.305480	129.00
0.305500	124.00
0.305520	120.00
0.305540	117.00
0.305560	118.00
0.305580	120.00
0.305600	124.00
0.305620	126.00
0.305640	126.00
0.305660	124.00
0.305680	122.00
0.305700	121.00
0.305720	121.00
0.305740	121.00
0.305760	119.00
0.305780	118.00
0.305800	119.00
0.305820	123.00
0.305840	128.00
0.305860	131.00
0.305880	131.00
0.305900	129.00
0.305920	127.00
0.305940	126.00
0.305960	125.00
0.305980	125.00
0.306000	125.00
0.306020	126.00
0.306040	127.00
0.306060	128.00
0.306080	127.00
0.306100	127.00
0.306120	128.00
0.306140	129.00
0.306160	130.00
0.306180	130.00
0.306200	128.00
0.306220	126.00
0.306240	125.00
0.306260	125.00
0.306280	124.00
0.306300	122.00
0.306320	121.00
0.306340	123.00
0.306360	127.00
0.306380	131.00
0.306400	130.00
0.306420	126.00
0.306440	121.00
0.306460	120.00
0.306480	122.00
0.306500	126.00
0.306520	128.00
0.306540	128.00
0.306560	126.00
0.306580	122.00
0.306600	119.00
0.306620	115.00
0.306640	113.00
0.306660	113.00
0.306680	115.00
0.306700	119.00
0.306720	123.00
0.306740	127.00
0.306760	130.00
0.306780	133.00
0.306800	132.00
0.306820	129.00
0.306840	125.00
0.306860	122.00
0.306880	121.00
0.306900	123.00
0.306920	125.00
0.306940	128.00
0.306960	133.00
0.306980	138.00
0.307000	142.00
0.307020	140.00
0.307040	134.00
0.307060	126.00
0.307080	121.00
0.307100	119.00
0.307120	120.00
0.307140	122.00
0.307160	125.00
0.307180	127.00
0.307200	129.00
0.307220	131.00
0.307240	131.00
0.307260	131.00
0.307280	128.00
0.307300	126.00
0.307320	123.00
0.307340	121.00
0.307360	119.00
0.307380	119.00
0.307400	120.00
0.307420	122.00
0.307440	125.00
0.307460	128.00
0.307480	129.00
0.307500	128.00
0.307520	127.00
0.307540	125.00
0.307560	123.00
0.307580	121.00
0.307600	119.00
0.307620	118.00
0.307640	117.00
0.307660	118.00
0.307680	120.00
0.307700	121.00
0.307720	121.00
0.307740	123.00
0.307760	127.00
0.307780	131.00
0.307800	131.00
0.307820	128.00
0.307840	124.00
0.307860	122.00
0.307880	124.00
0.307900	126.00
0.307920	127.00
0.307940	125.00
0.307960	123.00
0.307980	124.00
0.308000	127.00
0.308020	129.00
0.308040	130.00
0.308060	130.00
0.308080	132.00
0.308100	135.00
0.308120	135.00
0.308140	133.00
0.308160	130.00
0.308180	127.00
0.308200	126.00
0.308220	125.00
0.308240	125.00
0.308260	125.00
0.308280	126.00
0.308300	129.00
0.308320	131.00
0.308340	129.00
0.308360	127.00
0.308380	126.00
0.308400	126.00
0.308420	127.00
0.308440	126.00
0.308460	122.00
0.308480	118.00
0.308500	116.00
0.308520	117.00
0.308540	120.00
0.308560	123.00
0.308580	126.00
0.308600	127.00
0.308620	127.00
0.308640	126.00
0.308660	125.00
0.308680	125.00
0.308700	126.00
0.308720	126.00
0.308740	126.00
0.308760	124.00
0.308780	123.00
0.308800	124.00
0.308820	125.00
0.308840	127.00
0.308860	128.00
0.308880	127.00
0.308900	126.00
0.308920	126.00
0.308940	126.00
0.308960	128.00
0.308980	129.00
0.309000	130.00
0.309020	128.00
0.309040	124.00
0.309060	121.00
0.309080	120.00
0.309100	121.00
0.309120	123.00
0.309140	125.00
0.309160	126.00
0.309180	127.00
0.309200	127.00
0.309220	127.00
0.309240	126.00
0.309260	125.00
0.309280	125.00
0.309300	126.00
0.309320	125.00
0.309340	124.00
0.309360	123.00
0.309380	123.00
0.309400	124.00
0.309420	125.00
0.309440	125.00
0.309460	125.00
0.309480	125.00
0.309500	125.00
0.309520	126.00
0.309540	124.00
0.309560	123.00
0.309580	124.00
0.309600	126.00
0.309620	129.00
0.309640	131.00
0.309660	131.00
0.309680	131.00
0.309700	131.00
0.309720	131.00
0.309740	129.00
0.309760	125.00
0.309780	123.00
0.309800	123.00
0.309820	125.00
0.309840	128.00
0.309860	130.00
0.309880	131.00
0.309900	132.00
0.309920	132.00
0.309940	130.00
0.309960	128.00
0.309980	126.00
0.310000	127.00
0.310020	130.00
0.310040	133.00
0.310060	133.00
0.310080	132.00
0.310100	132.00
0.310120	132.00
0.310140	131.00
0.310160	128.00
0.310180	124.00
0.310200	122.00
0.310220	121.00
0.310240	121.00
0.310260	119.00
0.310280	117.00
0.310300	118.00
0.310320	123.00
0.310340	127.00
0.310360	128.00
0.310380	125.00
0.310400	120.00
0.310420	116.00
0.310440	116.00
0.310460	117.00
0.310480	118.00
0.310500	117.00
0.310520	117.00
0.310540	118.00
0.310560	120.00
0.310580	122.00
0.310600	124.00
0.310620	126.00
0.310640	127.00
0.310660	128.00
0.310680	127.00
0.310700	126.00
0.310720	125.00
0.310740	126.00
0.310760	127.00
0.310780	129.00
0.310800	129.00
0.310820	129.00
0.310840	129.00
0.310860	129.00
0.310880	130.00
0.310900	130.00
0.310920	128.00
0.310940	124.00
0.310960	122.00
0.310980	123.00
0.311000	126.00
0.311020	129.00
0.311040	131.00
0.311060	131.00
0.311080	132.00
0.311100	132.00
0.311120	132.00
0.311140	130.00
0.311160	125.00
0.311180	122.00
0.311200	122.00
0.311220	123.00
0.311240	125.00
0.311260	126.00
0.311280	125.00
0.311300	124.00
0.311320	124.00
0.311340	124.00
0.311360	124.00
0.311380	123.00
0.311400	122.00
0.311420	122.00
0.311440	122.00
0.311460	122.00
0.311480	121.00
0.311500	121.00
0.311520	122.00
0.311540	123.00
0.311560	123.00
0.311580	123.00
0.311600	124.00
0.311620	126.00
0.311640	129.00
0.311660	131.00
0.311680	130.00
0.311700	128.00
0.311720	127.00
0.311740	128.00
0.311760	128.00
0.311780	128.00
0.311800	127.00
0.311820	126.00
0.311840	126.00
0.311860	125.00
0.311880	125.00
0.311900	124.00
0.311920	123.00
0.311940	124.00
0.311960	126.00
0.311980	129.00
0.312000	132.00
0.312020	133.00
0.312040	133.00
0.312060	131.00
0.312080	129.00
0.312100	127.00
0.312120	126.00
0.312140	125.00
0.312160	122.00
0.312180	120.00
0.312200	118.00
0.312220	117.00
0.312240	119.00
0.312260	122.00
0.312280	124.00
0.312300	126.00
0.312320	128.00
0.312340	128.00
0.312360	126.00
0.312380	125.00
0.312400	123.00
0.312420	121.00
0.312440	120.00
0.312460	118.00
0.312480	118.00
0.312500	119.00
0.312520	121.00
0.312540	125.00
0.312560	128.00
0.312580	129.00
0.312600	130.00
0.312620	129.00
0.312640	127.00
0.312660	125.00
0.312680	124.00
0.312700	124.00
0.312720	125.00
0.312740	127.00
0.312760	129.00
0.312780	130.00
0.312800	130.00
0.312820	129.00
0.312840	128.00
0.312860	127.00
0.312880	127.00
0.312900	129.00
0.312920	130.00
0.312940	131.00
0.312960	130.00
0.312980	128.00
0.313000	126.00
0.313020	126.00
0.313040	126.00
0.313060	126.00
0.313080	126.00
0.313100	127.00
0.313120	127.00
0.313140	127.00
0.313160	126.00
0.313180	125.00
0.313200	124.00
0.313220	124.00
0.313240	125.00
0.313260	125.00
0.313280	124.00
0.313300	122.00
0.313320	120.00
0.313340	120.00
0.313360	119.00
0.313380	119.00
0.313400	118.00
0.313420	119.00
0.313440	121.00
0.313460	124.00
0.313480	124.00
0.313500	121.00
0.313520	119.00
0.313540	119.00
0.313560	122.00
0.313580	127.00
0.313600	130.00
0.313620	131.00
0.313640	130.00
0.313660	131.00
0.313680	132.00
0.313700	132.00
0.313720	130.00
0.313740	126.00
0.313760	124.00
0.313780	124.00
0.313800	127.00
0.313820	128.00
0.313840	127.00
0.313860	125.00
0.313880	125.00
0.313900	126.00
0.313920	127.00
0.313940	127.00
0.313960	128.00
0.313980	131.00
0.314000	133.00
0.314020	132.00
0.314040	126.00
0.314060	118.00
0.314080	114.00
0.314100	115.00
0.314120	120.00
0.314140	124.00
0.314160	125.00
0.314180	124.00
0.314200	124.00
0.314220	126.00
0.314240	128.00
0.314260	128.00
0.314280	127.00
0.314300	124.00
0.314320	121.00
0.314340	118.00
0.314360	117.00
0.314380	117.00
0.314400	120.00
0.314420	123.00
0.314440	124.00
0.314460	123.00
0.314480	121.00
0.314500	123.00
0.314520	126.00
0.314540	128.00
0.314560	127.00
0.314580	125.00
0.314600	125.00
0.314620	127.00
0.314640	131.00
0.314660	132.00
0.314680	131.00
0.314700	129.00
0.314720	129.00
0.314740	131.00
0.314760	131.00
0.314780	130.00
0.314800	128.00
0.314820	126.00
0.314840	127.00
0.314860	128.00
0.314880	128.00
0.314900	128.00
0.314920	129.00
0.314940	132.00
0.314960	133.00
0.314980	132.00
0.315000	129.00
0.315020	126.00
0.315040	124.00
0.315060	123.00
0.315080	124.00
0.315100	124.00
0.315120	124.00
0.315140	123.00
0.315160	122.00
0.315180	121.00
0.315200	121.00
0.315220	122.00
0.315240	124.00
0.315260	125.00
0.315280	123.00
0.315300	120.00
0.315320	117.00
0.315340	118.00
0.315360	120.00
0.315380	122.00
0.315400	123.00
0.315420	121.00
0.315440	120.00
0.315460	121.00
0.315480	125.00
0.315500	130.00
0.315520	133.00
0.315540	133.00
0.315560	131.00
0.315580	129.00
0.315600	129.00
0.315620	129.00
0.315640	128.00
0.315660	126.00
0.315680	123.00
0.315700	123.00
0.315720	124.00
0.315740	127.00
0.315760	128.00
0.315780	128.00
0.315800	128.00
0.315820	128.00
0.315840	128.00
0.315860	127.00
0.315880	126.00
0.315900	125.00
0.315920	124.00
0.315940	124.00
0.315960	125.00
0.315980	128.00
0.316000	130.00
0.316020	131.00
0.316040	129.00
0.316060	125.00
0.316080	122.00
0.316100	121.00
0.316120	123.00
0.316140	125.00
0.316160	125.00
0.316180	124.00
0.316200	124.00
0.316220	125.00
0.316240	125.00
0.316260	124.00
0.316280	120.00
0.316300	118.00
0.316320	118.00
0.316340	120.00
0.316360	123.00
0.316380	124.00
0.316400	124.00
0.316420	125.00
0.316440	127.00
0.316460	129.00
0.316480	130.00
0.316500	130.00
0.316520	127.00
0.316540	125.00
0.316560	122.00
0.316580	122.00
0.316600	124.00
0.316620	127.00
0.316640	131.00
0.316660	132.00
0.316680	130.00
0.316700	128.00
0.316720	126.00
0.316740	127.00
0.316760	126.00
0.316780	124.00
0.316800	121.00
0.316820	120.00
0.316840	122.00
0.316860	126.00
0.316880	129.00
0.316900	130.00
0.316920	127.00
0.316940	124.00
0.316960	121.00
0.316980	120.00
0.317000	121.00
0.317020	122.00
0.317040	124.00
0.317060	124.00
0.317080	123.00
0.317100	121.00
0.317120	120.00
0.317140	121.00
0.317160	123.00
0.317180	125.00
0.317200	125.00
0.317220	122.00
0.317240	120.00
0.317260	121.00
0.317280	123.00
0.317300	126.00
0.317320	126.00
0.317340	125.00
0.317360	123.00
0.317380	124.00
0.317400	127.00
0.317420	130.00
0.317440	132.00
0.317460	131.00
0.317480	128.00
0.317500	126.00
0.317520	126.00
0.317540	128.00
0.317560	130.00
0.317580	132.00
0.317600	132.00
0.317620	130.00
0.317640	129.00
0.317660	128.00
0.317680	129.00
0.317700	130.00
0.317720	130.00
0.317740	129.00
0.317760	129.00
0.317780	130.00
0.317800	132.00
0.317820	132.00
0.317840	130.00
0.317860	127.00
0.317880	125.00
0.317900	127.00
0.317920	129.00
0.317940	130.00
0.317960	128.00
0.317980	125.00
0.318000	124.00
0.318020	125.00
0.318040	127.00
0.318060	126.00
0.318080	124.00
0.318100	122.00
0.318120	122.00
0.318140	122.00
0.318160	123.00
0.318180	122.00
0.318200	122.00
0.318220	122.00
0.318240	122.00
0.318260	121.00
0.318280	120.00
0.318300	120.00
0.318320	120.00
0.318340	120.00
0.318360	120.00
0.318380	121.00
0.318400	122.00
0.318420	125.00
0.318440	126.00
0.318460	127.00
0.318480	128.00
0.318500	129.00
0.318520	130.00
0.318540	130.00
0.318560	129.00
0.318580	126.00
0.318600	126.00
0.318620	128.00
0.318640	130.00
0.318660	132.00
0.318680	132.00
0.318700	132.00
0.318720	134.00
0.318740	136.00
0.318760	136.00
0.318780	133.00
0.318800	129.00
0.318820	127.00
0.318840	127.00
0.318860	128.00
0.318880	128.00
0.318900	127.00
0.318920	126.00
0.318940	124.00
0.318960	122.00
0.318980	120.00
0.319000	119.00
0.319020	120.00
0.319040	122.00
0.319060	122.00
0.319080	121.00
0.319100	120.00
0.319120	120.00
0.319140	123.00
0.319160	126.00
0.319180	127.00
0.319200	126.00
0.319220	125.00
0.319240	125.00
0.319260	126.00
0.319280	125.00
0.319300	124.00
0.319320	123.00
0.319340	123.00
0.319360	124.00
0.319380	126.00
