0.279400	101.00
0.279420	48.00
0.279440	98.00
0.279460	137.00
0.279480	143.00
0.279500	127.00
0.279520	114.00
0.279540	119.00
0.279560	132.00
0.279580	137.00
0.279600	131.00
0.279620	124.00
0.279640	124.00
0.279660	132.00
0.279680	138.00
0.279700	138.00
0.279720	134.00
0.279740	131.00
0.279760	130.00
0.279780	129.00
0.279800	126.00
0.279820	124.00
0.279840	125.00
0.279860	127.00
0.279880	127.00
0.279900	123.00
0.279920	120.00
0.279940	121.00
0.279960	125.00
0.279980	128.00
0.280000	127.00
0.280020	125.00
0.280040	123.00
0.280060	124.00
0.280080	124.00
0.280100	122.00
0.280120	119.00
0.280140	118.00
0.280160	119.00
0.280180	121.00
0.280200	121.00
0.280220	120.00
0.280240	120.00
0.280260	121.00
0.280280	123.00
0.280300	124.00
0.280320	126.00
0.280340	127.00
0.280360	129.00
0.280380	129.00
0.280400	127.00
0.280420	125.00
0.280440	126.00
0.280460	128.00
0.280480	129.00
0.280500	129.00
0.280520	128.00
0.280540	127.00
0.280560	127.00
0.280580	126.00
0.280600	126.00
0.280620	127.00
0.280640	128.00
0.280660	128.00
0.280680	127.00
0.280700	124.00
0.280720	123.00
0.280740	125.00
0.280760	128.00
0.280780	129.00
0.280800	126.00
0.280820	122.00
0.280840	120.00
0.280860	123.00
0.280880	127.00
0.280900	130.00
0.280920	128.00
0.280940	124.00
0.280960	121.00
0.280980	120.00
0.281000	121.00
0.281020	122.00
0.281040	123.00
0.281060	124.00
0.281080	124.00
0.281100	124.00
0.281120	123.00
0.281140	121.00
0.281160	120.00
0.281180	119.00
0.281200	121.00
0.281220	123.00
0.281240	124.00
0.281260	122.00
0.281280	119.00
0.281300	117.00
0.281320	119.00
0.281340	124.00
0.281360	128.00
0.281380	129.00
0.281400	128.00
0.281420	128.00
0.281440	129.00
0.281460	132.00
0.281480	133.00
0.281500	132.00
0.281520	130.00
0.281540	129.00
0.281560	128.00
0.281580	127.00
0.281600	127.00
0.281620	128.00
0.281640	130.00
0.281660	132.00
0.281680	131.00
0.281700	127.00
0.281720	124.00
0.281740	124.00
0.281760	127.00
0.281780	130.00
0.281800	129.00
0.281820	126.00
0.281840	124.00
0.281860	125.00
0.281880	127.00
0.281900	129.00
0.281920	129.00
0.281940	126.00
0.281960	124.00
0.281980	123.00
0.282000	124.00
0.282020	125.00
0.282040	126.00
0.282060	126.00
0.282080	124.00
0.282100	122.00
0.282120	120.00
0.282140	119.00
0.282160	119.00
0.282180	120.00
0.282200	122.00
0.282220	124.00
0.282240	127.00
0.282260	129.00
0.282280	131.00
0.282300	131.00
0.282320	130.00
0.282340	128.00
0.282360	127.00
0.282380	128.00
0.282400	128.00
0.282420	128.00
0.282440	127.00
0.282460	127.00
0.282480	127.00
0.282500	129.00
0.282520	131.00
0.282540	132.00
0.282560	131.00
0.282580	128.00
0.282600	126.00
0.282620	126.00
0.282640	127.00
0.282660	129.00
0.282680	129.00
0.282700	128.00
0.282720	127.00
0.282740	127.00
0.282760	129.00
0.282780	130.00
0.282800	130.00
0.282820	129.00
0.282840	127.00
0.282860	126.00
0.282880	125.00
0.282900	123.00
0.282920	121.00
0.282940	120.00
0.282960	119.00
0.282980	118.00
0.283000	118.00
0.283020	119.00
0.283040	121.00
0.283060	123.00
0.283080	124.00
0.283100	123.00
0.283120	119.00
0.283140	116.00
0.283160	116.00
0.283180	119.00
0.283200	121.00
0.283220	123.00
0.283240	124.00
0.283260	123.00
0.283280	123.00
0.283300	124.00
0.283320	125.00
0.283340	126.00
0.283360	126.00
0.283380	126.00
0.283400	126.00
0.283420	127.00
0.283440	129.00
0.283460	130.00
0.283480	130.00
0.283500	129.00
0.283520	127.00
0.283540	126.00
0.283560	128.00
0.283580	130.00
0.283600	132.00
0.283620	131.00
0.283640	129.00
0.283660	128.00
0.283680	128.00
0.283700	131.00
0.283720	133.00
0.283740	132.00
0.283760	129.00
0.283780	126.00
0.283800	123.00
0.283820	122.00
0.283840	124.00
0.283860	126.00
0.283880	128.00
0.283900	128.00
0.283920	126.00
0.283940	124.00
0.283960	123.00
0.283980	122.00
0.284000	123.00
0.284020	125.00
0.284040	125.00
0.284060	123.00
0.284080	120.00
0.284100	119.00
0.284120	120.00
0.284140	123.00
0.284160	126.00
0.284180	128.00
0.284200	128.00
0.284220	126.00
0.284240	125.00
0.284260	125.00
0.284280	125.00
0.284300	126.00
0.284320	126.00
0.284340	126.00
0.284360	125.00
0.284380	124.00
0.284400	123.00
0.284420	124.00
0.284440	125.00
0.284460	126.00
0.284480	127.00
0.284500	128.00
0.284520	129.00
0.284540	131.00
0.284560	131.00
0.284580	130.00
0.284600	129.00
0.284620	129.00
0.284640	129.00
0.284660	128.00
0.284680	127.00
0.284700	125.00
0.284720	125.00
0.284740	126.00
0.284760	128.00
0.284780	126.00
0.284800	123.00
0.284820	119.00
0.284840	118.00
0.284860	119.00
0.284880	120.00
0.284900	121.00
0.284920	121.00
0.284940	121.00
0.284960	121.00
0.284980	123.00
0.285000	123.00
0.285020	122.00
0.285040	121.00
0.285060	123.00
0.285080	125.00
0.285100	127.00
0.285120	127.00
0.285140	126.00
0.285160	127.00
0.285180	129.00
0.285200	132.00
0.285220	134.00
0.285240	132.00
0.285260	130.00
0.285280	128.00
0.285300	128.00
0.285320	127.00
0.285340	125.00
0.285360	122.00
0.285380	119.00
0.285400	120.00
0.285420	123.00
0.285440	128.00
0.285460	130.00
0.285480	130.00
0.285500	130.00
0.285520	131.00
0.285540	133.00
0.285560	133.00
0.285580	131.00
0.285600	128.00
0.285620	124.00
0.285640	122.00
0.285660	122.00
0.285680	122.00
0.285700	123.00
0.285720	125.00
0.285740	126.00
0.285760	125.00
0.285780	124.00
0.285800	122.00
0.285820	122.00
0.285840	123.00
0.285860	124.00
0.285880	125.00
0.285900	125.00
0.285920	124.00
0.285940	123.00
0.285960	122.00
0.285980	121.00
0.286000	119.00
0.286020	118.00
0.286040	119.00
0.286060	121.00
0.286080	122.00
0.286100	121.00
0.286120	121.00
0.286140	123.00
0.286160	124.00
0.286180	125.00
0.286200	124.00
0.286220	123.00
0.286240	123.00
0.286260	126.00
0.286280	129.00
0.286300	130.00
0.286320	129.00
0.286340	128.00
0.286360	128.00
0.286380	130.00
0.286400	132.00
0.286420	133.00
0.286440	133.00
0.286460	132.00
0.286480	132.00
0.286500	131.00
0.286520	131.00
0.286540	130.00
0.286560	130.00
0.286580	130.00
0.286600	130.00
0.286620	131.00
0.286640	131.00
0.286660	130.00
0.286680	127.00
0.286700	123.00
0.286720	122.00
0.286740	123.00
0.286760	124.00
0.286780	125.00
0.286800	123.00
0.286820	122.00
0.286840	121.00
0.286860	122.00
0.286880	123.00
0.286900	123.00
0.286920	122.00
0.286940	121.00
0.286960	121.00
0.286980	120.00
0.287000	119.00
0.287020	117.00
0.287040	118.00
0.287060	120.00
0.287080	123.00
0.287100	126.00
0.287120	127.00
0.287140	127.00
0.287160	128.00
0.287180	129.00
0.287200	130.00
0.287220	131.00
0.287240	131.00
0.287260	130.00
0.287280	128.00
0.287300	126.00
0.287320	125.00
0.287340	126.00
0.287360	129.00
0.287380	131.00
0.287400	131.00
0.287420	129.00
0.287440	128.00
0.287460	128.00
0.287480	128.00
0.287500	128.00
0.287520	127.00
0.287540	127.00
0.287560	127.00
0.287580	127.00
0.287600	126.00
0.287620	124.00
0.287640	124.00
0.287660	125.00
0.287680	127.00
0.287700	128.00
0.287720	125.00
0.287740	122.00
0.287760	122.00
0.287780	123.00
0.287800	125.00
0.287820	124.00
0.287840	121.00
0.287860	118.00
0.287880	120.00
0.287900	123.00
0.287920	126.00
0.287940	125.00
0.287960	123.00
0.287980	121.00
0.288000	122.00
0.288020	123.00
0.288040	124.00
0.288060	125.00
0.288080	127.00
0.288100	129.00
0.288120	130.00
0.288140	129.00
0.288160	126.00
0.288180	122.00
0.288200	121.00
0.288220	124.00
0.288240	128.00
0.288260	130.00
0.288280	129.00
0.288300	127.00
0.288320	125.00
0.288340	126.00
0.288360	127.00
0.288380	128.00
0.288400	127.00
0.288420	126.00
0.288440	126.00
0.288460	129.00
0.288480	133.00
0.288500	134.00
0.288520	132.00
0.288540	128.00
0.288560	126.00
0.288580	125.00
0.288600	126.00
0.288620	126.00
0.288640	124.00
0.288660	123.00
0.288680	123.00
0.288700	125.00
0.288720	125.00
0.288740	122.00
0.288760	120.00
0.288780	120.00
0.288800	123.00
0.288820	127.00
0.288840	128.00
0.288860	125.00
0.288880	120.00
0.288900	117.00
0.288920	116.00
0.288940	118.00
0.288960	120.00
0.288980	121.00
0.289000	122.00
0.289020	125.00
0.289040	128.00
0.289060	131.00
0.289080	131.00
0.289100	129.00
0.289120	127.00
0.289140	125.00
0.289160	126.00
0.289180	126.00
0.289200	127.00
0.289220	125.00
0.289240	124.00
0.289260	124.00
0.289280	125.00
0.289300	127.00
0.289320	127.00
0.289340	127.00
0.289360	126.00
0.289380	127.00
0.289400	129.00
0.289420	131.00
0.289440	131.00
0.289460	129.00
0.289480	127.00
0.289500	126.00
0.289520	124.00
0.289540	123.00
0.289560	122.00
0.289580	124.00
0.289600	126.00
0.289620	126.00
0.289640	124.00
0.289660	121.00
0.289680	119.00
0.289700	121.00
0.289720	123.00
0.289740	122.00
0.289760	119.00
0.289780	116.00
0.289800	116.00
0.289820	120.00
0.289840	123.00
0.289860	122.00
0.289880	119.00
0.289900	118.00
0.289920	119.00
0.289940	123.00
0.289960	125.00
0.289980	125.00
0.290000	127.00
0.290020	130.00
0.290040	132.00
0.290060	132.00
0.290080	128.00
0.290100	125.00
0.290120	125.00
0.290140	129.00
0.290160	132.00
0.290180	132.00
0.290200	129.00
0.290220	128.00
0.290240	129.00
0.290260	129.00
0.290280	127.00
0.290300	125.00
0.290320	125.00
0.290340	128.00
0.290360	132.00
0.290380	132.00
0.290400	129.00
0.290420	126.00
0.290440	126.00
0.290460	127.00
0.290480	128.00
0.290500	128.00
0.290520	126.00
0.290540	127.00
0.290560	129.00
0.290580	130.00
0.290600	130.00
0.290620	129.00
0.290640	129.00
0.290660	129.00
0.290680	128.00
0.290700	124.00
0.290720	120.00
0.290740	119.00
0.290760	121.00
0.290780	123.00
0.290800	123.00
0.290820	119.00
0.290840	117.00
0.290860	118.00
0.290880	122.00
0.290900	125.00
0.290920	126.00
0.290940	125.00
0.290960	125.00
0.290980	126.00
0.291000	127.00
0.291020	126.00
0.291040	125.00
0.291060	127.00
0.291080	131.00
0.291100	135.00
0.291120	135.00
0.291140	131.00
0.291160	127.00
0.291180	125.00
0.291200	127.00
0.291220	130.00
0.291240	132.00
0.291260	131.00
0.291280	128.00
0.291300	127.00
0.291320	127.00
0.291340	127.00
0.291360	128.00
0.291380	127.00
0.291400	126.00
0.291420	125.00
0.291440	124.00
0.291460	124.00
0.291480	125.00
0.291500	125.00
0.291520	125.00
0.291540	124.00
0.291560	122.00
0.291580	121.00
0.291600	121.00
0.291620	121.00
0.291640	121.00
0.291660	121.00
0.291680	120.00
0.291700	119.00
0.291720	119.00
0.291740	120.00
0.291760	120.00
0.291780	120.00
0.291800	121.00
0.291820	123.00
0.291840	125.00
0.291860	126.00
0.291880	124.00
0.291900	122.00
0.291920	121.00
0.291940	123.00
0.291960	126.00
0.291980	129.00
0.292000	129.00
0.292020	129.00
0.292040	127.00
0.292060	127.00
0.292080	126.00
0.292100	126.00
0.292120	126.00
0.292140	127.00
0.292160	128.00
0.292180	130.00
0.292200	131.00
0.292220	131.00
0.292240	129.00
0.292260	127.00
0.292280	126.00
0.292300	126.00
0.292320	128.00
0.292340	130.00
0.292360	131.00
0.292380	130.00
0.292400	129.00
0.292420	129.00
0.292440	128.00
0.292460	126.00
0.292480	123.00
0.292500	120.00
0.292520	120.00
0.292540	122.00
0.292560	124.00
0.292580	125.00
0.292600	125.00
0.292620	124.00
0.292640	125.00
0.292660	124.00
0.292680	121.00
0.292700	117.00
0.292720	114.00
0.292740	116.00
0.292760	121.00
0.292780	126.00
0.292800	126.00
0.292820	123.00
0.292840	120.00
0.292860	120.00
0.292880	122.00
0.292900	125.00
0.292920	126.00
0.292940	126.00
0.292960	127.00
0.292980	127.00
0.293000	128.00
0.293020	129.00
0.293040	129.00
0.293060	130.00
0.293080	130.00
0.293100	128.00
0.293120	127.00
0.293140	127.00
0.293160	128.00
0.293180	131.00
0.293200	132.00
0.293220	131.00
0.293240	130.00
0.293260	128.00
0.293280	128.00
0.293300	128.00
0.293320	128.00
0.293340	130.00
0.293360	132.00
0.293380	133.00
0.293400	131.00
0.293420	125.00
0.293440	119.00
0.293460	115.00
0.293480	115.00
0.293500	116.00
0.293520	118.00
0.293540	119.00
0.293560	121.00
0.293580	124.00
0.293600	128.00
0.293620	131.00
0.293640	131.00
0.293660	130.00
0.293680	128.00
0.293700	125.00
0.293720	120.00
0.293740	113.00
0.293760	107.00
0.293780	104.00
0.293800	107.00
0.293820	116.00
0.293840	128.00
0.293860	140.00
0.293880	148.00
0.293900	151.00
0.293920	148.00
0.293940	139.00
0.293960	127.00
0.293980	115.00
0.294000	105.00
0.294020	101.00
0.294040	103.00
0.294060	112.00
0.294080	126.00
0.294100	140.00
0.294120	150.00
0.294140	152.00
0.294160	147.00
0.294180	138.00
0.294200	130.00
0.294220	124.00
0.294240	121.00
0.294260	120.00
0.294280	121.00
0.294300	123.00
0.294320	126.00
0.294340	129.00
0.294360	131.00
0.294380	131.00
0.294400	130.00
0.294420	129.00
0.294440	128.00
0.294460	127.00
0.294480	124.00
0.294500	120.00
0.294520	114.00
0.294540	110.00
0.294560	109.00
0.294580	112.00
0.294600	117.00
0.294620	124.00
0.294640	129.00
0.294660	131.00
0.294680	131.00
0.294700	129.00
0.294720	125.00
0.294740	121.00
0.294760	117.00
0.294780	114.00
0.294800	114.00
0.294820	120.00
0.294840	129.00
0.294860	138.00
0.294880	142.00
0.294900	139.00
0.294920	131.00
0.294940	125.00
0.294960	122.00
0.294980	123.00
0.295000	125.00
0.295020	126.00
0.295040	128.00
0.295060	130.00
0.295080	132.00
0.295100	130.00
0.295120	125.00
0.295140	117.00
0.295160	114.00
0.295180	117.00
0.295200	127.00
0.295220	137.00
0.295240	145.00
0.295260	147.00
0.295280	144.00
0.295300	137.00
0.295320	126.00
0.295340	113.00
0.295360	101.00
0.295380	94.00
0.295400	96.00
0.295420	109.00
0.295440	128.00
0.295460	148.00
0.295480	160.00
0.295500	160.00
0.295520	147.00
0.295540	125.00
0.295560	103.00
0.295580	88.00
0.295600	84.00
0.295620	91.00
0.295640	105.00
0.295660	121.00
0.295680	134.00
0.295700	142.00
0.295720	144.00
0.295740	142.00
0.295760	137.00
0.295780	132.00
0.295800	126.00
0.295820	120.00
0.295840	115.00
0.295860	111.00
0.295880	110.00
0.295900	114.00
0.295920	122.00
0.295940	133.00
0.295960	144.00
0.295980	150.00
0.296000	148.00
0.296020	139.00
0.296040	125.00
0.296060	113.00
0.296080	108.00
0.296100	111.00
0.296120	121.00
0.296140	134.00
0.296160	145.00
0.296180	151.00
0.296200	148.00
0.296220	138.00
0.296240	125.00
0.296260	115.00
0.296280	114.00
0.296300	122.00
0.296320	135.00
0.296340	145.00
0.296360	148.00
0.296380	142.00
0.296400	130.00
0.296420	116.00
0.296440	104.00
0.296460	98.00
0.296480	101.00
0.296500	111.00
0.296520	126.00
0.296540	141.00
0.296560	150.00
0.296580	151.00
0.296600	145.00
0.296620	133.00
0.296640	118.00
0.296660	104.00
0.296680	92.00
0.296700	86.00
0.296720	88.00
0.296740	100.00
0.296760	120.00
0.296780	142.00
0.296800	161.00
0.296820	170.00
0.296840	165.00
0.296860	149.00
0.296880	124.00
0.296900	98.00
0.296920	82.00
0.296940	80.00
0.296960	95.00
0.296980	119.00
0.297000	144.00
0.297020	161.00
0.297040	166.00
0.297060	159.00
0.297080	146.00
0.297100	129.00
0.297120	113.00
0.297140	99.00
0.297160	93.00
0.297180	98.00
0.297200	112.00
0.297220	130.00
0.297240	146.00
0.297260	155.00
0.297280	156.00
0.297300	150.00
0.297320	139.00
0.297340	124.00
0.297360	108.00
0.297380	95.00
0.297400	91.00
0.297420	96.00
0.297440	110.00
0.297460	126.00
0.297480	140.00
0.297500	148.00
0.297520	150.00
0.297540	145.00
0.297560	138.00
0.297580	129.00
0.297600	121.00
0.297620	118.00
0.297640	116.00
0.297660	115.00
0.297680	112.00
0.297700	109.00
0.297720	109.00
0.297740	116.00
0.297760	128.00
0.297780	141.00
0.297800	151.00
0.297820	154.00
0.297840	151.00
0.297860	143.00
0.297880	130.00
0.297900	114.00
0.297920	101.00
0.297940	94.00
0.297960	97.00
0.297980	109.00
0.298000	124.00
0.298020	137.00
0.298040	145.00
0.298060	149.00
0.298080	148.00
0.298100	144.00
0.298120	138.00
0.298140	131.00
0.298160	125.00
0.298180	119.00
0.298200	114.00
0.298220	109.00
0.298240	105.00
0.298260	103.00
0.298280	105.00
0.298300	112.00
0.298320	122.00
0.298340	134.00
0.298360	146.00
0.298380	154.00
0.298400	153.00
0.298420	143.00
0.298440	127.00
0.298460	109.00
0.298480	95.00
0.298500	87.00
0.298520	86.00
0.298540	92.00
0.298560	107.00
0.298580	126.00
0.298600	146.00
0.298620	159.00
0.298640	163.00
0.298660	158.00
0.298680	148.00
0.298700	135.00
0.298720	122.00
0.298740	110.00
0.298760	99.00
0.298780	95.00
0.298800	98.00
0.298820	108.00
0.298840	123.00
0.298860	137.00
0.298880	147.00
0.298900	153.00
0.298920	153.00
0.298940	148.00
0.298960	138.00
0.298980	126.00
0.299000	114.00
0.299020	106.00
0.299040	103.00
0.299060	108.00
0.299080	118.00
0.299100	132.00
0.299120	144.00
0.299140	152.00
0.299160	152.00
0.299180	147.00
0.299200	138.00
0.299220	127.00
0.299240	117.00
0.299260	109.00
0.299280	105.00
0.299300	106.00
0.299320	113.00
0.299340	122.00
0.299360	129.00
0.299380	132.00
0.299400	132.00
0.299420	131.00
0.299440	130.00
0.299460	128.00
0.299480	124.00
0.299500	119.00
0.299520	115.00
0.299540	113.00
0.299560	114.00
0.299580	117.00
0.299600	121.00
0.299620	125.00
0.299640	128.00
0.299660	131.00
0.299680	132.00
0.299700	132.00
0.299720	131.00
0.299740	131.00
0.299760	131.00
0.299780	129.00
0.299800	125.00
0.299820	118.00
0.299840	113.00
0.299860	111.00
0.299880	115.00
0.299900	123.00
0.299920	132.00
0.299940	139.00
0.299960	142.00
0.299980	142.00
0.300000	138.00
0.300020	133.00
0.300040	126.00
0.300060	118.00
0.300080	112.00
0.300100	111.00
0.300120	117.00
0.300140	127.00
0.300160	137.00
0.300180	142.00
0.300200	142.00
0.300220	137.00
0.300240	132.00
0.300260	126.00
0.300280	120.00
0.300300	116.00
0.300320	115.00
0.300340	116.00
0.300360	119.00
0.300380	120.00
0.300400	119.00
0.300420	117.00
0.300440	117.00
0.300460	119.00
0.300480	122.00
0.300500	126.00
0.300520	129.00
0.300540	130.00
0.300560	131.00
0.300580	129.00
0.300600	126.00
0.300620	124.00
0.300640	123.00
0.300660	125.00
0.300680	127.00
0.300700	127.00
0.300720	124.00
0.300740	123.00
0.300760	123.00
0.300780	124.00
0.300800	126.00
0.300820	126.00
0.300840	127.00
0.300860	128.00
0.300880	130.00
0.300900	133.00
0.300920	136.00
0.300940	135.00
0.300960	132.00
0.300980	126.00
0.301000	119.00
0.301020	116.00
0.301040	120.00
0.301060	128.00
0.301080	137.00
0.301100	140.00
0.301120	137.00
0.301140	129.00
0.301160	120.00
0.301180	115.00
0.301200	112.00
0.301220	113.00
0.301240	117.00
0.301260	123.00
0.301280	129.00
0.301300	131.00
0.301320	128.00
0.301340	122.00
0.301360	116.00
0.301380	112.00
0.301400	110.00
0.301420	111.00
0.301440	113.00
0.301460	117.00
0.301480	123.00
0.301500	128.00
0.301520	131.00
0.301540	131.00
0.301560	130.00
0.301580	129.00
0.301600	130.00
0.301620	131.00
0.301640	130.00
0.301660	129.00
0.301680	127.00
0.301700	124.00
0.301720	123.00
0.301740	125.00
0.301760	131.00
0.301780	137.00
0.301800	140.00
0.301820	139.00
0.301840	134.00
0.301860	126.00
0.301880	119.00
0.301900	114.00
0.301920	113.00
0.301940	117.00
0.301960	124.00
0.301980	132.00
0.302000	138.00
0.302020	141.00
0.302040	139.00
0.302060	135.00
0.302080	130.00
0.302100	124.00
0.302120	118.00
0.302140	113.00
0.302160	111.00
0.302180	114.00
0.302200	120.00
0.302220	126.00
0.302240	129.00
0.302260	128.00
0.302280	127.00
0.302300	126.00
0.302320	126.00
0.302340	124.00
0.302360	119.00
0.302380	114.00
0.302400	110.00
0.302420	110.00
0.302440	112.00
0.302460	117.00
0.302480	122.00
0.302500	128.00
0.302520	133.00
0.302540	138.00
0.302560	141.00
0.302580	140.00
0.302600	136.00
0.302620	131.00
0.302640	127.00
0.302660	125.00
0.302680	122.00
0.302700	120.00
0.302720	119.00
0.302740	121.00
0.302760	126.00
0.302780	131.00
0.302800	135.00
0.302820	136.00
0.302840	133.00
0.302860	131.00
0.302880	130.00
0.302900	130.00
0.302920	129.00
0.302940	127.00
0.302960	125.00
0.302980	124.00
0.303000	125.00
0.303020	127.00
0.303040	130.00
0.303060	132.00
0.303080	133.00
0.303100	132.00
0.303120	130.00
0.303140	127.00
0.303160	125.00
0.303180	122.00
0.303200	119.00
0.303220	116.00
0.303240	114.00
0.303260	114.00
0.303280	115.00
0.303300	116.00
0.303320	117.00
0.303340	117.00
0.303360	118.00
0.303380	120.00
0.303400	123.00
0.303420	125.00
0.303440	127.00
0.303460	129.00
0.303480	130.00
0.303500	130.00
0.303520	129.00
0.303540	127.00
0.303560	125.00
0.303580	125.00
0.303600	127.00
0.303620	129.00
0.303640	130.00
0.303660	130.00
0.303680	129.00
0.303700	129.00
0.303720	128.00
0.303740	126.00
0.303760	122.00
0.303780	117.00
0.303800	115.00
0.303820	117.00
0.303840	124.00
0.303860	132.00
0.303880	139.00
0.303900	141.00
0.303920	138.00
0.303940	134.00
0.303960	130.00
0.303980	127.00
0.304000	122.00
0.304020	117.00
0.304040	113.00
0.304060	114.00
0.304080	118.00
0.304100	123.00
0.304120	126.00
0.304140	126.00
0.304160	125.00
0.304180	124.00
0.304200	124.00
0.304220	122.00
0.304240	119.00
0.304260	117.00
0.304280	117.00
0.304300	119.00
0.304320	121.00
0.304340	122.00
0.304360	120.00
0.304380	120.00
0.304400	122.00
0.304420	125.00
0.304440	128.00
0.304460	130.00
0.304480	132.00
0.304500	133.00
0.304520	132.00
0.304540	128.00
0.304560	124.00
0.304580	122.00
0.304600	123.00
0.304620	126.00
0.304640	128.00
0.304660	129.00
0.304680	129.00
0.304700	130.00
0.304720	132.00
0.304740	135.00
0.304760	135.00
0.304780	133.00
0.304800	130.00
0.304820	128.00
0.304840	128.00
0.304860	128.00
0.304880	129.00
0.304900	130.00
0.304920	131.00
0.304940	133.00
0.304960	134.00
0.304980	133.00
0.305000	129.00
0.305020	124.00
0.305040	120.00
0.305060	119.00
0.305080	120.00
0.305100	122.00
0.305120	122.00
0.305140	121.00
0.305160	119.00
0.305180	119.00
0.305200	119.00
0.305220	120.00
0.305240	119.00
0.305260	119.00
0.305280	118.00
0.305300	118.00
0.305320	118.00
0.305340	119.00
0.305360	120.00
0.305380	122.00
0.305400	123.00
0.305420	125.00
0.305440	126.00
0.305460	129.00
0.305480	131.00
0.305500	133.00
0.305520	132.00
0.305540	130.00
0.305560	127.00
0.305580	125.00
0.305600	124.00
0.305620	121.00
0.305640	120.00
0.305660	120.00
0.305680	124.00
0.305700	130.00
0.305720	135.00
0.305740	138.00
0.305760	138.00
0.305780	136.00
0.305800	133.00
0.305820	129.00
0.305840	125.00
0.305860	122.00
0.305880	122.00
0.305900	124.00
0.305920	126.00
0.305940	126.00
0.305960	125.00
0.305980	126.00
0.306000	128.00
0.306020	129.00
0.306040	128.00
0.306060	124.00
0.306080	121.00
0.306100	120.00
0.306120	121.00
0.306140	122.00
0.306160	120.00
0.306180	118.00
0.306200	117.00
0.306220	118.00
0.306240	119.00
0.306260	120.00
0.306280	121.00
0.306300	122.00
0.306320	124.00
0.306340	125.00
0.306360	127.00
0.306380	129.00
0.306400	130.00
0.306420	130.00
0.306440	128.00
0.306460	125.00
0.306480	123.00
0.306500	123.00
0.306520	126.00
0.306540	129.00
0.306560	130.00
0.306580	127.00
0.306600	124.00
0.306620	124.00
0.306640	126.00
0.306660	131.00
0.306680	135.00
0.306700	136.00
0.306720	135.00
0.306740	134.00
0.306760	132.00
0.306780	131.00
0.306800	131.00
0.306820	130.00
0.306840	128.00
0.306860	126.00
0.306880	126.00
0.306900	126.00
0.306920	127.00
0.306940	128.00
0.306960	127.00
0.306980	124.00
0.307000	121.00
0.307020	120.00
0.307040	121.00
0.307060	123.00
0.307080	123.00
0.307100	121.00
0.307120	120.00
0.307140	123.00
0.307160	128.00
0.307180	133.00
0.307200	134.00
0.307220	131.00
0.307240	127.00
0.307260	124.00
0.307280	123.00
0.307300	122.00
0.307320	119.00
0.307340	117.00
0.307360	118.00
0.307380	122.00
0.307400	127.00
0.307420	130.00
0.307440	129.00
0.307460	127.00
0.307480	128.00
0.307500	131.00
0.307520	132.00
0.307540	129.00
0.307560	125.00
0.307580	123.00
0.307600	124.00
0.307620	127.00
0.307640	129.00
0.307660	129.00
0.307680	129.00
0.307700	131.00
0.307720	135.00
0.307740	137.00
0.307760	136.00
0.307780	134.00
0.307800	131.00
0.307820	128.00
0.307840	124.00
0.307860	120.00
0.307880	117.00
0.307900	117.00
0.307920	121.00
0.307940	125.00
0.307960	127.00
0.307980	126.00
0.308000	124.00
0.308020	123.00
0.308040	123.00
0.308060	125.00
0.308080	125.00
0.308100	123.00
0.308120	120.00
0.308140	116.00
0.308160	113.00
0.308180	111.00
0.308200	111.00
0.308220	113.00
0.308240	115.00
0.308260	118.00
0.308280	122.00
0.308300	126.00
0.308320	129.00
0.308340	131.00
0.308360	131.00
0.308380	128.00
0.308400	124.00
0.308420	120.00
0.308440	119.00
0.308460	122.00
0.308480	127.00
0.308500	133.00
0.308520	136.00
0.308540	135.00
0.308560	131.00
0.308580	128.00
0.308600	127.00
0.308620	127.00
0.308640	129.00
0.308660	129.00
0.308680	130.00
0.308700	130.00
0.308720	129.00
0.308740	127.00
0.308760	125.00
0.308780	124.00
0.308800	126.00
0.308820	130.00
0.308840	132.00
0.308860	131.00
0.308880	128.00
0.308900	126.00
0.308920	125.00
0.308940	125.00
0.308960	124.00
0.308980	121.00
0.309000	118.00
0.309020	118.00
0.309040	119.00
0.309060	121.00
0.309080	122.00
0.309100	122.00
0.309120	122.00
0.309140	121.00
0.309160	120.00
0.309180	118.00
0.309200	117.00
0.309220	117.00
0.309240	120.00
0.309260	123.00
0.309280	124.00
0.309300	124.00
0.309320	125.00
0.309340	126.00
0.309360	126.00
0.309380	127.00
0.309400	127.00
0.309420	128.00
0.309440	130.00
0.309460	130.00
0.309480	127.00
0.309500	123.00
0.309520	120.00
0.309540	122.00
0.309560	127.00
0.309580	131.00
0.309600	132.00
0.309620	129.00
0.309640	127.00
0.309660	127.00
0.309680	129.00
0.309700	130.00
0.309720	129.00
0.309740	128.00
0.309760	127.00
0.309780	126.00
0.309800	124.00
0.309820	123.00
0.309840	124.00
0.309860	127.00
0.309880	129.00
0.309900	129.00
0.309920	127.00
0.309940	124.00
0.309960	124.00
0.309980	126.00
0.310000	127.00
0.310020	126.00
0.310040	125.00
0.310060	123.00
0.310080	123.00
0.310100	122.00
0.310120	121.00
0.310140	121.00
0.310160	122.00
0.310180	125.00
0.310200	127.00
0.310220	127.00
0.310240	125.00
0.310260	124.00
0.310280	126.00
0.310300	129.00
0.310320	131.00
0.310340	130.00
0.310360	126.00
0.310380	122.00
0.310400	121.00
0.310420	122.00
0.310440	124.00
0.310460	127.00
0.310480	129.00
0.310500	131.00
0.310520	133.00
0.310540	134.00
0.310560	135.00
0.310580	136.00
0.310600	135.00
0.310620	133.00
0.310640	130.00
0.310660	126.00
0.310680	124.00
0.310700	125.00
0.310720	127.00
0.310740	129.00
0.310760	129.00
0.310780	127.00
0.310800	125.00
0.310820	122.00
0.310840	120.00
0.310860	118.00
0.310880	116.00
0.310900	117.00
0.310920	117.00
0.310940	118.00
0.310960	119.00
0.310980	120.00
0.311000	123.00
0.311020	126.00
0.311040	128.00
0.311060	129.00
0.311080	128.00
0.311100	127.00
0.311120	125.00
0.311140	124.00
0.311160	124.00
0.311180	124.00
0.311200	125.00
0.311220	126.00
0.311240	126.00
0.311260	126.00
0.311280	126.00
0.311300	126.00
0.311320	127.00
0.311340	127.00
0.311360	126.00
0.311380	125.00
0.311400	124.00
0.311420	126.00
0.311440	128.00
0.311460	129.00
0.311480	128.00
0.311500	126.00
0.311520	124.00
0.311540	124.00
0.311560	126.00
0.311580	127.00
0.311600	128.00
0.311620	129.00
0.311640	130.00
0.311660	129.00
0.311680	127.00
0.311700	124.00
0.311720	123.00
0.311740	124.00
0.311760	127.00
0.311780	129.00
0.311800	128.00
0.311820	125.00
0.311840	123.00
0.311860	123.00
0.311880	124.00
0.311900	124.00
0.311920	122.00
0.311940	121.00
0.311960	121.00
0.311980	124.00
0.312000	125.00
0.312020	123.00
0.312040	120.00
0.312060	118.00
0.312080	119.00
0.312100	124.00
0.312120	128.00
0.312140	131.00
0.312160	131.00
0.312180	130.00
0.312200	130.00
0.312220	129.00
0.312240	127.00
0.312260	125.00
0.312280	124.00
0.312300	124.00
0.312320	126.00
0.312340	127.00
0.312360	128.00
0.312380	129.00
0.312400	130.00
0.312420	132.00
0.312440	132.00
0.312460	131.00
0.312480	130.00
0.312500	129.00
0.312520	128.00
0.312540	127.00
0.312560	127.00
0.312580	127.00
0.312600	128.00
0.312620	130.00
0.312640	129.00
0.312660	127.00
0.312680	123.00
0.312700	120.00
0.312720	119.00
0.312740	120.00
0.312760	122.00
0.312780	122.00
0.312800	121.00
0.312820	119.00
0.312840	119.00
0.312860	120.00
0.312880	123.00
0.312900	124.00
0.312920	124.00
0.312940	123.00
0.312960	121.00
0.312980	121.00
0.313000	121.00
0.313020	122.00
0.313040	122.00
0.313060	123.00
0.313080	123.00
0.313100	124.00
0.313120	124.00
0.313140	126.00
0.313160	127.00
0.313180	129.00
0.313200	129.00
0.313220	127.00
0.313240	122.00
0.313260	119.00
0.313280	120.00
0.313300	124.00
0.313320	129.00
0.313340	132.00
0.313360	131.00
0.313380	130.00
0.313400	132.00
0.313420	135.00
0.313440	136.00
0.313460	134.00
0.313480	131.00
0.313500	129.00
0.313520	128.00
0.313540	128.00
0.313560	127.00
0.313580	126.00
0.313600	125.00
0.313620	127.00
0.313640	128.00
0.313660	127.00
0.313680	125.00
0.313700	123.00
0.313720	123.00
0.313740	124.00
0.313760	125.00
0.313780	126.00
0.313800	126.00
0.313820	126.00
0.313840	127.00
0.313860	127.00
0.313880	125.00
0.313900	122.00
0.313920	119.00
0.313940	117.00
0.313960	116.00
0.313980	116.00
0.314000	119.00
0.314020	122.00
0.314040	124.00
0.314060	124.00
0.314080	122.00
0.314100	122.00
0.314120	124.00
0.314140	128.00
0.314160	130.00
0.314180	129.00
0.314200	127.00
0.314220	125.00
0.314240	126.00
0.314260	129.00
0.314280	130.00
0.314300	129.00
0.314320	127.00
0.314340	125.00
0.314360	124.00
0.314380	125.00
0.314400	126.00
0.314420	128.00
0.314440	131.00
0.314460	134.00
0.314480	134.00
0.314500	133.00
0.314520	132.00
0.314540	131.00
0.314560	131.00
0.314580	132.00
0.314600	131.00
0.314620	130.00
0.314640	128.00
0.314660	127.00
0.314680	126.00
0.314700	125.00
0.314720	123.00
0.314740	122.00
0.314760	122.00
0.314780	123.00
0.314800	124.00
0.314820	122.00
0.314840	120.00
0.314860	119.00
0.314880	120.00
0.314900	123.00
0.314920	126.00
0.314940	126.00
0.314960	124.00
0.314980	121.00
0.315000	121.00
0.315020	122.00
0.315040	124.00
0.315060	125.00
0.315080	127.00
0.315100	128.00
0.315120	128.00
0.315140	127.00
0.315160	125.00
0.315180	123.00
0.315200	123.00
0.315220	124.00
0.315240	126.00
0.315260	127.00
0.315280	127.00
0.315300	126.00
0.315320	125.00
0.315340	126.00
0.315360	127.00
0.315380	128.00
0.315400	128.00
0.315420	127.00
0.315440	126.00
0.315460	127.00
0.315480	128.00
0.315500	129.00
0.315520	130.00
0.315540	129.00
0.315560	126.00
0.315580	125.00
0.315600	124.00
0.315620	126.00
0.315640	128.00
0.315660	128.00
0.315680	127.00
0.315700	125.00
0.315720	125.00
0.315740	125.00
0.315760	126.00
0.315780	125.00
0.315800	123.00
0.315820	120.00
0.315840	118.00
0.315860	117.00
0.315880	117.00
0.315900	119.00
0.315920	121.00
0.315940	123.00
0.315960	124.00
0.315980	124.00
0.316000	125.00
0.316020	127.00
0.316040	131.00
0.316060	133.00
0.316080	132.00
0.316100	129.00
0.316120	127.00
0.316140	126.00
0.316160	128.00
0.316180	130.00
0.316200	130.00
0.316220	129.00
0.316240	127.00
0.316260	126.00
0.316280	126.00
0.316300	127.00
0.316320	128.00
0.316340	130.00
0.316360	130.00
0.316380	130.00
0.316400	129.00
0.316420	126.00
0.316440	125.00
0.316460	124.00
0.316480	125.00
0.316500	125.00
0.316520	124.00
0.316540	123.00
0.316560	123.00
0.316580	123.00
0.316600	124.00
0.316620	124.00
0.316640	122.00
0.316660	120.00
0.316680	118.00
0.316700	117.00
0.316720	118.00
0.316740	119.00
0.316760	120.00
0.316780	122.00
0.316800	124.00
0.316820	124.00
0.316840	124.00
0.316860	122.00
0.316880	120.00
0.316900	121.00
0.316920	123.00
0.316940	127.00
0.316960	129.00
0.316980	129.00
0.317000	128.00
0.317020	129.00
0.317040	130.00
0.317060	131.00
0.317080	130.00
0.317100	129.00
0.317120	127.00
0.317140	126.00
0.317160	125.00
0.317180	123.00
0.317200	122.00
0.317220	123.00
0.317240	124.00
0.317260	126.00
0.317280	127.00
0.317300	128.00
0.317320	129.00
0.317340	132.00
0.317360	135.00
0.317380	137.00
0.317400	135.00
0.317420	130.00
0.317440	126.00
0.317460	124.00
0.317480	124.00
0.317500	125.00
0.317520	126.00
0.317540	128.00
0.317560	129.00
0.317580	128.00
0.317600	125.00
0.317620	121.00
0.317640	119.00
0.317660	120.00
0.317680	122.00
0.317700	124.00
0.317720	123.00
0.317740	120.00
0.317760	119.00
0.317780	119.00
0.317800	121.00
0.317820	122.00
0.317840	121.00
0.317860	121.00
0.317880	123.00
0.317900	126.00
0.317920	130.00
0.317940	131.00
0.317960	130.00
0.317980	128.00
0.318000	128.00
0.318020	127.00
0.318040	127.00
0.318060	125.00
0.318080	125.00
0.318100	125.00
0.318120	126.00
0.318140	127.00
0.318160	126.00
0.318180	125.00
0.318200	125.00
0.318220	127.00
0.318240	130.00
0.318260	130.00
0.318280	129.00
0.318300	127.00
0.318320	127.00
0.318340	129.00
0.318360	130.00
0.318380	129.00
0.318400	127.00
0.318420	126.00
0.318440	126.00
0.318460	127.00
0.318480	126.00
0.318500	124.00
0.318520	124.00
0.318540	125.00
0.318560	128.00
0.318580	129.00
0.318600	129.00
0.318620	127.00
0.318640	125.00
0.318660	124.00
0.318680	124.00
0.318700	124.00
0.318720	123.00
0.318740	121.00
0.318760	118.00
0.318780	116.00
0.318800	116.00
0.318820	118.00
0.318840	122.00
0.318860	126.00
0.318880	127.00
0.318900	126.00
0.318920	125.00
0.318940	126.00
0.318960	130.00
0.318980	132.00
0.319000	131.00
0.319020	127.00
0.319040	123.00
0.319060	122.00
0.319080	125.00
0.319100	128.00
0.319120	130.00
0.319140	130.00
0.319160	129.00
0.319180	129.00
0.319200	128.00
0.319220	127.00
0.319240	125.00
0.319260	123.00
0.319280	123.00
0.319300	124.00
0.319320	126.00
0.319340	127.00
0.319360	128.00
0.319380	128.00
