0.279400	101.00
0.279420	48.00
0.279440	99.00
0.279460	137.00
0.279480	141.00
0.279500	124.00
0.279520	113.00
0.279540	121.00
0.279560	135.00
0.279580	138.00
0.279600	129.00
0.279620	121.00
0.279640	123.00
0.279660	131.00
0.279680	136.00
0.279700	133.00
0.279720	130.00
0.279740	130.00
0.279760	133.00
0.279780	131.00
0.279800	124.00
0.279820	119.00
0.279840	121.00
0.279860	126.00
0.279880	130.00
0.279900	128.00
0.279920	126.00
0.279940	125.00
0.279960	127.00
0.279980	127.00
0.280000	126.00
0.280020	126.00
0.280040	128.00
0.280060	129.00
0.280080	126.00
0.280100	122.00
0.280120	120.00
0.280140	123.00
0.280160	127.00
0.280180	129.00
0.280200	126.00
0.280220	122.00
0.280240	120.00
0.280260	122.00
0.280280	125.00
0.280300	125.00
0.280320	124.00
0.280340	123.00
0.280360	122.00
0.280380	121.00
0.280400	119.00
0.280420	121.00
0.280440	126.00
0.280460	131.00
0.280480	131.00
0.280500	127.00
0.280520	122.00
0.280540	120.00
0.280560	122.00
0.280580	124.00
0.280600	126.00
0.280620	126.00
0.280640	126.00
0.280660	127.00
0.280680	128.00
0.280700	128.00
0.280720	129.00
0.280740	131.00
0.280760	131.00
0.280780	129.00
0.280800	127.00
0.280820	126.00
0.280840	129.00
0.280860	132.00
0.280880	133.00
0.280900	131.00
0.280920	127.00
0.280940	123.00
0.280960	120.00
0.280980	118.00
0.281000	118.00
0.281020	120.00
0.281040	125.00
0.281060	128.00
0.281080	127.00
0.281100	124.00
0.281120	123.00
0.281140	126.00
0.281160	131.00
0.281180	133.00
0.281200	130.00
0.281220	124.00
0.281240	120.00
0.281260	118.00
0.281280	119.00
0.281300	120.00
0.281320	121.00
0.281340	124.00
0.281360	127.00
0.281380	129.00
0.281400	129.00
0.281420	128.00
0.281440	129.00
0.281460	131.00
0.281480	132.00
0.281500	131.00
0.281520	128.00
0.281540	124.00
0.281560	122.00
0.281580	121.00
0.281600	122.00
0.281620	123.00
0.281640	126.00
0.281660	128.00
0.281680	128.00
0.281700	126.00
0.281720	125.00
0.281740	126.00
0.281760	128.00
0.281780	129.00
0.281800	128.00
0.281820	127.00
0.281840	127.00
0.281860	127.00
0.281880	126.00
0.281900	125.00
0.281920	126.00
0.281940	128.00
0.281960	129.00
0.281980	128.00
0.282000	125.00
0.282020	121.00
0.282040	120.00
0.282060	124.00
0.282080	128.00
0.282100	129.00
0.282120	127.00
0.282140	124.00
0.282160	121.00
0.282180	120.00
0.282200	120.00
0.282220	121.00
0.282240	122.00
0.282260	123.00
0.282280	123.00
0.282300	123.00
0.282320	123.00
0.282340	124.00
0.282360	125.00
0.282380	125.00
0.282400	125.00
0.282420	125.00
0.282440	126.00
0.282460	128.00
0.282480	130.00
0.282500	129.00
0.282520	127.00
0.282540	125.00
0.282560	124.00
0.282580	124.00
0.282600	124.00
0.282620	125.00
0.282640	126.00
0.282660	127.00
0.282680	127.00
0.282700	126.00
0.282720	126.00
0.282740	128.00
0.282760	129.00
0.282780	129.00
0.282800	128.00
0.282820	126.00
0.282840	127.00
0.282860	129.00
0.282880	132.00
0.282900	133.00
0.282920	132.00
0.282940	129.00
0.282960	126.00
0.282980	124.00
0.283000	123.00
0.283020	125.00
0.283040	127.00
0.283060	129.00
0.283080	130.00
0.283100	127.00
0.283120	122.00
0.283140	119.00
0.283160	120.00
0.283180	123.00
0.283200	125.00
0.283220	126.00
0.283240	125.00
0.283260	123.00
0.283280	123.00
0.283300	124.00
0.283320	123.00
0.283340	122.00
0.283360	121.00
0.283380	121.00
0.283400	124.00
0.283420	128.00
0.283440	130.00
0.283460	130.00
0.283480	127.00
0.283500	125.00
0.283520	123.00
0.283540	122.00
0.283560	121.00
0.283580	122.00
0.283600	123.00
0.283620	125.00
0.283640	127.00
0.283660	126.00
0.283680	124.00
0.283700	122.00
0.283720	122.00
0.283740	125.00
0.283760	127.00
0.283780	127.00
0.283800	125.00
0.283820	123.00
0.283840	123.00
0.283860	123.00
0.283880	122.00
0.283900	120.00
0.283920	119.00
0.283940	120.00
0.283960	124.00
0.283980	126.00
0.284000	127.00
0.284020	125.00
0.284040	123.00
0.284060	121.00
0.284080	120.00
0.284100	120.00
0.284120	122.00
0.284140	124.00
0.284160	127.00
0.284180	127.00
0.284200	124.00
0.284220	120.00
0.284240	117.00
0.284260	118.00
0.284280	121.00
0.284300	124.00
0.284320	125.00
0.284340	126.00
0.284360	126.00
0.284380	128.00
0.284400	129.00
0.284420	129.00
0.284440	127.00
0.284460	125.00
0.284480	124.00
0.284500	124.00
0.284520	126.00
0.284540	129.00
0.284560	130.00
0.284580	130.00
0.284600	128.00
0.284620	127.00
0.284640	127.00
0.284660	130.00
0.284680	135.00
0.284700	140.00
0.284720	141.00
0.284740	138.00
0.284760	132.00
0.284780	127.00
0.284800	124.00
0.284820	125.00
0.284840	128.00
0.284860	129.00
0.284880	127.00
0.284900	124.00
0.284920	121.00
0.284940	121.00
0.284960	122.00
0.284980	123.00
0.285000	122.00
0.285020	120.00
0.285040	119.00
0.285060	119.00
0.285080	121.00
0.285100	123.00
0.285120	123.00
0.285140	121.00
0.285160	118.00
0.285180	117.00
0.285200	117.00
0.285220	119.00
0.285240	121.00
0.285260	123.00
0.285280	125.00
0.285300	127.00
0.285320	130.00
0.285340	132.00
0.285360	132.00
0.285380	130.00
0.285400	126.00
0.285420	123.00
0.285440	122.00
0.285460	123.00
0.285480	123.00
0.285500	123.00
0.285520	124.00
0.285540	125.00
0.285560	127.00
0.285580	129.00
0.285600	130.00
0.285620	131.00
0.285640	131.00
0.285660	131.00
0.285680	131.00
0.285700	131.00
0.285720	130.00
0.285740	130.00
0.285760	127.00
0.285780	123.00
0.285800	119.00
0.285820	118.00
0.285840	120.00
0.285860	123.00
0.285880	126.00
0.285900	125.00
0.285920	124.00
0.285940	124.00
0.285960	126.00
0.285980	127.00
0.286000	126.00
0.286020	123.00
0.286040	121.00
0.286060	122.00
0.286080	123.00
0.286100	122.00
0.286120	118.00
0.286140	116.00
0.286160	117.00
0.286180	122.00
0.286200	126.00
0.286220	126.00
0.286240	123.00
0.286260	120.00
0.286280	120.00
0.286300	123.00
0.286320	127.00
0.286340	130.00
0.286360	131.00
0.286380	132.00
0.286400	131.00
0.286420	129.00
0.286440	126.00
0.286460	125.00
0.286480	126.00
0.286500	129.00
0.286520	132.00
0.286540	133.00
0.286560	133.00
0.286580	133.00
0.286600	134.00
0.286620	134.00
0.286640	133.00
0.286660	130.00
0.286680	128.00
0.286700	127.00
0.286720	129.00
0.286740	130.00
0.286760	130.00
0.286780	127.00
0.286800	123.00
0.286820	120.00
0.286840	121.00
0.286860	123.00
0.286880	126.00
0.286900	126.00
0.286920	124.00
0.286940	122.00
0.286960	120.00
0.286980	120.00
0.287000	121.00
0.287020	123.00
0.287040	124.00
0.287060	124.00
0.287080	123.00
0.287100	122.00
0.287120	121.00
0.287140	121.00
0.287160	122.00
0.287180	123.00
0.287200	125.00
0.287220	126.00
0.287240	128.00
0.287260	129.00
0.287280	129.00
0.287300	129.00
0.287320	128.00
0.287340	127.00
0.287360	127.00
0.287380	127.00
0.287400	126.00
0.287420	126.00
0.287440	126.00
0.287460	127.00
0.287480	127.00
0.287500	126.00
0.287520	125.00
0.287540	125.00
0.287560	127.00
0.287580	131.00
0.287600	135.00
0.287620	136.00
0.287640	136.00
0.287660	135.00
0.287680	133.00
0.287700	131.00
0.287720	128.00
0.287740	125.00
0.287760	123.00
0.287780	122.00
0.287800	123.00
0.287820	125.00
0.287840	126.00
0.287860	126.00
0.287880	126.00
0.287900	125.00
0.287920	124.00
0.287940	123.00
0.287960	121.00
0.287980	120.00
0.288000	119.00
0.288020	118.00
0.288040	118.00
0.288060	117.00
0.288080	116.00
0.288100	116.00
0.288120	118.00
0.288140	121.00
0.288160	125.00
0.288180	128.00
0.288200	130.00
0.288220	132.00
0.288240	133.00
0.288260	132.00
0.288280	131.00
0.288300	128.00
0.288320	126.00
0.288340	124.00
0.288360	125.00
0.288380	126.00
0.288400	126.00
0.288420	125.00
0.288440	123.00
0.288460	123.00
0.288480	124.00
0.288500	126.00
0.288520	128.00
0.288540	129.00
0.288560	127.00
0.288580	125.00
0.288600	123.00
0.288620	123.00
0.288640	124.00
0.288660	126.00
0.288680	128.00
0.288700	129.00
0.288720	129.00
0.288740	129.00
0.288760	128.00
0.288780	126.00
0.288800	124.00
0.288820	122.00
0.288840	121.00
0.288860	121.00
0.288880	121.00
0.288900	122.00
0.288920	123.00
0.288940	124.00
0.288960	124.00
0.288980	125.00
0.289000	126.00
0.289020	126.00
0.289040	126.00
0.289060	125.00
0.289080	125.00
0.289100	124.00
0.289120	123.00
0.289140	122.00
0.289160	123.00
0.289180	125.00
0.289200	128.00
0.289220	131.00
0.289240	132.00
0.289260	131.00
0.289280	129.00
0.289300	128.00
0.289320	128.00
0.289340	129.00
0.289360	131.00
0.289380	131.00
0.289400	130.00
0.289420	129.00
0.289440	127.00
0.289460	126.00
0.289480	127.00
0.289500	130.00
0.289520	132.00
0.289540	134.00
0.289560	132.00
0.289580	130.00
0.289600	127.00
0.289620	127.00
0.289640	127.00
0.289660	127.00
0.289680	126.00
0.289700	125.00
0.289720	124.00
0.289740	124.00
0.289760	125.00
0.289780	125.00
0.289800	123.00
0.289820	122.00
0.289840	121.00
0.289860	121.00
0.289880	122.00
0.289900	122.00
0.289920	123.00
0.289940	122.00
0.289960	121.00
0.289980	120.00
0.290000	120.00
0.290020	121.00
0.290040	121.00
0.290060	121.00
0.290080	121.00
0.290100	121.00
0.290120	123.00
0.290140	126.00
0.290160	129.00
0.290180	129.00
0.290200	127.00
0.290220	127.00
0.290240	128.00
0.290260	129.00
0.290280	129.00
0.290300	127.00
0.290320	125.00
0.290340	124.00
0.290360	126.00
0.290380	129.00
0.290400	131.00
0.290420	130.00
0.290440	129.00
0.290460	128.00
0.290480	129.00
0.290500	129.00
0.290520	129.00
0.290540	129.00
0.290560	128.00
0.290580	126.00
0.290600	125.00
0.290620	124.00
0.290640	124.00
0.290660	125.00
0.290680	126.00
0.290700	125.00
0.290720	121.00
0.290740	117.00
0.290760	115.00
0.290780	116.00
0.290800	118.00
0.290820	120.00
0.290840	121.00
0.290860	121.00
0.290880	122.00
0.290900	124.00
0.290920	124.00
0.290940	124.00
0.290960	123.00
0.290980	122.00
0.291000	123.00
0.291020	124.00
0.291040	124.00
0.291060	124.00
0.291080	124.00
0.291100	126.00
0.291120	129.00
0.291140	131.00
0.291160	131.00
0.291180	129.00
0.291200	127.00
0.291220	126.00
0.291240	127.00
0.291260	127.00
0.291280	127.00
0.291300	127.00
0.291320	127.00
0.291340	129.00
0.291360	131.00
0.291380	132.00
0.291400	132.00
0.291420	132.00
0.291440	132.00
0.291460	132.00
0.291480	131.00
0.291500	129.00
0.291520	127.00
0.291540	124.00
0.291560	121.00
0.291580	120.00
0.291600	121.00
0.291620	124.00
0.291640	126.00
0.291660	126.00
0.291680	124.00
0.291700	123.00
0.291720	123.00
0.291740	124.00
0.291760	125.00
0.291780	125.00
0.291800	123.00
0.291820	121.00
0.291840	120.00
0.291860	121.00
0.291880	122.00
0.291900	122.00
0.291920	122.00
0.291940	122.00
0.291960	122.00
0.291980	122.00
0.292000	121.00
0.292020	119.00
0.292040	119.00
0.292060	120.00
0.292080	123.00
0.292100	126.00
0.292120	127.00
0.292140	126.00
0.292160	125.00
0.292180	126.00
0.292200	129.00
0.292220	133.00
0.292240	133.00
0.292260	131.00
0.292280	128.00
0.292300	126.00
0.292320	126.00
0.292340	127.00
0.292360	128.00
0.292380	129.00
0.292400	128.00
0.292420	126.00
0.292440	125.00
0.292460	124.00
0.292480	126.00
0.292500	128.00
0.292520	129.00
0.292540	126.00
0.292560	123.00
0.292580	121.00
0.292600	124.00
0.292620	130.00
0.292640	132.00
0.292660	130.00
0.292680	125.00
0.292700	121.00
0.292720	122.00
0.292740	124.00
0.292760	125.00
0.292780	122.00
0.292800	119.00
0.292820	118.00
0.292840	120.00
0.292860	122.00
0.292880	122.00
0.292900	122.00
0.292920	121.00
0.292940	122.00
0.292960	124.00
0.292980	124.00
0.293000	124.00
0.293020	124.00
0.293040	127.00
0.293060	130.00
0.293080	132.00
0.293100	131.00
0.293120	129.00
0.293140	127.00
0.293160	126.00
0.293180	126.00
0.293200	126.00
0.293220	125.00
0.293240	125.00
0.293260	127.00
0.293280	130.00
0.293300	133.00
0.293320	134.00
0.293340	134.00
0.293360	133.00
0.293380	131.00
0.293400	130.00
0.293420	130.00
0.293440	130.00
0.293460	130.00
0.293480	130.00
0.293500	129.00
0.293520	128.00
0.293540	128.00
0.293560	126.00
0.293580	123.00
0.293600	121.00
0.293620	120.00
0.293640	121.00
0.293660	122.00
0.293680	122.00
0.293700	119.00
0.293720	117.00
0.293740	117.00
0.293760	119.00
0.293780	122.00
0.293800	123.00
0.293820	123.00
0.293840	122.00
0.293860	121.00
0.293880	121.00
0.293900	120.00
0.293920	120.00
0.293940	121.00
0.293960	124.00
0.293980	128.00
0.294000	131.00
0.294020	132.00
0.294040	130.00
0.294060	127.00
0.294080	126.00
0.294100	126.00
0.294120	128.00
0.294140	130.00
0.294160	131.00
0.294180	130.00
0.294200	129.00
0.294220	129.00
0.294240	128.00
0.294260	127.00
0.294280	126.00
0.294300	127.00
0.294320	129.00
0.294340	132.00
0.294360	135.00
0.294380	134.00
0.294400	131.00
0.294420	128.00
0.294440	127.00
0.294460	127.00
0.294480	127.00
0.294500	126.00
0.294520	125.00
0.294540	125.00
0.294560	125.00
0.294580	125.00
0.294600	124.00
0.294620	122.00
0.294640	121.00
0.294660	122.00
0.294680	123.00
0.294700	122.00
0.294720	121.00
0.294740	119.00
0.294760	119.00
0.294780	119.00
0.294800	118.00
0.294820	117.00
0.294840	119.00
0.294860	123.00
0.294880	127.00
0.294900	129.00
0.294920	128.00
0.294940	126.00
0.294960	125.00
0.294980	126.00
0.295000	127.00
0.295020	127.00
0.295040	127.00
0.295060	126.00
0.295080	126.00
0.295100	127.00
0.295120	126.00
0.295140	126.00
0.295160	126.00
0.295180	127.00
0.295200	128.00
0.295220	128.00
0.295240	128.00
0.295260	128.00
0.295280	128.00
0.295300	128.00
0.295320	126.00
0.295340	125.00
0.295360	124.00
0.295380	125.00
0.295400	127.00
0.295420	129.00
0.295440	130.00
0.295460	131.00
0.295480	132.00
0.295500	133.00
0.295520	132.00
0.295540	129.00
0.295560	125.00
0.295580	121.00
0.295600	119.00
0.295620	118.00
0.295640	118.00
0.295660	119.00
0.295680	121.00
0.295700	122.00
0.295720	123.00
0.295740	122.00
0.295760	121.00
0.295780	121.00
0.295800	122.00
0.295820	124.00
0.295840	125.00
0.295860	125.00
0.295880	124.00
0.295900	125.00
0.295920	125.00
0.295940	126.00
0.295960	125.00
0.295980	123.00
0.296000	122.00
0.296020	123.00
0.296040	126.00
0.296060	129.00
0.296080	132.00
0.296100	132.00
0.296120	131.00
0.296140	130.00
0.296160	128.00
0.296180	127.00
0.296200	126.00
0.296220	126.00
0.296240	127.00
0.296260	129.00
0.296280	130.00
0.296300	129.00
0.296320	128.00
0.296340	127.00
0.296360	127.00
0.296380	128.00
0.296400	129.00
0.296420	130.00
0.296440	130.00
0.296460	129.00
0.296480	127.00
0.296500	124.00
0.296520	122.00
0.296540	120.00
0.296560	120.00
0.296580	121.00
0.296600	122.00
0.296620	124.00
0.296640	124.00
0.296660	123.00
0.296680	121.00
0.296700	119.00
0.296720	118.00
0.296740	119.00
0.296760	121.00
0.296780	123.00
0.296800	123.00
0.296820	124.00
0.296840	124.00
0.296860	127.00
0.296880	132.00
0.296900	135.00
0.296920	136.00
0.296940	134.00
0.296960	131.00
0.296980	129.00
0.297000	127.00
0.297020	126.00
0.297040	126.00
0.297060	126.00
0.297080	127.00
0.297100	129.00
0.297120	129.00
0.297140	127.00
0.297160	124.00
0.297180	122.00
0.297200	125.00
0.297220	130.00
0.297240	134.00
0.297260	134.00
0.297280	132.00
0.297300	128.00
0.297320	125.00
0.297340	124.00
0.297360	124.00
0.297380	124.00
0.297400	124.00
0.297420	126.00
0.297440	127.00
0.297460	127.00
0.297480	126.00
0.297500	124.00
0.297520	122.00
0.297540	122.00
0.297560	122.00
0.297580	122.00
0.297600	122.00
0.297620	121.00
0.297640	121.00
0.297660	120.00
0.297680	118.00
0.297700	119.00
0.297720	120.00
0.297740	123.00
0.297760	124.00
0.297780	124.00
0.297800	123.00
0.297820	125.00
0.297840	129.00
0.297860	132.00
0.297880	132.00
0.297900	128.00
0.297920	124.00
0.297940	121.00
0.297960	122.00
0.297980	125.00
0.298000	126.00
0.298020	126.00
0.298040	125.00
0.298060	126.00
0.298080	127.00
0.298100	128.00
0.298120	128.00
0.298140	128.00
0.298160	128.00
0.298180	128.00
0.298200	128.00
0.298220	128.00
0.298240	127.00
0.298260	128.00
0.298280	129.00
0.298300	130.00
0.298320	130.00
0.298340	128.00
0.298360	127.00
0.298380	126.00
0.298400	125.00
0.298420	124.00
0.298440	124.00
0.298460	124.00
0.298480	124.00
0.298500	124.00
0.298520	122.00
0.298540	120.00
0.298560	119.00
0.298580	118.00
0.298600	117.00
0.298620	116.00
0.298640	117.00
0.298660	120.00
0.298680	123.00
0.298700	126.00
0.298720	126.00
0.298740	125.00
0.298760	124.00
0.298780	124.00
0.298800	127.00
0.298820	130.00
0.298840	131.00
0.298860	130.00
0.298880	127.00
0.298900	126.00
0.298920	126.00
0.298940	128.00
0.298960	128.00
0.298980	128.00
0.299000	126.00
0.299020	126.00
0.299040	127.00
0.299060	129.00
0.299080	130.00
0.299100	130.00
0.299120	128.00
0.299140	126.00
0.299160	125.00
0.299180	126.00
0.299200	128.00
0.299220	129.00
0.299240	129.00
0.299260	128.00
0.299280	126.00
0.299300	122.00
0.299320	119.00
0.299340	117.00
0.299360	119.00
0.299380	123.00
0.299400	126.00
0.299420	127.00
0.299440	127.00
0.299460	125.00
0.299480	124.00
0.299500	124.00
0.299520	123.00
0.299540	122.00
0.299560	122.00
0.299580	123.00
0.299600	123.00
0.299620	122.00
0.299640	121.00
0.299660	120.00
0.299680	120.00
0.299700	121.00
0.299720	122.00
0.299740	123.00
0.299760	126.00
0.299780	129.00
0.299800	131.00
0.299820	129.00
0.299840	126.00
0.299860	122.00
0.299880	122.00
0.299900	124.00
0.299920	127.00
0.299940	129.00
0.299960	129.00
0.299980	130.00
0.300000	130.00
0.300020	130.00
0.300040	128.00
0.300060	126.00
0.300080	126.00
0.300100	127.00
0.300120	130.00
0.300140	131.00
0.300160	131.00
0.300180	129.00
0.300200	127.00
0.300220	126.00
0.300240	127.00
0.300260	127.00
0.300280	126.00
0.300300	124.00
0.300320	122.00
0.300340	121.00
0.300360	122.00
0.300380	125.00
0.300400	127.00
0.300420	127.00
0.300440	125.00
0.300460	123.00
0.300480	121.00
0.300500	121.00
0.300520	121.00
0.300540	121.00
0.300560	122.00
0.300580	124.00
0.300600	127.00
0.300620	127.00
0.300640	126.00
0.300660	124.00
0.300680	122.00
0.300700	123.00
0.300720	126.00
0.300740	130.00
0.300760	133.00
0.300780	134.00
0.300800	131.00
0.300820	128.00
0.300840	125.00
0.300860	125.00
0.300880	128.00
0.300900	130.00
0.300920	129.00
0.300940	127.00
0.300960	125.00
0.300980	126.00
0.301000	130.00
0.301020	134.00
0.301040	135.00
0.301060	135.00
0.301080	134.00
0.301100	134.00
0.301120	132.00
0.301140	130.00
0.301160	128.00
0.301180	127.00
0.301200	128.00
0.301220	127.00
0.301240	126.00
0.301260	124.00
0.301280	123.00
0.301300	125.00
0.301320	125.00
0.301340	123.00
0.301360	121.00
0.301380	120.00
0.301400	122.00
0.301420	124.00
0.301440	124.00
0.301460	122.00
0.301480	119.00
0.301500	119.00
0.301520	120.00
0.301540	120.00
0.301560	119.00
0.301580	119.00
0.301600	120.00
0.301620	124.00
0.301640	126.00
0.301660	125.00
0.301680	124.00
0.301700	125.00
0.301720	128.00
0.301740	130.00
0.301760	129.00
0.301780	127.00
0.301800	124.00
0.301820	124.00
0.301840	125.00
0.301860	125.00
0.301880	125.00
0.301900	125.00
0.301920	125.00
0.301940	127.00
0.301960	128.00
0.301980	129.00
0.302000	130.00
0.302020	132.00
0.302040	133.00
0.302060	132.00
0.302080	130.00
0.302100	128.00
0.302120	125.00
0.302140	123.00
0.302160	120.00
0.302180	120.00
0.302200	123.00
0.302220	127.00
0.302240	129.00
0.302260	126.00
0.302280	122.00
0.302300	119.00
0.302320	120.00
0.302340	124.00
0.302360	126.00
0.302380	124.00
0.302400	120.00
0.302420	118.00
0.302440	119.00
0.302460	121.00
0.302480	123.00
0.302500	125.00
0.302520	126.00
0.302540	127.00
0.302560	127.00
0.302580	125.00
0.302600	123.00
0.302620	123.00
0.302640	125.00
0.302660	128.00
0.302680	129.00
0.302700	127.00
0.302720	125.00
0.302740	124.00
0.302760	125.00
0.302780	126.00
0.302800	128.00
0.302820	129.00
0.302840	129.00
0.302860	128.00
0.302880	127.00
0.302900	127.00
0.302920	128.00
0.302940	130.00
0.302960	131.00
0.302980	130.00
0.303000	130.00
0.303020	130.00
0.303040	131.00
0.303060	132.00
0.303080	130.00
0.303100	128.00
0.303120	127.00
0.303140	126.00
0.303160	126.00
0.303180	126.00
0.303200	125.00
0.303220	124.00
0.303240	123.00
0.303260	121.00
0.303280	121.00
0.303300	121.00
0.303320	123.00
0.303340	124.00
0.303360	124.00
0.303380	122.00
0.303400	121.00
0.303420	122.00
0.303440	123.00
0.303460	124.00
0.303480	123.00
0.303500	123.00
0.303520	124.00
0.303540	125.00
0.303560	125.00
0.303580	123.00
0.303600	121.00
0.303620	123.00
0.303640	128.00
0.303660	132.00
0.303680	131.00
0.303700	127.00
0.303720	123.00
0.303740	123.00
0.303760	126.00
0.303780	128.00
0.303800	128.00
0.303820	127.00
0.303840	126.00
0.303860	127.00
0.303880	129.00
0.303900	129.00
0.303920	128.00
0.303940	127.00
0.303960	128.00
0.303980	129.00
0.304000	129.00
0.304020	128.00
0.304040	127.00
0.304060	127.00
0.304080	128.00
0.304100	129.00
0.304120	129.00
0.304140	129.00
0.304160	129.00
0.304180	129.00
0.304200	128.00
0.304220	127.00
0.304240	126.00
0.304260	124.00
0.304280	122.00
0.304300	121.00
0.304320	121.00
0.304340	121.00
0.304360	121.00
0.304380	120.00
0.304400	119.00
0.304420	118.00
0.304440	118.00
0.304460	121.00
0.304480	123.00
0.304500	124.00
0.304520	124.00
0.304540	125.00
0.304560	126.00
0.304580	128.00
0.304600	129.00
0.304620	130.00
0.304640	130.00
0.304660	129.00
0.304680	126.00
0.304700	122.00
0.304720	119.00
0.304740	119.00
0.304760	122.00
0.304780	125.00
0.304800	127.00
0.304820	127.00
0.304840	126.00
0.304860	125.00
0.304880	126.00
0.304900	126.00
0.304920	126.00
0.304940	127.00
0.304960	128.00
0.304980	130.00
0.305000	131.00
0.305020	131.00
0.305040	129.00
0.305060	127.00
0.305080	126.00
0.305100	125.00
0.305120	124.00
0.305140	124.00
0.305160	124.00
0.305180	126.00
0.305200	126.00
0.305220	125.00
0.305240	123.00
0.305260	123.00
0.305280	124.00
0.305300	126.00
0.305320	128.00
0.305340	126.00
0.305360	124.00
0.305380	122.00
0.305400	120.00
0.305420	119.00
0.305440	119.00
0.305460	119.00
0.305480	120.00
0.305500	122.00
0.305520	125.00
0.305540	127.00
0.305560	128.00
0.305580	128.00
0.305600	127.00
0.305620	124.00
0.305640	122.00
0.305660	123.00
0.305680	126.00
0.305700	130.00
0.305720	132.00
0.305740	131.00
0.305760	128.00
0.305780	127.00
0.305800	128.00
0.305820	131.00
0.305840	133.00
0.305860	132.00
0.305880	130.00
0.305900	129.00
0.305920	129.00
0.305940	130.00
0.305960	131.00
0.305980	130.00
0.306000	128.00
0.306020	125.00
0.306040	123.00
0.306060	122.00
0.306080	124.00
0.306100	127.00
0.306120	130.00
0.306140	130.00
0.306160	126.00
0.306180	122.00
0.306200	119.00
0.306220	119.00
0.306240	121.00
0.306260	121.00
0.306280	121.00
0.306300	119.00
0.306320	118.00
0.306340	118.00
0.306360	121.00
0.306380	124.00
0.306400	128.00
0.306420	130.00
0.306440	130.00
0.306460	128.00
0.306480	125.00
0.306500	125.00
0.306520	125.00
0.306540	126.00
0.306560	127.00
0.306580	126.00
0.306600	125.00
0.306620	126.00
0.306640	127.00
0.306660	129.00
0.306680	131.00
0.306700	131.00
0.306720	131.00
0.306740	130.00
0.306760	130.00
0.306780	129.00
0.306800	129.00
0.306820	129.00
0.306840	128.00
0.306860	128.00
0.306880	130.00
0.306900	133.00
0.306920	134.00
0.306940	134.00
0.306960	130.00
0.306980	127.00
0.307000	126.00
0.307020	127.00
0.307040	129.00
0.307060	128.00
0.307080	126.00
0.307100	124.00
0.307120	123.00
0.307140	123.00
0.307160	123.00
0.307180	123.00
0.307200	122.00
0.307220	120.00
0.307240	119.00
0.307260	117.00
0.307280	117.00
0.307300	118.00
0.307320	121.00
0.307340	125.00
0.307360	125.00
0.307380	123.00
0.307400	121.00
0.307420	119.00
0.307440	120.00
0.307460	122.00
0.307480	126.00
0.307500	130.00
0.307520	133.00
0.307540	133.00
0.307560	130.00
0.307580	127.00
0.307600	126.00
0.307620	128.00
0.307640	131.00
0.307660	132.00
0.307680	130.00
0.307700	127.00
0.307720	125.00
0.307740	125.00
0.307760	125.00
0.307780	124.00
0.307800	123.00
0.307820	124.00
0.307840	125.00
0.307860	126.00
0.307880	126.00
0.307900	128.00
0.307920	130.00
0.307940	133.00
0.307960	133.00
0.307980	130.00
0.308000	126.00
0.308020	123.00
0.308040	124.00
0.308060	125.00
0.308080	125.00
0.308100	122.00
0.308120	120.00
0.308140	121.00
0.308160	122.00
0.308180	123.00
0.308200	121.00
0.308220	119.00
0.308240	119.00
0.308260	121.00
0.308280	122.00
0.308300	121.00
0.308320	120.00
0.308340	120.00
0.308360	120.00
0.308380	121.00
0.308400	122.00
0.308420	122.00
0.308440	125.00
0.308460	129.00
0.308480	132.00
0.308500	132.00
0.308520	129.00
0.308540	125.00
0.308560	123.00
0.308580	125.00
0.308600	127.00
0.308620	128.00
0.308640	128.00
0.308660	126.00
0.308680	125.00
0.308700	125.00
0.308720	127.00
0.308740	128.00
0.308760	128.00
0.308780	128.00
0.308800	129.00
0.308820	130.00
0.308840	132.00
0.308860	133.00
0.308880	132.00
0.308900	130.00
0.308920	127.00
0.308940	124.00
0.308960	121.00
0.308980	119.00
0.309000	119.00
0.309020	120.00
0.309040	122.00
0.309060	122.00
0.309080	121.00
0.309100	120.00
0.309120	122.00
0.309140	125.00
0.309160	126.00
0.309180	125.00
0.309200	121.00
0.309220	118.00
0.309240	119.00
0.309260	120.00
0.309280	121.00
0.309300	121.00
0.309320	121.00
0.309340	123.00
0.309360	126.00
0.309380	129.00
0.309400	129.00
0.309420	129.00
0.309440	130.00
0.309460	133.00
0.309480	133.00
0.309500	131.00
0.309520	126.00
0.309540	122.00
0.309560	122.00
0.309580	124.00
0.309600	125.00
0.309620	125.00
0.309640	125.00
0.309660	125.00
0.309680	125.00
0.309700	125.00
0.309720	124.00
0.309740	123.00
0.309760	125.00
0.309780	128.00
0.309800	131.00
0.309820	132.00
0.309840	131.00
0.309860	129.00
0.309880	128.00
0.309900	127.00
0.309920	126.00
0.309940	124.00
0.309960	124.00
0.309980	125.00
0.310000	127.00
0.310020	128.00
0.310040	127.00
0.310060	126.00
0.310080	124.00
0.310100	123.00
0.310120	121.00
0.310140	120.00
0.310160	120.00
0.310180	121.00
0.310200	122.00
0.310220	122.00
0.310240	122.00
0.310260	123.00
0.310280	125.00
0.310300	128.00
0.310320	128.00
0.310340	127.00
0.310360	125.00
0.310380	125.00
0.310400	126.00
0.310420	127.00
0.310440	127.00
0.310460	126.00
0.310480	124.00
0.310500	125.00
0.310520	127.00
0.310540	129.00
0.310560	129.00
0.310580	129.00
0.310600	128.00
0.310620	127.00
0.310640	128.00
0.310660	128.00
0.310680	128.00
0.310700	127.00
0.310720	127.00
0.310740	127.00
0.310760	128.00
0.310780	129.00
0.310800	128.00
0.310820	128.00
0.310840	128.00
0.310860	129.00
0.310880	130.00
0.310900	130.00
0.310920	128.00
0.310940	126.00
0.310960	124.00
0.310980	122.00
0.311000	123.00
0.311020	123.00
0.311040	122.00
0.311060	120.00
0.311080	118.00
0.311100	117.00
0.311120	119.00
0.311140	122.00
0.311160	124.00
0.311180	124.00
0.311200	122.00
0.311220	120.00
0.311240	120.00
0.311260	120.00
0.311280	121.00
0.311300	122.00
0.311320	125.00
0.311340	128.00
0.311360	132.00
0.311380	133.00
0.311400	130.00
0.311420	125.00
0.311440	122.00
0.311460	121.00
0.311480	122.00
0.311500	125.00
0.311520	127.00
0.311540	129.00
0.311560	129.00
0.311580	128.00
0.311600	127.00
0.311620	126.00
0.311640	125.00
0.311660	126.00
0.311680	128.00
0.311700	129.00
0.311720	129.00
0.311740	130.00
0.311760	130.00
0.311780	131.00
0.311800	132.00
0.311820	131.00
0.311840	129.00
0.311860	127.00
0.311880	125.00
0.311900	126.00
0.311920	127.00
0.311940	128.00
0.311960	128.00
0.311980	126.00
0.312000	123.00
0.312020	121.00
0.312040	120.00
0.312060	120.00
0.312080	121.00
0.312100	121.00
0.312120	120.00
0.312140	120.00
0.312160	121.00
0.312180	123.00
0.312200	125.00
0.312220	128.00
0.312240	129.00
0.312260	127.00
0.312280	125.00
0.312300	122.00
0.312320	123.00
0.312340	125.00
0.312360	128.00
0.312380	127.00
0.312400	125.00
0.312420	122.00
0.312440	123.00
0.312460	127.00
0.312480	130.00
0.312500	130.00
0.312520	127.00
0.312540	124.00
0.312560	122.00
0.312580	123.00
0.312600	125.00
0.312620	126.00
0.312640	127.00
0.312660	129.00
0.312680	131.00
0.312700	133.00
0.312720	133.00
0.312740	131.00
0.312760	129.00
0.312780	127.00
0.312800	125.00
0.312820	123.00
0.312840	122.00
0.312860	124.00
0.312880	127.00
0.312900	129.00
0.312920	130.00
0.312940	127.00
0.312960	125.00
0.312980	124.00
0.313000	123.00
0.313020	123.00
0.313040	123.00
0.313060	123.00
0.313080	123.00
0.313100	124.00
0.313120	123.00
0.313140	121.00
0.313160	119.00
0.313180	118.00
0.313200	120.00
0.313220	123.00
0.313240	124.00
0.313260	124.00
0.313280	125.00
0.313300	126.00
0.313320	127.00
0.313340	127.00
0.313360	125.00
0.313380	124.00
0.313400	124.00
0.313420	126.00
0.313440	126.00
0.313460	126.00
0.313480	124.00
0.313500	124.00
0.313520	124.00
0.313540	124.00
0.313560	124.00
0.313580	123.00
0.313600	125.00
0.313620	128.00
0.313640	130.00
0.313660	128.00
0.313680	125.00
0.313700	122.00
0.313720	124.00
0.313740	127.00
0.313760	129.00
0.313780	127.00
0.313800	123.00
0.313820	121.00
0.313840	122.00
0.313860	125.00
0.313880	127.00
0.313900	127.00
0.313920	124.00
0.313940	122.00
0.313960	122.00
0.313980	123.00
0.314000	123.00
0.314020	122.00
0.314040	120.00
0.314060	119.00
0.314080	118.00
0.314100	118.00
0.314120	119.00
0.314140	120.00
0.314160	122.00
0.314180	124.00
0.314200	127.00
0.314220	129.00
0.314240	131.00
0.314260	131.00
0.314280	130.00
0.314300	129.00
0.314320	128.00
0.314340	127.00
0.314360	126.00
0.314380	124.00
0.314400	124.00
0.314420	124.00
0.314440	127.00
0.314460	129.00
0.314480	131.00
0.314500	132.00
0.314520	133.00
0.314540	132.00
0.314560	131.00
0.314580	130.00
0.314600	130.00
0.314620	131.00
0.314640	132.00
0.314660	132.00
0.314680	129.00
0.314700	126.00
0.314720	125.00
0.314740	127.00
0.314760	130.00
0.314780	130.00
0.314800	128.00
0.314820	124.00
0.314840	122.00
0.314860	122.00
0.314880	123.00
0.314900	122.00
0.314920	119.00
0.314940	118.00
0.314960	118.00
0.314980	121.00
0.315000	123.00
0.315020	123.00
0.315040	122.00
0.315060	122.00
0.315080	123.00
0.315100	125.00
0.315120	126.00
0.315140	125.00
0.315160	124.00
0.315180	123.00
0.315200	124.00
0.315220	127.00
0.315240	129.00
0.315260	129.00
0.315280	127.00
0.315300	124.00
0.315320	123.00
0.315340	124.00
0.315360	127.00
0.315380	130.00
0.315400	131.00
0.315420	129.00
0.315440	126.00
0.315460	124.00
0.315480	124.00
0.315500	124.00
0.315520	125.00
0.315540	125.00
0.315560	127.00
0.315580	128.00
0.315600	129.00
0.315620	128.00
0.315640	127.00
0.315660	126.00
0.315680	126.00
0.315700	128.00
0.315720	128.00
0.315740	127.00
0.315760	125.00
0.315780	124.00
0.315800	125.00
0.315820	128.00
0.315840	129.00
0.315860	128.00
0.315880	126.00
0.315900	123.00
0.315920	122.00
0.315940	122.00
0.315960	122.00
0.315980	122.00
0.316000	122.00
0.316020	121.00
0.316040	120.00
0.316060	119.00
0.316080	120.00
0.316100	122.00
0.316120	126.00
0.316140	128.00
0.316160	129.00
0.316180	129.00
0.316200	129.00
0.316220	130.00
0.316240	131.00
0.316260	131.00
0.316280	128.00
0.316300	126.00
0.316320	126.00
0.316340	127.00
0.316360	127.00
0.316380	125.00
0.316400	123.00
0.316420	123.00
0.316440	125.00
0.316460	129.00
0.316480	132.00
0.316500	132.00
0.316520	131.00
0.316540	131.00
0.316560	131.00
0.316580	131.00
0.316600	131.00
0.316620	131.00
0.316640	130.00
0.316660	127.00
0.316680	123.00
0.316700	122.00
0.316720	124.00
0.316740	127.00
0.316760	130.00
0.316780	129.00
0.316800	126.00
0.316820	122.00
0.316840	122.00
0.316860	124.00
0.316880	125.00
0.316900	125.00
0.316920	124.00
0.316940	122.00
0.316960	121.00
0.316980	120.00
0.317000	120.00
0.317020	118.00
0.317040	118.00
0.317060	120.00
0.317080	124.00
0.317100	127.00
0.317120	128.00
0.317140	128.00
0.317160	127.00
0.317180	128.00
0.317200	128.00
0.317220	129.00
0.317240	128.00
0.317260	126.00
0.317280	124.00
0.317300	123.00
0.317320	123.00
0.317340	125.00
0.317360	127.00
0.317380	128.00
0.317400	128.00
0.317420	127.00
0.317440	127.00
0.317460	128.00
0.317480	129.00
0.317500	131.00
0.317520	131.00
0.317540	130.00
0.317560	128.00
0.317580	125.00
0.317600	123.00
0.317620	123.00
0.317640	125.00
0.317660	126.00
0.317680	125.00
0.317700	123.00
0.317720	121.00
0.317740	122.00
0.317760	123.00
0.317780	123.00
0.317800	120.00
0.317820	117.00
0.317840	115.00
0.317860	117.00
0.317880	120.00
0.317900	122.00
0.317920	122.00
0.317940	120.00
0.317960	119.00
0.317980	120.00
0.318000	122.00
0.318020	123.00
0.318040	124.00
0.318060	123.00
0.318080	124.00
0.318100	125.00
0.318120	127.00
0.318140	128.00
0.318160	128.00
0.318180	128.00
0.318200	128.00
0.318220	128.00
0.318240	127.00
0.318260	127.00
0.318280	127.00
0.318300	128.00
0.318320	130.00
0.318340	132.00
0.318360	134.00
0.318380	134.00
0.318400	132.00
0.318420	129.00
0.318440	127.00
0.318460	128.00
0.318480	130.00
0.318500	131.00
0.318520	129.00
0.318540	126.00
0.318560	123.00
0.318580	122.00
0.318600	122.00
0.318620	124.00
0.318640	126.00
0.318660	128.00
0.318680	128.00
0.318700	128.00
0.318720	125.00
0.318740	123.00
0.318760	121.00
0.318780	123.00
0.318800	125.00
0.318820	126.00
0.318840	126.00
0.318860	124.00
0.318880	121.00
0.318900	120.00
0.318920	120.00
0.318940	122.00
0.318960	124.00
0.318980	126.00
0.319000	126.00
0.319020	125.00
0.319040	125.00
0.319060	125.00
0.319080	127.00
0.319100	128.00
0.319120	127.00
0.319140	124.00
0.319160	122.00
0.319180	122.00
0.319200	124.00
0.319220	126.00
0.319240	126.00
0.319260	126.00
0.319280	126.00
0.319300	127.00
0.319320	128.00
0.319340	128.00
0.319360	127.00
0.319380	126.00
