0.279400	101.00
0.279420	48.00
0.279440	102.00
0.279460	142.00
0.279480	144.00
0.279500	124.00
0.279520	110.00
0.279540	117.00
0.279560	133.00
0.279580	140.00
0.279600	135.00
0.279620	130.00
0.279640	133.00
0.279660	140.00
0.279680	140.00
0.279700	132.00
0.279720	123.00
0.279740	121.00
0.279760	124.00
0.279780	123.00
0.279800	118.00
0.279820	115.00
0.279840	118.00
0.279860	124.00
0.279880	126.00
0.279900	123.00
0.279920	118.00
0.279940	117.00
0.279960	121.00
0.279980	124.00
0.280000	125.00
0.280020	125.00
0.280040	124.00
0.280060	123.00
0.280080	121.00
0.280100	118.00
0.280120	118.00
0.280140	121.00
0.280160	123.00
0.280180	122.00
0.280200	119.00
0.280220	117.00
0.280240	121.00
0.280260	126.00
0.280280	130.00
0.280300	130.00
0.280320	127.00
0.280340	128.00
0.280360	130.00
0.280380	133.00
0.280400	133.00
0.280420	132.00
0.280440	131.00
0.280460	131.00
0.280480	131.00
0.280500	130.00
0.280520	129.00
0.280540	129.00
0.280560	129.00
0.280580	128.00
0.280600	126.00
0.280620	126.00
0.280640	127.00
0.280660	129.00
0.280680	128.00
0.280700	124.00
0.280720	120.00
0.280740	119.00
0.280760	121.00
0.280780	123.00
0.280800	125.00
0.280820	126.00
0.280840	126.00
0.280860	127.00
0.280880	127.00
0.280900	128.00
0.280920	129.00
0.280940	129.00
0.280960	128.00
0.280980	126.00
0.281000	122.00
0.281020	120.00
0.281040	121.00
0.281060	122.00
0.281080	123.00
0.281100	122.00
0.281120	121.00
0.281140	120.00
0.281160	121.00
0.281180	123.00
0.281200	125.00
0.281220	128.00
0.281240	129.00
0.281260	128.00
0.281280	124.00
0.281300	120.00
0.281320	119.00
0.281340	120.00
0.281360	122.00
0.281380	121.00
0.281400	119.00
0.281420	120.00
0.281440	124.00
0.281460	128.00
0.281480	129.00
0.281500	128.00
0.281520	127.00
0.281540	129.00
0.281560	132.00
0.281580	134.00
0.281600	132.00
0.281620	128.00
0.281640	124.00
0.281660	123.00
0.281680	125.00
0.281700	128.00
0.281720	129.00
0.281740	129.00
0.281760	127.00
0.281780	124.00
0.281800	123.00
0.281820	123.00
0.281840	125.00
0.281860	126.00
0.281880	125.00
0.281900	123.00
0.281920	123.00
0.281940	123.00
0.281960	124.00
0.281980	122.00
0.282000	119.00
0.282020	118.00
0.282040	119.00
0.282060	122.00
0.282080	123.00
0.282100	121.00
0.282120	120.00
0.282140	121.00
0.282160	124.00
0.282180	127.00
0.282200	127.00
0.282220	126.00
0.282240	126.00
0.282260	128.00
0.282280	129.00
0.282300	129.00
0.282320	128.00
0.282340	128.00
0.282360	129.00
0.282380	128.00
0.282400	127.00
0.282420	126.00
0.282440	127.00
0.282460	130.00
0.282480	133.00
0.282500	132.00
0.282520	128.00
0.282540	125.00
0.282560	125.00
0.282580	127.00
0.282600	129.00
0.282620	128.00
0.282640	126.00
0.282660	123.00
0.282680	121.00
0.282700	122.00
0.282720	122.00
0.282740	123.00
0.282760	123.00
0.282780	123.00
0.282800	123.00
0.282820	123.00
0.282840	123.00
0.282860	121.00
0.282880	120.00
0.282900	121.00
0.282920	122.00
0.282940	124.00
0.282960	124.00
0.282980	122.00
0.283000	120.00
0.283020	119.00
0.283040	120.00
0.283060	121.00
0.283080	122.00
0.283100	124.00
0.283120	127.00
0.283140	130.00
0.283160	131.00
0.283180	129.00
0.283200	127.00
0.283220	126.00
0.283240	127.00
0.283260	130.00
0.283280	130.00
0.283300	129.00
0.283320	127.00
0.283340	127.00
0.283360	129.00
0.283380	130.00
0.283400	129.00
0.283420	128.00
0.283440	127.00
0.283460	127.00
0.283480	129.00
0.283500	131.00
0.283520	134.00
0.283540	137.00
0.283560	138.00
0.283580	135.00
0.283600	130.00
0.283620	125.00
0.283640	124.00
0.283660	126.00
0.283680	129.00
0.283700	129.00
0.283720	126.00
0.283740	124.00
0.283760	122.00
0.283780	123.00
0.283800	123.00
0.283820	122.00
0.283840	120.00
0.283860	119.00
0.283880	119.00
0.283900	120.00
0.283920	122.00
0.283940	122.00
0.283960	122.00
0.283980	122.00
0.284000	122.00
0.284020	123.00
0.284040	124.00
0.284060	125.00
0.284080	125.00
0.284100	125.00
0.284120	124.00
0.284140	123.00
0.284160	121.00
0.284180	120.00
0.284200	121.00
0.284220	124.00
0.284240	128.00
0.284260	128.00
0.284280	126.00
0.284300	123.00
0.284320	123.00
0.284340	126.00
0.284360	131.00
0.284380	135.00
0.284400	135.00
0.284420	134.00
0.284440	133.00
0.284460	134.00
0.284480	133.00
0.284500	131.00
0.284520	129.00
0.284540	128.00
0.284560	128.00
0.284580	129.00
0.284600	129.00
0.284620	127.00
0.284640	125.00
0.284660	123.00
0.284680	122.00
0.284700	121.00
0.284720	120.00
0.284740	120.00
0.284760	121.00
0.284780	122.00
0.284800	123.00
0.284820	124.00
0.284840	123.00
0.284860	121.00
0.284880	119.00
0.284900	119.00
0.284920	121.00
0.284940	124.00
0.284960	127.00
0.284980	128.00
0.285000	126.00
0.285020	124.00
0.285040	124.00
0.285060	124.00
0.285080	125.00
0.285100	125.00
0.285120	125.00
0.285140	124.00
0.285160	124.00
0.285180	124.00
0.285200	125.00
0.285220	127.00
0.285240	130.00
0.285260	132.00
0.285280	132.00
0.285300	131.00
0.285320	130.00
0.285340	130.00
0.285360	132.00
0.285380	133.00
0.285400	132.00
0.285420	129.00
0.285440	127.00
0.285460	125.00
0.285480	126.00
0.285500	126.00
0.285520	125.00
0.285540	124.00
0.285560	122.00
0.285580	121.00
0.285600	122.00
0.285620	124.00
0.285640	125.00
0.285660	125.00
0.285680	123.00
0.285700	121.00
0.285720	121.00
0.285740	123.00
0.285760	123.00
0.285780	121.00
0.285800	118.00
0.285820	117.00
0.285840	119.00
0.285860	123.00
0.285880	125.00
0.285900	125.00
0.285920	124.00
0.285940	125.00
0.285960	127.00
0.285980	128.00
0.286000	128.00
0.286020	127.00
0.286040	126.00
0.286060	126.00
0.286080	127.00
0.286100	127.00
0.286120	126.00
0.286140	125.00
0.286160	122.00
0.286180	121.00
0.286200	121.00
0.286220	124.00
0.286240	127.00
0.286260	129.00
0.286280	129.00
0.286300	126.00
0.286320	126.00
0.286340	128.00
0.286360	131.00
0.286380	132.00
0.286400	131.00
0.286420	128.00
0.286440	126.00
0.286460	126.00
0.286480	126.00
0.286500	125.00
0.286520	123.00
0.286540	123.00
0.286560	123.00
0.286580	125.00
0.286600	125.00
0.286620	125.00
0.286640	125.00
0.286660	126.00
0.286680	127.00
0.286700	126.00
0.286720	124.00
0.286740	123.00
0.286760	124.00
0.286780	124.00
0.286800	123.00
0.286820	121.00
0.286840	119.00
0.286860	120.00
0.286880	123.00
0.286900	126.00
0.286920	127.00
0.286940	127.00
0.286960	127.00
0.286980	126.00
0.287000	126.00
0.287020	124.00
0.287040	121.00
0.287060	120.00
0.287080	120.00
0.287100	124.00
0.287120	128.00
0.287140	131.00
0.287160	132.00
0.287180	131.00
0.287200	131.00
0.287220	132.00
0.287240	132.00
0.287260	129.00
0.287280	125.00
0.287300	123.00
0.287320	123.00
0.287340	128.00
0.287360	132.00
0.287380	134.00
0.287400	133.00
0.287420	132.00
0.287440	132.00
0.287460	133.00
0.287480	133.00
0.287500	131.00
0.287520	129.00
0.287540	127.00
0.287560	125.00
0.287580	122.00
0.287600	120.00
0.287620	119.00
0.287640	121.00
0.287660	124.00
0.287680	125.00
0.287700	123.00
0.287720	121.00
0.287740	122.00
0.287760	125.00
0.287780	125.00
0.287800	123.00
0.287820	120.00
0.287840	119.00
0.287860	120.00
0.287880	122.00
0.287900	123.00
0.287920	123.00
0.287940	126.00
0.287960	130.00
0.287980	133.00
0.288000	132.00
0.288020	128.00
0.288040	124.00
0.288060	123.00
0.288080	126.00
0.288100	128.00
0.288120	129.00
0.288140	128.00
0.288160	127.00
0.288180	127.00
0.288200	128.00
0.288220	128.00
0.288240	129.00
0.288260	130.00
0.288280	131.00
0.288300	131.00
0.288320	129.00
0.288340	127.00
0.288360	127.00
0.288380	128.00
0.288400	130.00
0.288420	131.00
0.288440	130.00
0.288460	129.00
0.288480	130.00
0.288500	130.00
0.288520	129.00
0.288540	126.00
0.288560	123.00
0.288580	121.00
0.288600	121.00
0.288620	122.00
0.288640	124.00
0.288660	124.00
0.288680	124.00
0.288700	123.00
0.288720	121.00
0.288740	120.00
0.288760	119.00
0.288780	119.00
0.288800	120.00
0.288820	120.00
0.288840	121.00
0.288860	121.00
0.288880	122.00
0.288900	123.00
0.288920	126.00
0.288940	128.00
0.288960	129.00
0.288980	128.00
0.289000	125.00
0.289020	123.00
0.289040	123.00
0.289060	125.00
0.289080	128.00
0.289100	129.00
0.289120	128.00
0.289140	126.00
0.289160	126.00
0.289180	127.00
0.289200	129.00
0.289220	129.00
0.289240	127.00
0.289260	125.00
0.289280	124.00
0.289300	125.00
0.289320	128.00
0.289340	130.00
0.289360	129.00
0.289380	127.00
0.289400	125.00
0.289420	126.00
0.289440	128.00
0.289460	129.00
0.289480	128.00
0.289500	125.00
0.289520	121.00
0.289540	118.00
0.289560	117.00
0.289580	117.00
0.289600	118.00
0.289620	119.00
0.289640	120.00
0.289660	122.00
0.289680	123.00
0.289700	124.00
0.289720	124.00
0.289740	125.00
0.289760	124.00
0.289780	123.00
0.289800	122.00
0.289820	121.00
0.289840	120.00
0.289860	120.00
0.289880	122.00
0.289900	124.00
0.289920	127.00
0.289940	129.00
0.289960	130.00
0.289980	130.00
0.290000	130.00
0.290020	130.00
0.290040	131.00
0.290060	131.00
0.290080	130.00
0.290100	129.00
0.290120	129.00
0.290140	130.00
0.290160	133.00
0.290180	135.00
0.290200	134.00
0.290220	131.00
0.290240	127.00
0.290260	124.00
0.290280	124.00
0.290300	125.00
0.290320	126.00
0.290340	128.00
0.290360	130.00
0.290380	131.00
0.290400	131.00
0.290420	129.00
0.290440	125.00
0.290460	123.00
0.290480	122.00
0.290500	123.00
0.290520	123.00
0.290540	121.00
0.290560	117.00
0.290580	115.00
0.290600	116.00
0.290620	120.00
0.290640	124.00
0.290660	125.00
0.290680	123.00
0.290700	121.00
0.290720	120.00
0.290740	121.00
0.290760	122.00
0.290780	122.00
0.290800	122.00
0.290820	123.00
0.290840	127.00
0.290860	130.00
0.290880	130.00
0.290900	127.00
0.290920	124.00
0.290940	123.00
0.290960	124.00
0.290980	127.00
0.291000	127.00
0.291020	127.00
0.291040	126.00
0.291060	127.00
0.291080	127.00
0.291100	127.00
0.291120	127.00
0.291140	128.00
0.291160	129.00
0.291180	129.00
0.291200	129.00
0.291220	129.00
0.291240	129.00
0.291260	131.00
0.291280	132.00
0.291300	132.00
0.291320	130.00
0.291340	127.00
0.291360	125.00
0.291380	124.00
0.291400	125.00
0.291420	124.00
0.291440	123.00
0.291460	123.00
0.291480	123.00
0.291500	123.00
0.291520	123.00
0.291540	121.00
0.291560	119.00
0.291580	119.00
0.291600	121.00
0.291620	123.00
0.291640	125.00
0.291660	124.00
0.291680	124.00
0.291700	124.00
0.291720	125.00
0.291740	126.00
0.291760	125.00
0.291780	124.00
0.291800	124.00
0.291820	125.00
0.291840	127.00
0.291860	128.00
0.291880	127.00
0.291900	125.00
0.291920	124.00
0.291940	125.00
0.291960	126.00
0.291980	126.00
0.292000	125.00
0.292020	124.00
0.292040	124.00
0.292060	126.00
0.292080	128.00
0.292100	128.00
0.292120	128.00
0.292140	127.00
0.292160	127.00
0.292180	126.00
0.292200	126.00
0.292220	126.00
0.292240	127.00
0.292260	127.00
0.292280	128.00
0.292300	127.00
0.292320	126.00
0.292340	126.00
0.292360	126.00
0.292380	127.00
0.292400	126.00
0.292420	125.00
0.292440	123.00
0.292460	123.00
0.292480	124.00
0.292500	125.00
0.292520	125.00
0.292540	125.00
0.292560	125.00
0.292580	124.00
0.292600	124.00
0.292620	124.00
0.292640	124.00
0.292660	123.00
0.292680	123.00
0.292700	123.00
0.292720	123.00
0.292740	123.00
0.292760	125.00
0.292780	127.00
0.292800	128.00
0.292820	128.00
0.292840	128.00
0.292860	128.00
0.292880	128.00
0.292900	128.00
0.292920	127.00
0.292940	125.00
0.292960	122.00
0.292980	121.00
0.293000	122.00
0.293020	123.00
0.293040	124.00
0.293060	126.00
0.293080	127.00
0.293100	128.00
0.293120	130.00
0.293140	132.00
0.293160	133.00
0.293180	134.00
0.293200	135.00
0.293220	134.00
0.293240	131.00
0.293260	127.00
0.293280	123.00
0.293300	122.00
0.293320	123.00
0.293340	124.00
0.293360	123.00
0.293380	121.00
0.293400	120.00
0.293420	120.00
0.293440	121.00
0.293460	122.00
0.293480	122.00
0.293500	121.00
0.293520	121.00
0.293540	120.00
0.293560	120.00
0.293580	119.00
0.293600	120.00
0.293620	123.00
0.293640	126.00
0.293660	128.00
0.293680	126.00
0.293700	123.00
0.293720	121.00
0.293740	122.00
0.293760	124.00
0.293780	125.00
0.293800	125.00
0.293820	126.00
0.293840	128.00
0.293860	129.00
0.293880	129.00
0.293900	128.00
0.293920	129.00
0.293940	132.00
0.293960	135.00
0.293980	135.00
0.294000	132.00
0.294020	128.00
0.294040	126.00
0.294060	128.00
0.294080	130.00
0.294100	131.00
0.294120	131.00
0.294140	131.00
0.294160	130.00
0.294180	128.00
0.294200	126.00
0.294220	124.00
0.294240	124.00
0.294260	125.00
0.294280	127.00
0.294300	127.00
0.294320	126.00
0.294340	124.00
0.294360	124.00
0.294380	124.00
0.294400	124.00
0.294420	123.00
0.294440	123.00
0.294460	124.00
0.294480	125.00
0.294500	125.00
0.294520	123.00
0.294540	120.00
0.294560	118.00
0.294580	119.00
0.294600	120.00
0.294620	122.00
0.294640	123.00
0.294660	125.00
0.294680	128.00
0.294700	132.00
0.294720	136.00
0.294740	137.00
0.294760	134.00
0.294780	130.00
0.294800	125.00
0.294820	122.00
0.294840	123.00
0.294860	126.00
0.294880	127.00
0.294900	127.00
0.294920	126.00
0.294940	125.00
0.294960	126.00
0.294980	127.00
0.295000	127.00
0.295020	127.00
0.295040	127.00
0.295060	128.00
0.295080	128.00
0.295100	128.00
0.295120	127.00
0.295140	127.00
0.295160	128.00
0.295180	129.00
0.295200	127.00
0.295220	124.00
0.295240	120.00
0.295260	119.00
0.295280	119.00
0.295300	120.00
0.295320	120.00
0.295340	120.00
0.295360	120.00
0.295380	122.00
0.295400	122.00
0.295420	122.00
0.295440	122.00
0.295460	123.00
0.295480	124.00
0.295500	124.00
0.295520	122.00
0.295540	121.00
0.295560	122.00
0.295580	124.00
0.295600	127.00
0.295620	127.00
0.295640	127.00
0.295660	127.00
0.295680	129.00
0.295700	131.00
0.295720	130.00
0.295740	127.00
0.295760	125.00
0.295780	125.00
0.295800	126.00
0.295820	125.00
0.295840	123.00
0.295860	122.00
0.295880	125.00
0.295900	130.00
0.295920	134.00
0.295940	134.00
0.295960	131.00
0.295980	128.00
0.296000	129.00
0.296020	130.00
0.296040	131.00
0.296060	130.00
0.296080	128.00
0.296100	127.00
0.296120	125.00
0.296140	123.00
0.296160	121.00
0.296180	120.00
0.296200	122.00
0.296220	127.00
0.296240	131.00
0.296260	133.00
0.296280	133.00
0.296300	132.00
0.296320	129.00
0.296340	126.00
0.296360	122.00
0.296380	119.00
0.296400	117.00
0.296420	118.00
0.296440	119.00
0.296460	120.00
0.296480	119.00
0.296500	118.00
0.296520	119.00
0.296540	122.00
0.296560	128.00
0.296580	133.00
0.296600	135.00
0.296620	135.00
0.296640	134.00
0.296660	132.00
0.296680	128.00
0.296700	123.00
0.296720	117.00
0.296740	115.00
0.296760	118.00
0.296780	125.00
0.296800	131.00
0.296820	132.00
0.296840	130.00
0.296860	128.00
0.296880	129.00
0.296900	134.00
0.296920	137.00
0.296940	135.00
0.296960	130.00
0.296980	126.00
0.297000	124.00
0.297020	124.00
0.297040	124.00
0.297060	123.00
0.297080	124.00
0.297100	126.00
0.297120	128.00
0.297140	127.00
0.297160	124.00
0.297180	122.00
0.297200	123.00
0.297220	125.00
0.297240	126.00
0.297260	123.00
0.297280	119.00
0.297300	118.00
0.297320	120.00
0.297340	122.00
0.297360	123.00
0.297380	121.00
0.297400	119.00
0.297420	118.00
0.297440	119.00
0.297460	119.00
0.297480	119.00
0.297500	118.00
0.297520	119.00
0.297540	120.00
0.297560	122.00
0.297580	123.00
0.297600	125.00
0.297620	126.00
0.297640	126.00
0.297660	123.00
0.297680	119.00
0.297700	118.00
0.297720	120.00
0.297740	125.00
0.297760	128.00
0.297780	128.00
0.297800	126.00
0.297820	126.00
0.297840	129.00
0.297860	133.00
0.297880	136.00
0.297900	136.00
0.297920	134.00
0.297940	132.00
0.297960	130.00
0.297980	129.00
0.298000	130.00
0.298020	131.00
0.298040	132.00
0.298060	131.00
0.298080	128.00
0.298100	125.00
0.298120	123.00
0.298140	123.00
0.298160	125.00
0.298180	126.00
0.298200	126.00
0.298220	125.00
0.298240	125.00
0.298260	123.00
0.298280	122.00
0.298300	121.00
0.298320	121.00
0.298340	121.00
0.298360	121.00
0.298380	120.00
0.298400	118.00
0.298420	117.00
0.298440	119.00
0.298460	123.00
0.298480	125.00
0.298500	126.00
0.298520	125.00
0.298540	125.00
0.298560	127.00
0.298580	130.00
0.298600	132.00
0.298620	130.00
0.298640	126.00
0.298660	123.00
0.298680	122.00
0.298700	125.00
0.298720	128.00
0.298740	130.00
0.298760	130.00
0.298780	129.00
0.298800	129.00
0.298820	130.00
0.298840	132.00
0.298860	131.00
0.298880	130.00
0.298900	129.00
0.298920	130.00
0.298940	131.00
0.298960	133.00
0.298980	133.00
0.299000	133.00
0.299020	131.00
0.299040	128.00
0.299060	125.00
0.299080	122.00
0.299100	120.00
0.299120	120.00
0.299140	123.00
0.299160	125.00
0.299180	126.00
0.299200	125.00
0.299220	124.00
0.299240	122.00
0.299260	122.00
0.299280	122.00
0.299300	121.00
0.299320	121.00
0.299340	122.00
0.299360	123.00
0.299380	124.00
0.299400	125.00
0.299420	125.00
0.299440	124.00
0.299460	122.00
0.299480	121.00
0.299500	122.00
0.299520	124.00
0.299540	128.00
0.299560	131.00
0.299580	131.00
0.299600	129.00
0.299620	125.00
0.299640	123.00
0.299660	123.00
0.299680	124.00
0.299700	126.00
0.299720	127.00
0.299740	128.00
0.299760	129.00
0.299780	130.00
0.299800	129.00
0.299820	128.00
0.299840	129.00
0.299860	130.00
0.299880	131.00
0.299900	131.00
0.299920	130.00
0.299940	129.00
0.299960	129.00
0.299980	129.00
0.300000	127.00
0.300020	124.00
0.300040	122.00
0.300060	123.00
0.300080	126.00
0.300100	129.00
0.300120	130.00
0.300140	128.00
0.300160	124.00
0.300180	120.00
0.300200	117.00
0.300220	118.00
0.300240	120.00
0.300260	122.00
0.300280	122.00
0.300300	119.00
0.300320	116.00
0.300340	114.00
0.300360	116.00
0.300380	119.00
0.300400	122.00
0.300420	123.00
0.300440	123.00
0.300460	124.00
0.300480	127.00
0.300500	131.00
0.300520	134.00
0.300540	134.00
0.300560	132.00
0.300580	129.00
0.300600	127.00
0.300620	126.00
0.300640	124.00
0.300660	123.00
0.300680	122.00
0.300700	123.00
0.300720	124.00
0.300740	126.00
0.300760	127.00
0.300780	128.00
0.300800	130.00
0.300820	132.00
0.300840	135.00
0.300860	136.00
0.300880	135.00
0.300900	131.00
0.300920	127.00
0.300940	125.00
0.300960	125.00
0.300980	127.00
0.301000	129.00
0.301020	130.00
0.301040	128.00
0.301060	124.00
0.301080	121.00
0.301100	121.00
0.301120	121.00
0.301140	121.00
0.301160	120.00
0.301180	117.00
0.301200	115.00
0.301220	117.00
0.301240	121.00
0.301260	125.00
0.301280	125.00
0.301300	123.00
0.301320	120.00
0.301340	118.00
0.301360	118.00
0.301380	120.00
0.301400	123.00
0.301420	127.00
0.301440	131.00
0.301460	132.00
0.301480	132.00
0.301500	129.00
0.301520	126.00
0.301540	125.00
0.301560	125.00
0.301580	126.00
0.301600	125.00
0.301620	124.00
0.301640	122.00
0.301660	123.00
0.301680	126.00
0.301700	129.00
0.301720	131.00
0.301740	130.00
0.301760	128.00
0.301780	126.00
0.301800	125.00
0.301820	127.00
0.301840	129.00
0.301860	130.00
0.301880	129.00
0.301900	126.00
0.301920	123.00
0.301940	122.00
0.301960	123.00
0.301980	124.00
0.302000	124.00
0.302020	125.00
0.302040	126.00
0.302060	126.00
0.302080	125.00
0.302100	122.00
0.302120	119.00
0.302140	118.00
0.302160	121.00
0.302180	123.00
0.302200	123.00
0.302220	122.00
0.302240	120.00
0.302260	120.00
0.302280	121.00
0.302300	123.00
0.302320	123.00
0.302340	122.00
0.302360	123.00
0.302380	125.00
0.302400	128.00
0.302420	129.00
0.302440	129.00
0.302460	128.00
0.302480	127.00
0.302500	126.00
0.302520	126.00
0.302540	126.00
0.302560	127.00
0.302580	127.00
0.302600	128.00
0.302620	129.00
0.302640	129.00
0.302660	128.00
0.302680	127.00
0.302700	127.00
0.302720	129.00
0.302740	132.00
0.302760	135.00
0.302780	136.00
0.302800	134.00
0.302820	131.00
0.302840	128.00
0.302860	127.00
0.302880	128.00
0.302900	127.00
0.302920	125.00
0.302940	122.00
0.302960	120.00
0.302980	122.00
0.303000	125.00
0.303020	127.00
0.303040	127.00
0.303060	124.00
0.303080	121.00
0.303100	121.00
0.303120	122.00
0.303140	123.00
0.303160	125.00
0.303180	124.00
0.303200	121.00
0.303220	117.00
0.303240	113.00
0.303260	112.00
0.303280	115.00
0.303300	121.00
0.303320	125.00
0.303340	127.00
0.303360	127.00
0.303380	127.00
0.303400	127.00
0.303420	127.00
0.303440	126.00
0.303460	126.00
0.303480	126.00
0.303500	128.00
0.303520	129.00
0.303540	129.00
0.303560	127.00
0.303580	126.00
0.303600	126.00
0.303620	128.00
0.303640	129.00
0.303660	129.00
0.303680	129.00
0.303700	130.00
0.303720	131.00
0.303740	131.00
0.303760	131.00
0.303780	131.00
0.303800	131.00
0.303820	130.00
0.303840	128.00
0.303860	126.00
0.303880	125.00
0.303900	126.00
0.303920	129.00
0.303940	129.00
0.303960	125.00
0.303980	122.00
0.304000	121.00
0.304020	124.00
0.304040	127.00
0.304060	129.00
0.304080	126.00
0.304100	122.00
0.304120	119.00
0.304140	119.00
0.304160	120.00
0.304180	121.00
0.304200	122.00
0.304220	123.00
0.304240	124.00
0.304260	123.00
0.304280	122.00
0.304300	122.00
0.304320	124.00
0.304340	128.00
0.304360	131.00
0.304380	130.00
0.304400	128.00
0.304420	128.00
0.304440	130.00
0.304460	131.00
0.304480	130.00
0.304500	126.00
0.304520	125.00
0.304540	126.00
0.304560	130.00
0.304580	132.00
0.304600	131.00
0.304620	129.00
0.304640	127.00
0.304660	127.00
0.304680	127.00
0.304700	126.00
0.304720	123.00
0.304740	122.00
0.304760	123.00
0.304780	126.00
0.304800	129.00
0.304820	129.00
0.304840	127.00
0.304860	125.00
0.304880	125.00
0.304900	127.00
0.304920	129.00
0.304940	129.00
0.304960	128.00
0.304980	125.00
0.305000	123.00
0.305020	123.00
0.305040	124.00
0.305060	126.00
0.305080	126.00
0.305100	125.00
0.305120	123.00
0.305140	123.00
0.305160	124.00
0.305180	125.00
0.305200	125.00
0.305220	125.00
0.305240	124.00
0.305260	123.00
0.305280	123.00
0.305300	124.00
0.305320	126.00
0.305340	128.00
0.305360	130.00
0.305380	129.00
0.305400	127.00
0.305420	126.00
0.305440	125.00
0.305460	126.00
0.305480	126.00
0.305500	125.00
0.305520	122.00
0.305540	120.00
0.305560	120.00
0.305580	122.00
0.305600	124.00
0.305620	127.00
0.305640	129.00
0.305660	129.00
0.305680	128.00
0.305700	126.00
0.305720	124.00
0.305740	125.00
0.305760	127.00
0.305780	128.00
0.305800	128.00
0.305820	127.00
0.305840	126.00
0.305860	126.00
0.305880	126.00
0.305900	124.00
0.305920	121.00
0.305940	118.00
0.305960	117.00
0.305980	117.00
0.306000	118.00
0.306020	119.00
0.306040	119.00
0.306060	120.00
0.306080	120.00
0.306100	121.00
0.306120	120.00
0.306140	120.00
0.306160	121.00
0.306180	124.00
0.306200	128.00
0.306220	130.00
0.306240	130.00
0.306260	128.00
0.306280	126.00
0.306300	124.00
0.306320	125.00
0.306340	125.00
0.306360	126.00
0.306380	125.00
0.306400	124.00
0.306420	124.00
0.306440	126.00
0.306460	130.00
0.306480	133.00
0.306500	134.00
0.306520	132.00
0.306540	129.00
0.306560	128.00
0.306580	130.00
0.306600	132.00
0.306620	134.00
0.306640	133.00
0.306660	130.00
0.306680	127.00
0.306700	124.00
0.306720	123.00
0.306740	123.00
0.306760	124.00
0.306780	126.00
0.306800	126.00
0.306820	125.00
0.306840	124.00
0.306860	122.00
0.306880	121.00
0.306900	122.00
0.306920	122.00
0.306940	121.00
0.306960	121.00
0.306980	121.00
0.307000	121.00
0.307020	121.00
0.307040	119.00
0.307060	117.00
0.307080	115.00
0.307100	117.00
0.307120	120.00
0.307140	122.00
0.307160	122.00
0.307180	120.00
0.307200	121.00
0.307220	124.00
0.307240	129.00
0.307260	131.00
0.307280	130.00
0.307300	128.00
0.307320	126.00
0.307340	127.00
0.307360	129.00
0.307380	129.00
0.307400	127.00
0.307420	126.00
0.307440	128.00
0.307460	131.00
0.307480	134.00
0.307500	134.00
0.307520	132.00
0.307540	130.00
0.307560	129.00
0.307580	129.00
0.307600	129.00
0.307620	129.00
0.307640	128.00
0.307660	128.00
0.307680	127.00
0.307700	127.00
0.307720	127.00
0.307740	127.00
0.307760	127.00
0.307780	126.00
0.307800	124.00
0.307820	123.00
0.307840	122.00
0.307860	122.00
0.307880	122.00
0.307900	121.00
0.307920	119.00
0.307940	119.00
0.307960	121.00
0.307980	124.00
0.308000	125.00
0.308020	124.00
0.308040	123.00
0.308060	121.00
0.308080	120.00
0.308100	119.00
0.308120	119.00
0.308140	119.00
0.308160	120.00
0.308180	122.00
0.308200	126.00
0.308220	129.00
0.308240	130.00
0.308260	129.00
0.308280	127.00
0.308300	126.00
0.308320	125.00
0.308340	125.00
0.308360	125.00
0.308380	124.00
0.308400	124.00
0.308420	126.00
0.308440	128.00
0.308460	129.00
0.308480	129.00
0.308500	129.00
0.308520	129.00
0.308540	130.00
0.308560	129.00
0.308580	126.00
0.308600	123.00
0.308620	122.00
0.308640	123.00
0.308660	125.00
0.308680	125.00
0.308700	124.00
0.308720	123.00
0.308740	124.00
0.308760	127.00
0.308780	129.00
0.308800	129.00
0.308820	126.00
0.308840	124.00
0.308860	123.00
0.308880	124.00
0.308900	124.00
0.308920	125.00
0.308940	125.00
0.308960	125.00
0.308980	124.00
0.309000	122.00
0.309020	119.00
0.309040	117.00
0.309060	117.00
0.309080	119.00
0.309100	122.00
0.309120	124.00
0.309140	127.00
0.309160	129.00
0.309180	132.00
0.309200	133.00
0.309220	132.00
0.309240	130.00
0.309260	129.00
0.309280	129.00
0.309300	129.00
0.309320	128.00
0.309340	128.00
0.309360	128.00
0.309380	130.00
0.309400	130.00
0.309420	128.00
0.309440	125.00
0.309460	123.00
0.309480	124.00
0.309500	128.00
0.309520	130.00
0.309540	129.00
0.309560	128.00
0.309580	128.00
0.309600	131.00
0.309620	133.00
0.309640	132.00
0.309660	128.00
0.309680	123.00
0.309700	121.00
0.309720	122.00
0.309740	123.00
0.309760	124.00
0.309780	123.00
0.309800	124.00
0.309820	124.00
0.309840	125.00
0.309860	123.00
0.309880	122.00
0.309900	122.00
0.309920	123.00
0.309940	124.00
0.309960	123.00
0.309980	121.00
0.310000	119.00
0.310020	119.00
0.310040	121.00
0.310060	123.00
0.310080	124.00
0.310100	124.00
0.310120	125.00
0.310140	126.00
0.310160	127.00
0.310180	127.00
0.310200	127.00
0.310220	126.00
0.310240	127.00
0.310260	128.00
0.310280	129.00
0.310300	129.00
0.310320	129.00
0.310340	128.00
0.310360	126.00
0.310380	125.00
0.310400	124.00
0.310420	125.00
0.310440	126.00
0.310460	126.00
0.310480	125.00
0.310500	123.00
0.310520	121.00
0.310540	122.00
0.310560	125.00
0.310580	128.00
0.310600	129.00
0.310620	128.00
0.310640	125.00
0.310660	124.00
0.310680	125.00
0.310700	127.00
0.310720	129.00
0.310740	129.00
0.310760	128.00
0.310780	125.00
0.310800	122.00
0.310820	121.00
0.310840	122.00
0.310860	124.00
0.310880	127.00
0.310900	129.00
0.310920	129.00
0.310940	126.00
0.310960	122.00
0.310980	119.00
0.311000	119.00
0.311020	120.00
0.311040	123.00
0.311060	125.00
0.311080	126.00
0.311100	127.00
0.311120	128.00
0.311140	129.00
0.311160	129.00
0.311180	127.00
0.311200	126.00
0.311220	125.00
0.311240	127.00
0.311260	129.00
0.311280	131.00
0.311300	132.00
0.311320	132.00
0.311340	132.00
0.311360	131.00
0.311380	129.00
0.311400	128.00
0.311420	129.00
0.311440	132.00
0.311460	134.00
0.311480	134.00
0.311500	131.00
0.311520	128.00
0.311540	128.00
0.311560	129.00
0.311580	129.00
0.311600	127.00
0.311620	125.00
0.311640	125.00
0.311660	127.00
0.311680	128.00
0.311700	126.00
0.311720	123.00
0.311740	122.00
0.311760	124.00
0.311780	124.00
0.311800	122.00
0.311820	118.00
0.311840	113.00
0.311860	112.00
0.311880	113.00
0.311900	114.00
0.311920	115.00
0.311940	118.00
0.311960	123.00
0.311980	128.00
0.312000	132.00
0.312020	132.00
0.312040	132.00
0.312060	132.00
0.312080	132.00
0.312100	131.00
0.312120	128.00
0.312140	125.00
0.312160	125.00
0.312180	126.00
0.312200	127.00
0.312220	127.00
0.312240	126.00
0.312260	126.00
0.312280	128.00
0.312300	129.00
0.312320	129.00
0.312340	128.00
0.312360	129.00
0.312380	132.00
0.312400	136.00
0.312420	137.00
0.312440	134.00
0.312460	130.00
0.312480	128.00
0.312500	128.00
0.312520	129.00
0.312540	128.00
0.312560	126.00
0.312580	124.00
0.312600	124.00
0.312620	124.00
0.312640	124.00
0.312660	123.00
0.312680	123.00
0.312700	122.00
0.312720	122.00
0.312740	121.00
0.312760	120.00
0.312780	120.00
0.312800	120.00
0.312820	119.00
0.312840	116.00
0.312860	115.00
0.312880	115.00
0.312900	118.00
0.312920	121.00
0.312940	123.00
0.312960	124.00
0.312980	124.00
0.313000	124.00
0.313020	125.00
0.313040	125.00
0.313060	126.00
0.313080	126.00
0.313100	126.00
0.313120	126.00
0.313140	126.00
0.313160	126.00
0.313180	126.00
0.313200	126.00
0.313220	126.00
0.313240	126.00
0.313260	127.00
0.313280	128.00
0.313300	129.00
0.313320	129.00
0.313340	129.00
0.313360	130.00
0.313380	132.00
0.313400	133.00
0.313420	133.00
0.313440	131.00
0.313460	129.00
0.313480	128.00
0.313500	128.00
0.313520	127.00
0.313540	126.00
0.313560	126.00
0.313580	126.00
0.313600	127.00
0.313620	126.00
0.313640	124.00
0.313660	123.00
0.313680	124.00
0.313700	125.00
0.313720	127.00
0.313740	127.00
0.313760	125.00
0.313780	125.00
0.313800	124.00
0.313820	122.00
0.313840	120.00
0.313860	118.00
0.313880	119.00
0.313900	122.00
0.313920	124.00
0.313940	125.00
0.313960	123.00
0.313980	123.00
0.314000	124.00
0.314020	126.00
0.314040	126.00
0.314060	125.00
0.314080	124.00
0.314100	124.00
0.314120	125.00
0.314140	125.00
0.314160	125.00
0.314180	124.00
0.314200	125.00
0.314220	127.00
0.314240	128.00
0.314260	127.00
0.314280	126.00
0.314300	127.00
0.314320	130.00
0.314340	132.00
0.314360	131.00
0.314380	128.00
0.314400	125.00
0.314420	124.00
0.314440	125.00
0.314460	126.00
0.314480	126.00
0.314500	125.00
0.314520	124.00
0.314540	124.00
0.314560	124.00
0.314580	124.00
0.314600	124.00
0.314620	125.00
0.314640	126.00
0.314660	125.00
0.314680	123.00
0.314700	121.00
0.314720	119.00
0.314740	118.00
0.314760	118.00
0.314780	117.00
0.314800	116.00
0.314820	116.00
0.314840	117.00
0.314860	118.00
0.314880	119.00
0.314900	120.00
0.314920	121.00
0.314940	123.00
0.314960	127.00
0.314980	131.00
0.315000	133.00
0.315020	133.00
0.315040	131.00
0.315060	129.00
0.315080	128.00
0.315100	128.00
0.315120	129.00
0.315140	128.00
0.315160	127.00
0.315180	126.00
0.315200	128.00
0.315220	132.00
0.315240	135.00
0.315260	136.00
0.315280	135.00
0.315300	132.00
0.315320	129.00
0.315340	128.00
0.315360	128.00
0.315380	128.00
0.315400	126.00
0.315420	123.00
0.315440	121.00
0.315460	119.00
0.315480	119.00
0.315500	120.00
0.315520	121.00
0.315540	121.00
0.315560	120.00
0.315580	120.00
0.315600	121.00
0.315620	122.00
0.315640	123.00
0.315660	123.00
0.315680	124.00
0.315700	125.00
0.315720	126.00
0.315740	125.00
0.315760	122.00
0.315780	119.00
0.315800	118.00
0.315820	120.00
0.315840	123.00
0.315860	125.00
0.315880	127.00
0.315900	127.00
0.315920	127.00
0.315940	126.00
0.315960	125.00
0.315980	124.00
0.316000	124.00
0.316020	125.00
0.316040	128.00
0.316060	130.00
0.316080	129.00
0.316100	127.00
0.316120	126.00
0.316140	127.00
0.316160	128.00
0.316180	128.00
0.316200	126.00
0.316220	125.00
0.316240	125.00
0.316260	128.00
0.316280	130.00
0.316300	131.00
0.316320	130.00
0.316340	129.00
0.316360	130.00
0.316380	130.00
0.316400	128.00
0.316420	126.00
0.316440	123.00
0.316460	123.00
0.316480	125.00
0.316500	128.00
0.316520	130.00
0.316540	128.00
0.316560	124.00
0.316580	121.00
0.316600	119.00
0.316620	120.00
0.316640	123.00
0.316660	124.00
0.316680	124.00
0.316700	122.00
0.316720	120.00
0.316740	120.00
0.316760	120.00
0.316780	122.00
0.316800	123.00
0.316820	123.00
0.316840	124.00
0.316860	126.00
0.316880	128.00
0.316900	130.00
0.316920	130.00
0.316940	130.00
0.316960	128.00
0.316980	126.00
0.317000	125.00
0.317020	126.00
0.317040	129.00
0.317060	131.00
0.317080	134.00
0.317100	135.00
0.317120	135.00
0.317140	133.00
0.317160	131.00
0.317180	128.00
0.317200	125.00
0.317220	125.00
0.317240	125.00
0.317260	127.00
0.317280	127.00
0.317300	127.00
0.317320	126.00
0.317340	125.00
0.317360	125.00
0.317380	126.00
0.317400	127.00
0.317420	128.00
0.317440	128.00
0.317460	128.00
0.317480	126.00
0.317500	124.00
0.317520	123.00
0.317540	122.00
0.317560	122.00
0.317580	123.00
0.317600	122.00
0.317620	121.00
0.317640	120.00
0.317660	120.00
0.317680	120.00
0.317700	121.00
0.317720	121.00
0.317740	121.00
0.317760	122.00
0.317780	123.00
0.317800	124.00
0.317820	126.00
0.317840	127.00
0.317860	128.00
0.317880	128.00
0.317900	127.00
0.317920	125.00
0.317940	125.00
0.317960	125.00
0.317980	124.00
0.318000	123.00
0.318020	122.00
0.318040	122.00
0.318060	124.00
0.318080	126.00
0.318100	127.00
0.318120	125.00
0.318140	124.00
0.318160	124.00
0.318180	126.00
0.318200	129.00
0.318220	130.00
0.318240	129.00
0.318260	127.00
0.318280	126.00
0.318300	126.00
0.318320	126.00
0.318340	126.00
0.318360	126.00
0.318380	126.00
0.318400	125.00
0.318420	124.00
0.318440	123.00
0.318460	122.00
0.318480	124.00
0.318500	126.00
0.318520	127.00
0.318540	125.00
0.318560	122.00
0.318580	121.00
0.318600	122.00
0.318620	124.00
0.318640	123.00
0.318660	120.00
0.318680	116.00
0.318700	115.00
0.318720	117.00
0.318740	122.00
0.318760	126.00
0.318780	129.00
0.318800	130.00
0.318820	131.00
0.318840	132.00
0.318860	132.00
0.318880	131.00
0.318900	130.00
0.318920	128.00
0.318940	127.00
0.318960	126.00
0.318980	126.00
0.319000	127.00
0.319020	130.00
0.319040	132.00
0.319060	133.00
0.319080	131.00
0.319100	128.00
0.319120	126.00
0.319140	127.00
0.319160	128.00
0.319180	129.00
0.319200	128.00
0.319220	126.00
0.319240	124.00
0.319260	124.00
0.319280	124.00
0.319300	125.00
0.319320	126.00
0.319340	127.00
0.319360	127.00
0.319380	127.00
