0.279400	100.00
0.279420	45.00
0.279440	95.00
0.279460	132.00
0.279480	134.00
0.279500	115.00
0.279520	103.00
0.279540	111.00
0.279560	126.00
0.279580	131.00
0.279600	124.00
0.279620	119.00
0.279640	124.00
0.279660	136.00
0.279680	142.00
0.279700	139.00
0.279720	134.00
0.279740	132.00
0.279760	133.00
0.279780	131.00
0.279800	126.00
0.279820	121.00
0.279840	122.00
0.279860	125.00
0.279880	125.00
0.279900	121.00
0.279920	118.00
0.279940	122.00
0.279960	128.00
0.279980	134.00
0.280000	136.00
0.280020	136.00
0.280040	137.00
0.280060	138.00
0.280080	135.00
0.280100	130.00
0.280120	125.00
0.280140	124.00
0.280160	125.00
0.280180	126.00
0.280200	123.00
0.280220	120.00
0.280240	118.00
0.280260	118.00
0.280280	119.00
0.280300	119.00
0.280320	119.00
0.280340	119.00
0.280360	120.00
0.280380	120.00
0.280400	120.00
0.280420	120.00
0.280440	120.00
0.280460	121.00
0.280480	121.00
0.280500	122.00
0.280520	126.00
0.280540	130.00
0.280560	131.00
0.280580	128.00
0.280600	122.00
0.280620	121.00
0.280640	124.00
0.280660	128.00
0.280680	128.00
0.280700	124.00
0.280720	122.00
0.280740	123.00
0.280760	128.00
0.280780	131.00
0.280800	132.00
0.280820	132.00
0.280840	133.00
0.280860	134.00
0.280880	133.00
0.280900	129.00
0.280920	126.00
0.280940	125.00
0.280960	125.00
0.280980	125.00
0.281000	124.00
0.281020	122.00
0.281040	122.00
0.281060	122.00
0.281080	121.00
0.281100	119.00
0.281120	118.00
0.281140	119.00
0.281160	121.00
0.281180	120.00
0.281200	119.00
0.281220	119.00
0.281240	122.00
0.281260	125.00
0.281280	126.00
0.281300	124.00
0.281320	121.00
0.281340	119.00
0.281360	120.00
0.281380	120.00
0.281400	121.00
0.281420	123.00
0.281440	128.00
0.281460	132.00
0.281480	133.00
0.281500	130.00
0.281520	127.00
0.281540	128.00
0.281560	130.00
0.281580	131.00
0.281600	129.00
0.281620	126.00
0.281640	125.00
0.281660	127.00
0.281680	128.00
0.281700	127.00
0.281720	125.00
0.281740	126.00
0.281760	129.00
0.281780	132.00
0.281800	134.00
0.281820	133.00
0.281840	131.00
0.281860	131.00
0.281880	132.00
0.281900	133.00
0.281920	133.00
0.281940	133.00
0.281960	132.00
0.281980	129.00
0.282000	125.00
0.282020	123.00
0.282040	123.00
0.282060	125.00
0.282080	126.00
0.282100	123.00
0.282120	120.00
0.282140	118.00
0.282160	118.00
0.282180	120.00
0.282200	121.00
0.282220	120.00
0.282240	119.00
0.282260	121.00
0.282280	124.00
0.282300	126.00
0.282320	125.00
0.282340	122.00
0.282360	119.00
0.282380	119.00
0.282400	122.00
0.282420	127.00
0.282440	132.00
0.282460	135.00
0.282480	136.00
0.282500	133.00
0.282520	130.00
0.282540	128.00
0.282560	127.00
0.282580	126.00
0.282600	125.00
0.282620	126.00
0.282640	127.00
0.282660	128.00
0.282680	129.00
0.282700	129.00
0.282720	130.00
0.282740	130.00
0.282760	131.00
0.282780	132.00
0.282800	131.00
0.282820	129.00
0.282840	127.00
0.282860	125.00
0.282880	123.00
0.282900	122.00
0.282920	122.00
0.282940	124.00
0.282960	125.00
0.282980	123.00
0.283000	119.00
0.283020	117.00
0.283040	120.00
0.283060	124.00
0.283080	126.00
0.283100	125.00
0.283120	123.00
0.283140	122.00
0.283160	124.00
0.283180	125.00
0.283200	124.00
0.283220	122.00
0.283240	120.00
0.283260	120.00
0.283280	120.00
0.283300	121.00
0.283320	122.00
0.283340	124.00
0.283360	127.00
0.283380	129.00
0.283400	129.00
0.283420	130.00
0.283440	130.00
0.283460	131.00
0.283480	130.00
0.283500	127.00
0.283520	125.00
0.283540	125.00
0.283560	127.00
0.283580	129.00
0.283600	128.00
0.283620	127.00
0.283640	126.00
0.283660	127.00
0.283680	127.00
0.283700	127.00
0.283720	127.00
0.283740	129.00
0.283760	132.00
0.283780	134.00
0.283800	131.00
0.283820	125.00
0.283840	121.00
0.283860	122.00
0.283880	126.00
0.283900	129.00
0.283920	129.00
0.283940	127.00
0.283960	126.00
0.283980	127.00
0.284000	129.00
0.284020	128.00
0.284040	126.00
0.284060	124.00
0.284080	123.00
0.284100	124.00
0.284120	124.00
0.284140	123.00
0.284160	121.00
0.284180	119.00
0.284200	117.00
0.284220	117.00
0.284240	118.00
0.284260	120.00
0.284280	123.00
0.284300	124.00
0.284320	123.00
0.284340	122.00
0.284360	122.00
0.284380	124.00
0.284400	127.00
0.284420	129.00
0.284440	130.00
0.284460	129.00
0.284480	129.00
0.284500	129.00
0.284520	129.00
0.284540	130.00
0.284560	131.00
0.284580	131.00
0.284600	129.00
0.284620	127.00
0.284640	125.00
0.284660	126.00
0.284680	128.00
0.284700	130.00
0.284720	131.00
0.284740	132.00
0.284760	131.00
0.284780	131.00
0.284800	131.00
0.284820	130.00
0.284840	128.00
0.284860	126.00
0.284880	124.00
0.284900	123.00
0.284920	121.00
0.284940	120.00
0.284960	119.00
0.284980	119.00
0.285000	118.00
0.285020	119.00
0.285040	120.00
0.285060	121.00
0.285080	122.00
0.285100	122.00
0.285120	121.00
0.285140	121.00
0.285160	122.00
0.285180	122.00
0.285200	123.00
0.285220	122.00
0.285240	121.00
0.285260	122.00
0.285280	123.00
0.285300	125.00
0.285320	127.00
0.285340	128.00
0.285360	127.00
0.285380	124.00
0.285400	121.00
0.285420	118.00
0.285440	117.00
0.285460	119.00
0.285480	121.00
0.285500	122.00
0.285520	123.00
0.285540	123.00
0.285560	124.00
0.285580	127.00
0.285600	130.00
0.285620	133.00
0.285640	134.00
0.285660	136.00
0.285680	136.00
0.285700	135.00
0.285720	132.00
0.285740	130.00
0.285760	128.00
0.285780	128.00
0.285800	128.00
0.285820	128.00
0.285840	128.00
0.285860	128.00
0.285880	128.00
0.285900	127.00
0.285920	125.00
0.285940	123.00
0.285960	122.00
0.285980	122.00
0.286000	123.00
0.286020	123.00
0.286040	122.00
0.286060	122.00
0.286080	123.00
0.286100	125.00
0.286120	124.00
0.286140	120.00
0.286160	117.00
0.286180	116.00
0.286200	118.00
0.286220	121.00
0.286240	123.00
0.286260	122.00
0.286280	122.00
0.286300	123.00
0.286320	127.00
0.286340	130.00
0.286360	130.00
0.286380	128.00
0.286400	126.00
0.286420	126.00
0.286440	125.00
0.286460	125.00
0.286480	124.00
0.286500	124.00
0.286520	126.00
0.286540	130.00
0.286560	132.00
0.286580	131.00
0.286600	129.00
0.286620	127.00
0.286640	127.00
0.286660	130.00
0.286680	132.00
0.286700	132.00
0.286720	129.00
0.286740	127.00
0.286760	126.00
0.286780	128.00
0.286800	130.00
0.286820	131.00
0.286840	129.00
0.286860	126.00
0.286880	124.00
0.286900	124.00
0.286920	125.00
0.286940	124.00
0.286960	122.00
0.286980	119.00
0.287000	118.00
0.287020	120.00
0.287040	121.00
0.287060	122.00
0.287080	121.00
0.287100	120.00
0.287120	120.00
0.287140	121.00
0.287160	120.00
0.287180	120.00
0.287200	120.00
0.287220	122.00
0.287240	126.00
0.287260	130.00
0.287280	131.00
0.287300	129.00
0.287320	128.00
0.287340	126.00
0.287360	125.00
0.287380	122.00
0.287400	120.00
0.287420	119.00
0.287440	121.00
0.287460	124.00
0.287480	127.00
0.287500	128.00
0.287520	128.00
0.287540	128.00
0.287560	129.00
0.287580	131.00
0.287600	131.00
0.287620	131.00
0.287640	131.00
0.287660	130.00
0.287680	129.00
0.287700	128.00
0.287720	127.00
0.287740	127.00
0.287760	126.00
0.287780	124.00
0.287800	121.00
0.287820	118.00
0.287840	118.00
0.287860	120.00
0.287880	123.00
0.287900	124.00
0.287920	124.00
0.287940	122.00
0.287960	121.00
0.287980	121.00
0.288000	121.00
0.288020	121.00
0.288040	120.00
0.288060	121.00
0.288080	121.00
0.288100	123.00
0.288120	124.00
0.288140	125.00
0.288160	126.00
0.288180	127.00
0.288200	127.00
0.288220	127.00
0.288240	127.00
0.288260	128.00
0.288280	130.00
0.288300	131.00
0.288320	130.00
0.288340	128.00
0.288360	125.00
0.288380	123.00
0.288400	122.00
0.288420	122.00
0.288440	124.00
0.288460	125.00
0.288480	127.00
0.288500	128.00
0.288520	130.00
0.288540	132.00
0.288560	133.00
0.288580	132.00
0.288600	131.00
0.288620	130.00
0.288640	130.00
0.288660	129.00
0.288680	129.00
0.288700	128.00
0.288720	128.00
0.288740	129.00
0.288760	130.00
0.288780	129.00
0.288800	128.00
0.288820	126.00
0.288840	126.00
0.288860	128.00
0.288880	128.00
0.288900	128.00
0.288920	126.00
0.288940	125.00
0.288960	124.00
0.288980	123.00
0.289000	120.00
0.289020	117.00
0.289040	117.00
0.289060	121.00
0.289080	125.00
0.289100	127.00
0.289120	125.00
0.289140	123.00
0.289160	123.00
0.289180	126.00
0.289200	130.00
0.289220	131.00
0.289240	129.00
0.289260	127.00
0.289280	125.00
0.289300	125.00
0.289320	127.00
0.289340	128.00
0.289360	129.00
0.289380	128.00
0.289400	127.00
0.289420	126.00
0.289440	126.00
0.289460	128.00
0.289480	130.00
0.289500	130.00
0.289520	129.00
0.289540	128.00
0.289560	127.00
0.289580	129.00
0.289600	130.00
0.289620	129.00
0.289640	126.00
0.289660	124.00
0.289680	124.00
0.289700	125.00
0.289720	127.00
0.289740	128.00
0.289760	128.00
0.289780	127.00
0.289800	126.00
0.289820	125.00
0.289840	124.00
0.289860	123.00
0.289880	123.00
0.289900	123.00
0.289920	124.00
0.289940	123.00
0.289960	123.00
0.289980	123.00
0.290000	123.00
0.290020	122.00
0.290040	121.00
0.290060	120.00
0.290080	120.00
0.290100	122.00
0.290120	125.00
0.290140	128.00
0.290160	129.00
0.290180	129.00
0.290200	128.00
0.290220	126.00
0.290240	125.00
0.290260	125.00
0.290280	125.00
0.290300	125.00
0.290320	125.00
0.290340	125.00
0.290360	126.00
0.290380	127.00
0.290400	129.00
0.290420	130.00
0.290440	130.00
0.290460	130.00
0.290480	130.00
0.290500	130.00
0.290520	130.00
0.290540	129.00
0.290560	128.00
0.290580	128.00
0.290600	127.00
0.290620	126.00
0.290640	123.00
0.290660	121.00
0.290680	121.00
0.290700	122.00
0.290720	124.00
0.290740	124.00
0.290760	123.00
0.290780	122.00
0.290800	122.00
0.290820	122.00
0.290840	123.00
0.290860	124.00
0.290880	125.00
0.290900	126.00
0.290920	125.00
0.290940	123.00
0.290960	121.00
0.290980	121.00
0.291000	122.00
0.291020	123.00
0.291040	123.00
0.291060	121.00
0.291080	120.00
0.291100	120.00
0.291120	123.00
0.291140	126.00
0.291160	127.00
0.291180	125.00
0.291200	123.00
0.291220	122.00
0.291240	125.00
0.291260	128.00
0.291280	131.00
0.291300	131.00
0.291320	129.00
0.291340	128.00
0.291360	127.00
0.291380	128.00
0.291400	130.00
0.291420	132.00
0.291440	134.00
0.291460	134.00
0.291480	134.00
0.291500	132.00
0.291520	130.00
0.291540	129.00
0.291560	129.00
0.291580	129.00
0.291600	129.00
0.291620	128.00
0.291640	127.00
0.291660	126.00
0.291680	126.00
0.291700	125.00
0.291720	123.00
0.291740	121.00
0.291760	119.00
0.291780	120.00
0.291800	121.00
0.291820	121.00
0.291840	122.00
0.291860	122.00
0.291880	123.00
0.291900	124.00
0.291920	123.00
0.291940	121.00
0.291960	119.00
0.291980	118.00
0.292000	119.00
0.292020	121.00
0.292040	122.00
0.292060	123.00
0.292080	125.00
0.292100	128.00
0.292120	131.00
0.292140	131.00
0.292160	131.00
0.292180	131.00
0.292200	132.00
0.292220	132.00
0.292240	132.00
0.292260	129.00
0.292280	127.00
0.292300	126.00
0.292320	127.00
0.292340	129.00
0.292360	130.00
0.292380	131.00
0.292400	131.00
0.292420	132.00
0.292440	131.00
0.292460	130.00
0.292480	129.00
0.292500	129.00
0.292520	129.00
0.292540	129.00
0.292560	126.00
0.292580	123.00
0.292600	121.00
0.292620	121.00
0.292640	122.00
0.292660	123.00
0.292680	122.00
0.292700	120.00
0.292720	118.00
0.292740	116.00
0.292760	116.00
0.292780	117.00
0.292800	119.00
0.292820	123.00
0.292840	124.00
0.292860	124.00
0.292880	121.00
0.292900	119.00
0.292920	119.00
0.292940	121.00
0.292960	122.00
0.292980	122.00
0.293000	122.00
0.293020	123.00
0.293040	126.00
0.293060	129.00
0.293080	131.00
0.293100	129.00
0.293120	126.00
0.293140	123.00
0.293160	122.00
0.293180	123.00
0.293200	125.00
0.293220	126.00
0.293240	127.00
0.293260	128.00
0.293280	128.00
0.293300	128.00
0.293320	128.00
0.293340	129.00
0.293360	130.00
0.293380	132.00
0.293400	133.00
0.293420	133.00
0.293440	130.00
0.293460	127.00
0.293480	124.00
0.293500	124.00
0.293520	126.00
0.293540	130.00
0.293560	132.00
0.293580	133.00
0.293600	132.00
0.293620	130.00
0.293640	128.00
0.293660	126.00
0.293680	124.00
0.293700	122.00
0.293720	121.00
0.293740	123.00
0.293760	124.00
0.293780	124.00
0.293800	122.00
0.293820	120.00
0.293840	119.00
0.293860	120.00
0.293880	122.00
0.293900	124.00
0.293920	124.00
0.293940	123.00
0.293960	121.00
0.293980	122.00
0.294000	124.00
0.294020	127.00
0.294040	128.00
0.294060	126.00
0.294080	122.00
0.294100	119.00
0.294120	120.00
0.294140	124.00
0.294160	127.00
0.294180	129.00
0.294200	128.00
0.294220	128.00
0.294240	127.00
0.294260	128.00
0.294280	129.00
0.294300	131.00
0.294320	133.00
0.294340	134.00
0.294360	134.00
0.294380	131.00
0.294400	127.00
0.294420	125.00
0.294440	126.00
0.294460	128.00
0.294480	129.00
0.294500	127.00
0.294520	125.00
0.294540	123.00
0.294560	123.00
0.294580	124.00
0.294600	124.00
0.294620	123.00
0.294640	123.00
0.294660	122.00
0.294680	122.00
0.294700	121.00
0.294720	120.00
0.294740	120.00
0.294760	120.00
0.294780	121.00
0.294800	121.00
0.294820	119.00
0.294840	117.00
0.294860	117.00
0.294880	119.00
0.294900	122.00
0.294920	125.00
0.294940	127.00
0.294960	127.00
0.294980	128.00
0.295000	129.00
0.295020	129.00
0.295040	128.00
0.295060	126.00
0.295080	125.00
0.295100	125.00
0.295120	127.00
0.295140	128.00
0.295160	129.00
0.295180	128.00
0.295200	128.00
0.295220	129.00
0.295240	131.00
0.295260	133.00
0.295280	134.00
0.295300	133.00
0.295320	132.00
0.295340	131.00
0.295360	130.00
0.295380	128.00
0.295400	127.00
0.295420	125.00
0.295440	125.00
0.295460	127.00
0.295480	128.00
0.295500	128.00
0.295520	126.00
0.295540	123.00
0.295560	122.00
0.295580	124.00
0.295600	126.00
0.295620	126.00
0.295640	123.00
0.295660	120.00
0.295680	118.00
0.295700	118.00
0.295720	120.00
0.295740	120.00
0.295760	119.00
0.295780	118.00
0.295800	119.00
0.295820	121.00
0.295840	124.00
0.295860	125.00
0.295880	123.00
0.295900	122.00
0.295920	123.00
0.295940	126.00
0.295960	129.00
0.295980	131.00
0.296000	130.00
0.296020	128.00
0.296040	125.00
0.296060	124.00
0.296080	123.00
0.296100	122.00
0.296120	123.00
0.296140	124.00
0.296160	125.00
0.296180	127.00
0.296200	128.00
0.296220	129.00
0.296240	130.00
0.296260	130.00
0.296280	129.00
0.296300	127.00
0.296320	125.00
0.296340	125.00
0.296360	126.00
0.296380	128.00
0.296400	128.00
0.296420	127.00
0.296440	126.00
0.296460	125.00
0.296480	125.00
0.296500	126.00
0.296520	125.00
0.296540	123.00
0.296560	121.00
0.296580	120.00
0.296600	122.00
0.296620	125.00
0.296640	127.00
0.296660	126.00
0.296680	122.00
0.296700	118.00
0.296720	117.00
0.296740	120.00
0.296760	123.00
0.296780	125.00
0.296800	124.00
0.296820	123.00
0.296840	123.00
0.296860	124.00
0.296880	127.00
0.296900	130.00
0.296920	131.00
0.296940	130.00
0.296960	128.00
0.296980	125.00
0.297000	124.00
0.297020	124.00
0.297040	124.00
0.297060	126.00
0.297080	127.00
0.297100	129.00
0.297120	131.00
0.297140	133.00
0.297160	132.00
0.297180	131.00
0.297200	129.00
0.297220	128.00
0.297240	128.00
0.297260	128.00
0.297280	128.00
0.297300	128.00
0.297320	128.00
0.297340	127.00
0.297360	125.00
0.297380	123.00
0.297400	122.00
0.297420	122.00
0.297440	124.00
0.297460	125.00
0.297480	124.00
0.297500	123.00
0.297520	122.00
0.297540	122.00
0.297560	122.00
0.297580	123.00
0.297600	124.00
0.297620	125.00
0.297640	125.00
0.297660	124.00
0.297680	121.00
0.297700	118.00
0.297720	117.00
0.297740	119.00
0.297760	121.00
0.297780	123.00
0.297800	123.00
0.297820	124.00
0.297840	126.00
0.297860	128.00
0.297880	130.00
0.297900	130.00
0.297920	129.00
0.297940	128.00
0.297960	129.00
0.297980	130.00
0.298000	131.00
0.298020	132.00
0.298040	132.00
0.298060	131.00
0.298080	130.00
0.298100	128.00
0.298120	125.00
0.298140	124.00
0.298160	125.00
0.298180	126.00
0.298200	127.00
0.298220	127.00
0.298240	126.00
0.298260	124.00
0.298280	122.00
0.298300	121.00
0.298320	122.00
0.298340	124.00
0.298360	126.00
0.298380	127.00
0.298400	127.00
0.298420	126.00
0.298440	125.00
0.298460	124.00
0.298480	123.00
0.298500	123.00
0.298520	122.00
0.298540	122.00
0.298560	123.00
0.298580	124.00
0.298600	124.00
0.298620	124.00
0.298640	122.00
0.298660	121.00
0.298680	123.00
0.298700	126.00
0.298720	129.00
0.298740	129.00
0.298760	126.00
0.298780	121.00
0.298800	120.00
0.298820	123.00
0.298840	129.00
0.298860	134.00
0.298880	134.00
0.298900	131.00
0.298920	128.00
0.298940	128.00
0.298960	130.00
0.298980	131.00
0.299000	130.00
0.299020	127.00
0.299040	127.00
0.299060	129.00
0.299080	131.00
0.299100	132.00
0.299120	132.00
0.299140	132.00
0.299160	133.00
0.299180	135.00
0.299200	134.00
0.299220	131.00
0.299240	129.00
0.299260	129.00
0.299280	131.00
0.299300	132.00
0.299320	130.00
0.299340	127.00
0.299360	125.00
0.299380	124.00
0.299400	121.00
0.299420	118.00
0.299440	117.00
0.299460	118.00
0.299480	123.00
0.299500	127.00
0.299520	128.00
0.299540	126.00
0.299560	123.00
0.299580	122.00
0.299600	123.00
0.299620	122.00
0.299640	120.00
0.299660	118.00
0.299680	118.00
0.299700	120.00
0.299720	122.00
0.299740	123.00
0.299760	122.00
0.299780	122.00
0.299800	125.00
0.299820	128.00
0.299840	130.00
0.299860	129.00
0.299880	127.00
0.299900	126.00
0.299920	127.00
0.299940	129.00
0.299960	131.00
0.299980	131.00
0.300000	129.00
0.300020	127.00
0.300040	124.00
0.300060	123.00
0.300080	124.00
0.300100	126.00
0.300120	128.00
0.300140	129.00
0.300160	127.00
0.300180	125.00
0.300200	124.00
0.300220	124.00
0.300240	124.00
0.300260	124.00
0.300280	121.00
0.300300	119.00
0.300320	119.00
0.300340	121.00
0.300360	124.00
0.300380	125.00
0.300400	124.00
0.300420	122.00
0.300440	120.00
0.300460	119.00
0.300480	118.00
0.300500	118.00
0.300520	117.00
0.300540	117.00
0.300560	119.00
0.300580	120.00
0.300600	121.00
0.300620	122.00
0.300640	122.00
0.300660	123.00
0.300680	125.00
0.300700	128.00
0.300720	130.00
0.300740	131.00
0.300760	131.00
0.300780	130.00
0.300800	130.00
0.300820	129.00
0.300840	128.00
0.300860	127.00
0.300880	125.00
0.300900	124.00
0.300920	124.00
0.300940	125.00
0.300960	126.00
0.300980	127.00
0.301000	126.00
0.301020	125.00
0.301040	125.00
0.301060	127.00
0.301080	129.00
0.301100	132.00
0.301120	133.00
0.301140	133.00
0.301160	132.00
0.301180	130.00
0.301200	128.00
0.301220	125.00
0.301240	123.00
0.301260	122.00
0.301280	124.00
0.301300	126.00
0.301320	128.00
0.301340	128.00
0.301360	128.00
0.301380	127.00
0.301400	125.00
0.301420	123.00
0.301440	121.00
0.301460	121.00
0.301480	122.00
0.301500	124.00
0.301520	124.00
0.301540	121.00
0.301560	118.00
0.301580	115.00
0.301600	117.00
0.301620	121.00
0.301640	125.00
0.301660	127.00
0.301680	126.00
0.301700	123.00
0.301720	123.00
0.301740	125.00
0.301760	128.00
0.301780	130.00
0.301800	130.00
0.301820	127.00
0.301840	125.00
0.301860	125.00
0.301880	127.00
0.301900	131.00
0.301920	133.00
0.301940	132.00
0.301960	130.00
0.301980	129.00
0.302000	130.00
0.302020	131.00
0.302040	130.00
0.302060	129.00
0.302080	128.00
0.302100	128.00
0.302120	128.00
0.302140	127.00
0.302160	125.00
0.302180	123.00
0.302200	123.00
0.302220	125.00
0.302240	127.00
0.302260	127.00
0.302280	126.00
0.302300	125.00
0.302320	125.00
0.302340	124.00
0.302360	122.00
0.302380	120.00
0.302400	120.00
0.302420	122.00
0.302440	124.00
0.302460	125.00
0.302480	123.00
0.302500	123.00
0.302520	123.00
0.302540	125.00
0.302560	125.00
0.302580	124.00
0.302600	123.00
0.302620	126.00
0.302640	130.00
0.302660	131.00
0.302680	130.00
0.302700	126.00
0.302720	125.00
0.302740	126.00
0.302760	128.00
0.302780	126.00
0.302800	124.00
0.302820	123.00
0.302840	125.00
0.302860	129.00
0.302880	131.00
0.302900	129.00
0.302920	125.00
0.302940	123.00
0.302960	124.00
0.302980	126.00
0.303000	127.00
0.303020	126.00
0.303040	125.00
0.303060	125.00
0.303080	126.00
0.303100	128.00
0.303120	129.00
0.303140	130.00
0.303160	130.00
0.303180	130.00
0.303200	130.00
0.303220	128.00
0.303240	126.00
0.303260	124.00
0.303280	122.00
0.303300	121.00
0.303320	120.00
0.303340	119.00
0.303360	117.00
0.303380	116.00
0.303400	117.00
0.303420	121.00
0.303440	124.00
0.303460	124.00
0.303480	120.00
0.303500	117.00
0.303520	117.00
0.303540	121.00
0.303560	127.00
0.303580	130.00
0.303600	128.00
0.303620	125.00
0.303640	125.00
0.303660	128.00
0.303680	131.00
0.303700	132.00
0.303720	130.00
0.303740	128.00
0.303760	129.00
0.303780	131.00
0.303800	132.00
0.303820	131.00
0.303840	129.00
0.303860	129.00
0.303880	130.00
0.303900	132.00
0.303920	131.00
0.303940	129.00
0.303960	129.00
0.303980	130.00
0.304000	132.00
0.304020	134.00
0.304040	134.00
0.304060	131.00
0.304080	127.00
0.304100	125.00
0.304120	124.00
0.304140	124.00
0.304160	123.00
0.304180	121.00
0.304200	119.00
0.304220	118.00
0.304240	118.00
0.304260	120.00
0.304280	122.00
0.304300	124.00
0.304320	125.00
0.304340	127.00
0.304360	129.00
0.304380	131.00
0.304400	131.00
0.304420	129.00
0.304440	124.00
0.304460	119.00
0.304480	115.00
0.304500	114.00
0.304520	116.00
0.304540	117.00
0.304560	118.00
0.304580	118.00
0.304600	119.00
0.304620	123.00
0.304640	130.00
0.304660	136.00
0.304680	138.00
0.304700	135.00
0.304720	130.00
0.304740	126.00
0.304760	125.00
0.304780	126.00
0.304800	127.00
0.304820	126.00
0.304840	125.00
0.304860	125.00
0.304880	125.00
0.304900	126.00
0.304920	127.00
0.304940	129.00
0.304960	130.00
0.304980	130.00
0.305000	129.00
0.305020	128.00
0.305040	128.00
0.305060	128.00
0.305080	128.00
0.305100	126.00
0.305120	124.00
0.305140	122.00
0.305160	121.00
0.305180	121.00
0.305200	122.00
0.305220	123.00
0.305240	123.00
0.305260	124.00
0.305280	124.00
0.305300	124.00
0.305320	124.00
0.305340	125.00
0.305360	126.00
0.305380	126.00
0.305400	125.00
0.305420	122.00
0.305440	119.00
0.305460	117.00
0.305480	117.00
0.305500	119.00
0.305520	121.00
0.305540	122.00
0.305560	123.00
0.305580	124.00
0.305600	127.00
0.305620	130.00
0.305640	132.00
0.305660	131.00
0.305680	130.00
0.305700	127.00
0.305720	127.00
0.305740	128.00
0.305760	129.00
0.305780	129.00
0.305800	127.00
0.305820	126.00
0.305840	126.00
0.305860	128.00
0.305880	129.00
0.305900	129.00
0.305920	127.00
0.305940	126.00
0.305960	126.00
0.305980	127.00
0.306000	128.00
0.306020	127.00
0.306040	126.00
0.306060	125.00
0.306080	125.00
0.306100	126.00
0.306120	126.00
0.306140	125.00
0.306160	124.00
0.306180	123.00
0.306200	122.00
0.306220	123.00
0.306240	125.00
0.306260	127.00
0.306280	128.00
0.306300	127.00
0.306320	125.00
0.306340	121.00
0.306360	118.00
0.306380	116.00
0.306400	116.00
0.306420	117.00
0.306440	121.00
0.306460	124.00
0.306480	124.00
0.306500	123.00
0.306520	122.00
0.306540	123.00
0.306560	127.00
0.306580	130.00
0.306600	130.00
0.306620	129.00
0.306640	128.00
0.306660	128.00
0.306680	130.00
0.306700	131.00
0.306720	132.00
0.306740	131.00
0.306760	131.00
0.306780	131.00
0.306800	131.00
0.306820	130.00
0.306840	130.00
0.306860	132.00
0.306880	135.00
0.306900	137.00
0.306920	136.00
0.306940	134.00
0.306960	131.00
0.306980	129.00
0.307000	126.00
0.307020	124.00
0.307040	122.00
0.307060	121.00
0.307080	123.00
0.307100	125.00
0.307120	125.00
0.307140	123.00
0.307160	121.00
0.307180	121.00
0.307200	122.00
0.307220	123.00
0.307240	123.00
0.307260	123.00
0.307280	122.00
0.307300	123.00
0.307320	124.00
0.307340	124.00
0.307360	122.00
0.307380	121.00
0.307400	122.00
0.307420	123.00
0.307440	124.00
0.307460	123.00
0.307480	122.00
0.307500	123.00
0.307520	124.00
0.307540	124.00
0.307560	123.00
0.307580	121.00
0.307600	121.00
0.307620	123.00
0.307640	126.00
0.307660	127.00
0.307680	125.00
0.307700	122.00
0.307720	120.00
0.307740	123.00
0.307760	127.00
0.307780	130.00
0.307800	130.00
0.307820	130.00
0.307840	129.00
0.307860	131.00
0.307880	132.00
0.307900	133.00
0.307920	131.00
0.307940	128.00
0.307960	126.00
0.307980	125.00
0.308000	126.00
0.308020	127.00
0.308040	126.00
0.308060	124.00
0.308080	122.00
0.308100	121.00
0.308120	123.00
0.308140	126.00
0.308160	128.00
0.308180	127.00
0.308200	125.00
0.308220	123.00
0.308240	122.00
0.308260	121.00
0.308280	120.00
0.308300	120.00
0.308320	120.00
0.308340	122.00
0.308360	125.00
0.308380	126.00
0.308400	125.00
0.308420	123.00
0.308440	123.00
0.308460	125.00
0.308480	126.00
0.308500	127.00
0.308520	125.00
0.308540	124.00
0.308560	123.00
0.308580	126.00
0.308600	129.00
0.308620	131.00
0.308640	132.00
0.308660	130.00
0.308680	129.00
0.308700	128.00
0.308720	128.00
0.308740	129.00
0.308760	130.00
0.308780	131.00
0.308800	131.00
0.308820	131.00
0.308840	130.00
0.308860	128.00
0.308880	127.00
0.308900	127.00
0.308920	127.00
0.308940	127.00
0.308960	126.00
0.308980	125.00
0.309000	124.00
0.309020	123.00
0.309040	122.00
0.309060	122.00
0.309080	122.00
0.309100	122.00
0.309120	123.00
0.309140	123.00
0.309160	123.00
0.309180	123.00
0.309200	123.00
0.309220	122.00
0.309240	120.00
0.309260	118.00
0.309280	117.00
0.309300	118.00
0.309320	121.00
0.309340	123.00
0.309360	124.00
0.309380	123.00
0.309400	124.00
0.309420	126.00
0.309440	129.00
0.309460	129.00
0.309480	128.00
0.309500	126.00
0.309520	125.00
0.309540	126.00
0.309560	125.00
0.309580	124.00
0.309600	123.00
0.309620	124.00
0.309640	127.00
0.309660	129.00
0.309680	129.00
0.309700	128.00
0.309720	127.00
0.309740	128.00
0.309760	131.00
0.309780	132.00
0.309800	131.00
0.309820	128.00
0.309840	127.00
0.309860	127.00
0.309880	128.00
0.309900	128.00
0.309920	128.00
0.309940	127.00
0.309960	127.00
0.309980	126.00
0.310000	126.00
0.310020	126.00
0.310040	126.00
0.310060	126.00
0.310080	124.00
0.310100	122.00
0.310120	120.00
0.310140	121.00
0.310160	122.00
0.310180	122.00
0.310200	122.00
0.310220	123.00
0.310240	126.00
0.310260	128.00
0.310280	128.00
0.310300	125.00
0.310320	121.00
0.310340	119.00
0.310360	120.00
0.310380	123.00
0.310400	125.00
0.310420	127.00
0.310440	128.00
0.310460	129.00
0.310480	130.00
0.310500	128.00
0.310520	126.00
0.310540	124.00
0.310560	125.00
0.310580	127.00
0.310600	130.00
0.310620	131.00
0.310640	130.00
0.310660	127.00
0.310680	126.00
0.310700	126.00
0.310720	128.00
0.310740	130.00
0.310760	130.00
0.310780	130.00
0.310800	129.00
0.310820	129.00
0.310840	130.00
0.310860	129.00
0.310880	127.00
0.310900	124.00
0.310920	123.00
0.310940	124.00
0.310960	125.00
0.310980	124.00
0.311000	122.00
0.311020	120.00
0.311040	120.00
0.311060	122.00
0.311080	123.00
0.311100	123.00
0.311120	123.00
0.311140	124.00
0.311160	125.00
0.311180	125.00
0.311200	122.00
0.311220	119.00
0.311240	118.00
0.311260	119.00
0.311280	121.00
0.311300	122.00
0.311320	123.00
0.311340	124.00
0.311360	128.00
0.311380	130.00
0.311400	130.00
0.311420	125.00
0.311440	121.00
0.311460	120.00
0.311480	124.00
0.311500	128.00
0.311520	131.00
0.311540	132.00
0.311560	132.00
0.311580	131.00
0.311600	132.00
0.311620	132.00
0.311640	131.00
0.311660	130.00
0.311680	128.00
0.311700	126.00
0.311720	124.00
0.311740	123.00
0.311760	124.00
0.311780	126.00
0.311800	128.00
0.311820	127.00
0.311840	126.00
0.311860	125.00
0.311880	126.00
0.311900	127.00
0.311920	127.00
0.311940	126.00
0.311960	124.00
0.311980	123.00
0.312000	122.00
0.312020	122.00
0.312040	122.00
0.312060	122.00
0.312080	121.00
0.312100	119.00
0.312120	117.00
0.312140	117.00
0.312160	119.00
0.312180	123.00
0.312200	124.00
0.312220	122.00
0.312240	119.00
0.312260	119.00
0.312280	123.00
0.312300	127.00
0.312320	131.00
0.312340	132.00
0.312360	132.00
0.312380	132.00
0.312400	132.00
0.312420	132.00
0.312440	131.00
0.312460	129.00
0.312480	129.00
0.312500	128.00
0.312520	128.00
0.312540	128.00
0.312560	128.00
0.312580	129.00
0.312600	130.00
0.312620	131.00
0.312640	131.00
0.312660	130.00
0.312680	129.00
0.312700	127.00
0.312720	126.00
0.312740	126.00
0.312760	126.00
0.312780	126.00
0.312800	124.00
0.312820	122.00
0.312840	121.00
0.312860	122.00
0.312880	125.00
0.312900	127.00
0.312920	126.00
0.312940	124.00
0.312960	123.00
0.312980	123.00
0.313000	124.00
0.313020	125.00
0.313040	125.00
0.313060	125.00
0.313080	125.00
0.313100	125.00
0.313120	123.00
0.313140	121.00
0.313160	120.00
0.313180	121.00
0.313200	123.00
0.313220	125.00
0.313240	124.00
0.313260	121.00
0.313280	119.00
0.313300	120.00
0.313320	123.00
0.313340	127.00
0.313360	131.00
0.313380	132.00
0.313400	130.00
0.313420	128.00
0.313440	126.00
0.313460	126.00
0.313480	129.00
0.313500	130.00
0.313520	131.00
0.313540	130.00
0.313560	128.00
0.313580	127.00
0.313600	126.00
0.313620	126.00
0.313640	126.00
0.313660	126.00
0.313680	127.00
0.313700	128.00
0.313720	129.00
0.313740	129.00
0.313760	129.00
0.313780	128.00
0.313800	127.00
0.313820	125.00
0.313840	124.00
0.313860	124.00
0.313880	125.00
0.313900	125.00
0.313920	124.00
0.313940	121.00
0.313960	121.00
0.313980	122.00
0.314000	123.00
0.314020	123.00
0.314040	122.00
0.314060	121.00
0.314080	122.00
0.314100	124.00
0.314120	124.00
0.314140	123.00
0.314160	120.00
0.314180	120.00
0.314200	122.00
0.314220	125.00
0.314240	127.00
0.314260	127.00
0.314280	126.00
0.314300	126.00
0.314320	126.00
0.314340	126.00
0.314360	126.00
0.314380	127.00
0.314400	128.00
0.314420	128.00
0.314440	126.00
0.314460	124.00
0.314480	123.00
0.314500	124.00
0.314520	127.00
0.314540	128.00
0.314560	128.00
0.314580	128.00
0.314600	128.00
0.314620	128.00
0.314640	128.00
0.314660	128.00
0.314680	128.00
0.314700	128.00
0.314720	128.00
0.314740	126.00
0.314760	123.00
0.314780	123.00
0.314800	124.00
0.314820	127.00
0.314840	127.00
0.314860	125.00
0.314880	122.00
0.314900	122.00
0.314920	125.00
0.314940	127.00
0.314960	126.00
0.314980	122.00
0.315000	120.00
0.315020	122.00
0.315040	125.00
0.315060	128.00
0.315080	127.00
0.315100	124.00
0.315120	123.00
0.315140	123.00
0.315160	124.00
0.315180	124.00
0.315200	125.00
0.315220	125.00
0.315240	127.00
0.315260	129.00
0.315280	129.00
0.315300	128.00
0.315320	126.00
0.315340	124.00
0.315360	121.00
0.315380	119.00
0.315400	118.00
0.315420	119.00
0.315440	120.00
0.315460	122.00
0.315480	123.00
0.315500	125.00
0.315520	128.00
0.315540	132.00
0.315560	134.00
0.315580	134.00
0.315600	132.00
0.315620	131.00
0.315640	132.00
0.315660	134.00
0.315680	133.00
0.315700	129.00
0.315720	123.00
0.315740	120.00
0.315760	120.00
0.315780	122.00
0.315800	124.00
0.315820	124.00
0.315840	124.00
0.315860	124.00
0.315880	125.00
0.315900	125.00
0.315920	123.00
0.315940	121.00
0.315960	120.00
0.315980	119.00
0.316000	119.00
0.316020	120.00
0.316040	121.00
0.316060	122.00
0.316080	122.00
0.316100	121.00
0.316120	120.00
0.316140	119.00
0.316160	121.00
0.316180	124.00
0.316200	128.00
0.316220	130.00
0.316240	131.00
0.316260	130.00
0.316280	128.00
0.316300	126.00
0.316320	126.00
0.316340	128.00
0.316360	130.00
0.316380	130.00
0.316400	127.00
0.316420	124.00
0.316440	125.00
0.316460	129.00
0.316480	133.00
0.316500	135.00
0.316520	132.00
0.316540	128.00
0.316560	127.00
0.316580	129.00
0.316600	131.00
0.316620	130.00
0.316640	128.00
0.316660	125.00
0.316680	125.00
0.316700	125.00
0.316720	124.00
0.316740	122.00
0.316760	122.00
0.316780	123.00
0.316800	125.00
0.316820	125.00
0.316840	124.00
0.316860	123.00
0.316880	123.00
0.316900	124.00
0.316920	125.00
0.316940	124.00
0.316960	122.00
0.316980	120.00
0.317000	118.00
0.317020	118.00
0.317040	120.00
0.317060	121.00
0.317080	123.00
0.317100	125.00
0.317120	125.00
0.317140	125.00
0.317160	126.00
0.317180	128.00
0.317200	130.00
0.317220	131.00
0.317240	129.00
0.317260	127.00
0.317280	126.00
0.317300	126.00
0.317320	126.00
0.317340	126.00
0.317360	125.00
0.317380	126.00
0.317400	128.00
0.317420	129.00
0.317440	130.00
0.317460	129.00
0.317480	128.00
0.317500	129.00
0.317520	131.00
0.317540	134.00
0.317560	134.00
0.317580	132.00
0.317600	128.00
0.317620	125.00
0.317640	123.00
0.317660	124.00
0.317680	127.00
0.317700	129.00
0.317720	128.00
0.317740	125.00
0.317760	122.00
0.317780	120.00
0.317800	120.00
0.317820	121.00
0.317840	122.00
0.317860	123.00
0.317880	123.00
0.317900	123.00
0.317920	123.00
0.317940	122.00
0.317960	122.00
0.317980	121.00
0.318000	121.00
0.318020	121.00
0.318040	121.00
0.318060	122.00
0.318080	123.00
0.318100	126.00
0.318120	129.00
0.318140	131.00
0.318160	130.00
0.318180	128.00
0.318200	125.00
0.318220	122.00
0.318240	123.00
0.318260	125.00
0.318280	127.00
0.318300	128.00
0.318320	127.00
0.318340	126.00
0.318360	126.00
0.318380	126.00
0.318400	125.00
0.318420	124.00
0.318440	123.00
0.318460	123.00
0.318480	125.00
0.318500	127.00
0.318520	129.00
0.318540	130.00
0.318560	130.00
0.318580	130.00
0.318600	129.00
0.318620	128.00
0.318640	126.00
0.318660	125.00
0.318680	125.00
0.318700	125.00
0.318720	125.00
0.318740	125.00
0.318760	124.00
0.318780	123.00
0.318800	123.00
0.318820	123.00
0.318840	123.00
0.318860	122.00
0.318880	120.00
0.318900	119.00
0.318920	119.00
0.318940	121.00
0.318960	123.00
0.318980	125.00
0.319000	125.00
0.319020	124.00
0.319040	124.00
0.319060	127.00
0.319080	132.00
0.319100	134.00
0.319120	134.00
0.319140	130.00
0.319160	126.00
0.319180	125.00
0.319200	126.00
0.319220	127.00
0.319240	126.00
0.319260	124.00
0.319280	123.00
0.319300	124.00
0.319320	129.00
0.319340	133.00
0.319360	135.00
0.319380	133.00
