0.279400	101.00
0.279420	50.00
0.279440	103.00
0.279460	144.00
0.279480	149.00
0.279500	129.00
0.279520	115.00
0.279540	120.00
0.279560	135.00
0.279580	141.00
0.279600	136.00
0.279620	130.00
0.279640	131.00
0.279660	137.00
0.279680	137.00
0.279700	131.00
0.279720	125.00
0.279740	124.00
0.279760	126.00
0.279780	125.00
0.279800	120.00
0.279820	117.00
0.279840	118.00
0.279860	122.00
0.279880	122.00
0.279900	118.00
0.279920	114.00
0.279940	116.00
0.279960	121.00
0.279980	124.00
0.280000	122.00
0.280020	121.00
0.280040	123.00
0.280060	128.00
0.280080	132.00
0.280100	132.00
0.280120	129.00
0.280140	128.00
0.280160	129.00
0.280180	129.00
0.280200	127.00
0.280220	125.00
0.280240	126.00
0.280260	127.00
0.280280	128.00
0.280300	127.00
0.280320	127.00
0.280340	128.00
0.280360	130.00
0.280380	130.00
0.280400	128.00
0.280420	127.00
0.280440	128.00
0.280460	131.00
0.280480	132.00
0.280500	129.00
0.280520	125.00
0.280540	123.00
0.280560	125.00
0.280580	128.00
0.280600	130.00
0.280620	128.00
0.280640	126.00
0.280660	124.00
0.280680	123.00
0.280700	122.00
0.280720	121.00
0.280740	122.00
0.280760	123.00
0.280780	124.00
0.280800	123.00
0.280820	121.00
0.280840	120.00
0.280860	120.00
0.280880	121.00
0.280900	122.00
0.280920	122.00
0.280940	123.00
0.280960	123.00
0.280980	124.00
0.281000	123.00
0.281020	122.00
0.281040	122.00
0.281060	123.00
0.281080	126.00
0.281100	127.00
0.281120	127.00
0.281140	126.00
0.281160	126.00
0.281180	127.00
0.281200	129.00
0.281220	130.00
0.281240	128.00
0.281260	124.00
0.281280	121.00
0.281300	121.00
0.281320	125.00
0.281340	128.00
0.281360	130.00
0.281380	130.00
0.281400	129.00
0.281420	130.00
0.281440	131.00
0.281460	132.00
0.281480	131.00
0.281500	130.00
0.281520	129.00
0.281540	128.00
0.281560	127.00
0.281580	126.00
0.281600	127.00
0.281620	128.00
0.281640	130.00
0.281660	129.00
0.281680	126.00
0.281700	123.00
0.281720	121.00
0.281740	121.00
0.281760	122.00
0.281780	123.00
0.281800	123.00
0.281820	124.00
0.281840	127.00
0.281860	130.00
0.281880	131.00
0.281900	130.00
0.281920	127.00
0.281940	123.00
0.281960	120.00
0.281980	118.00
0.282000	117.00
0.282020	119.00
0.282040	123.00
0.282060	126.00
0.282080	127.00
0.282100	125.00
0.282120	125.00
0.282140	126.00
0.282160	129.00
0.282180	130.00
0.282200	128.00
0.282220	126.00
0.282240	125.00
0.282260	127.00
0.282280	130.00
0.282300	131.00
0.282320	131.00
0.282340	130.00
0.282360	129.00
0.282380	130.00
0.282400	132.00
0.282420	133.00
0.282440	132.00
0.282460	129.00
0.282480	126.00
0.282500	123.00
0.282520	121.00
0.282540	121.00
0.282560	121.00
0.282580	122.00
0.282600	123.00
0.282620	124.00
0.282640	124.00
0.282660	121.00
0.282680	119.00
0.282700	120.00
0.282720	123.00
0.282740	128.00
0.282760	128.00
0.282780	125.00
0.282800	121.00
0.282820	119.00
0.282840	122.00
0.282860	125.00
0.282880	126.00
0.282900	124.00
0.282920	122.00
0.282940	123.00
0.282960	125.00
0.282980	127.00
0.283000	129.00
0.283020	130.00
0.283040	132.00
0.283060	133.00
0.283080	131.00
0.283100	128.00
0.283120	125.00
0.283140	125.00
0.283160	127.00
0.283180	127.00
0.283200	127.00
0.283220	126.00
0.283240	126.00
0.283260	127.00
0.283280	127.00
0.283300	127.00
0.283320	126.00
0.283340	125.00
0.283360	126.00
0.283380	126.00
0.283400	126.00
0.283420	125.00
0.283440	123.00
0.283460	123.00
0.283480	123.00
0.283500	124.00
0.283520	125.00
0.283540	126.00
0.283560	126.00
0.283580	124.00
0.283600	122.00
0.283620	120.00
0.283640	120.00
0.283660	121.00
0.283680	122.00
0.283700	123.00
0.283720	124.00
0.283740	126.00
0.283760	126.00
0.283780	125.00
0.283800	124.00
0.283820	124.00
0.283840	124.00
0.283860	122.00
0.283880	121.00
0.283900	120.00
0.283920	121.00
0.283940	124.00
0.283960	127.00
0.283980	128.00
0.284000	127.00
0.284020	127.00
0.284040	128.00
0.284060	129.00
0.284080	128.00
0.284100	127.00
0.284120	128.00
0.284140	131.00
0.284160	134.00
0.284180	132.00
0.284200	128.00
0.284220	123.00
0.284240	123.00
0.284260	127.00
0.284280	130.00
0.284300	131.00
0.284320	130.00
0.284340	129.00
0.284360	128.00
0.284380	127.00
0.284400	124.00
0.284420	122.00
0.284440	123.00
0.284460	126.00
0.284480	129.00
0.284500	128.00
0.284520	124.00
0.284540	121.00
0.284560	122.00
0.284580	125.00
0.284600	128.00
0.284620	127.00
0.284640	123.00
0.284660	120.00
0.284680	119.00
0.284700	120.00
0.284720	122.00
0.284740	123.00
0.284760	122.00
0.284780	120.00
0.284800	118.00
0.284820	119.00
0.284840	122.00
0.284860	124.00
0.284880	124.00
0.284900	121.00
0.284920	121.00
0.284940	124.00
0.284960	129.00
0.284980	131.00
0.285000	129.00
0.285020	124.00
0.285040	121.00
0.285060	123.00
0.285080	127.00
0.285100	131.00
0.285120	131.00
0.285140	129.00
0.285160	127.00
0.285180	127.00
0.285200	127.00
0.285220	128.00
0.285240	128.00
0.285260	128.00
0.285280	127.00
0.285300	126.00
0.285320	125.00
0.285340	126.00
0.285360	127.00
0.285380	129.00
0.285400	129.00
0.285420	128.00
0.285440	128.00
0.285460	129.00
0.285480	132.00
0.285500	133.00
0.285520	132.00
0.285540	128.00
0.285560	125.00
0.285580	124.00
0.285600	124.00
0.285620	125.00
0.285640	124.00
0.285660	124.00
0.285680	123.00
0.285700	122.00
0.285720	122.00
0.285740	123.00
0.285760	124.00
0.285780	124.00
0.285800	123.00
0.285820	121.00
0.285840	119.00
0.285860	120.00
0.285880	123.00
0.285900	127.00
0.285920	128.00
0.285940	126.00
0.285960	124.00
0.285980	122.00
0.286000	123.00
0.286020	125.00
0.286040	127.00
0.286060	128.00
0.286080	127.00
0.286100	125.00
0.286120	124.00
0.286140	123.00
0.286160	124.00
0.286180	126.00
0.286200	128.00
0.286220	129.00
0.286240	130.00
0.286260	130.00
0.286280	129.00
0.286300	129.00
0.286320	129.00
0.286340	129.00
0.286360	129.00
0.286380	128.00
0.286400	126.00
0.286420	125.00
0.286440	124.00
0.286460	125.00
0.286480	125.00
0.286500	125.00
0.286520	123.00
0.286540	121.00
0.286560	120.00
0.286580	120.00
0.286600	121.00
0.286620	122.00
0.286640	122.00
0.286660	122.00
0.286680	121.00
0.286700	121.00
0.286720	121.00
0.286740	121.00
0.286760	121.00
0.286780	122.00
0.286800	123.00
0.286820	124.00
0.286840	126.00
0.286860	128.00
0.286880	129.00
0.286900	128.00
0.286920	125.00
0.286940	122.00
0.286960	120.00
0.286980	121.00
0.287000	124.00
0.287020	126.00
0.287040	127.00
0.287060	125.00
0.287080	124.00
0.287100	125.00
0.287120	128.00
0.287140	130.00
0.287160	130.00
0.287180	130.00
0.287200	129.00
0.287220	130.00
0.287240	131.00
0.287260	131.00
0.287280	128.00
0.287300	126.00
0.287320	125.00
0.287340	125.00
0.287360	126.00
0.287380	127.00
0.287400	127.00
0.287420	128.00
0.287440	128.00
0.287460	128.00
0.287480	126.00
0.287500	124.00
0.287520	122.00
0.287540	121.00
0.287560	121.00
0.287580	122.00
0.287600	123.00
0.287620	124.00
0.287640	125.00
0.287660	125.00
0.287680	124.00
0.287700	123.00
0.287720	123.00
0.287740	123.00
0.287760	124.00
0.287780	125.00
0.287800	126.00
0.287820	128.00
0.287840	131.00
0.287860	132.00
0.287880	132.00
0.287900	130.00
0.287920	128.00
0.287940	127.00
0.287960	127.00
0.287980	127.00
0.288000	127.00
0.288020	127.00
0.288040	128.00
0.288060	127.00
0.288080	126.00
0.288100	124.00
0.288120	123.00
0.288140	126.00
0.288160	131.00
0.288180	135.00
0.288200	137.00
0.288220	136.00
0.288240	132.00
0.288260	127.00
0.288280	123.00
0.288300	122.00
0.288320	121.00
0.288340	123.00
0.288360	124.00
0.288380	124.00
0.288400	123.00
0.288420	123.00
0.288440	124.00
0.288460	125.00
0.288480	125.00
0.288500	123.00
0.288520	121.00
0.288540	120.00
0.288560	121.00
0.288580	121.00
0.288600	122.00
0.288620	122.00
0.288640	122.00
0.288660	123.00
0.288680	125.00
0.288700	126.00
0.288720	125.00
0.288740	125.00
0.288760	126.00
0.288780	128.00
0.288800	131.00
0.288820	133.00
0.288840	132.00
0.288860	130.00
0.288880	128.00
0.288900	126.00
0.288920	124.00
0.288940	123.00
0.288960	122.00
0.288980	123.00
0.289000	125.00
0.289020	127.00
0.289040	129.00
0.289060	129.00
0.289080	129.00
0.289100	131.00
0.289120	135.00
0.289140	136.00
0.289160	134.00
0.289180	128.00
0.289200	124.00
0.289220	123.00
0.289240	126.00
0.289260	130.00
0.289280	131.00
0.289300	129.00
0.289320	127.00
0.289340	125.00
0.289360	124.00
0.289380	122.00
0.289400	121.00
0.289420	122.00
0.289440	125.00
0.289460	127.00
0.289480	126.00
0.289500	123.00
0.289520	122.00
0.289540	124.00
0.289560	126.00
0.289580	126.00
0.289600	123.00
0.289620	119.00
0.289640	116.00
0.289660	117.00
0.289680	118.00
0.289700	120.00
0.289720	121.00
0.289740	125.00
0.289760	129.00
0.289780	132.00
0.289800	131.00
0.289820	127.00
0.289840	124.00
0.289860	123.00
0.289880	125.00
0.289900	126.00
0.289920	126.00
0.289940	125.00
0.289960	124.00
0.289980	125.00
0.290000	126.00
0.290020	127.00
0.290040	127.00
0.290060	128.00
0.290080	130.00
0.290100	132.00
0.290120	134.00
0.290140	135.00
0.290160	134.00
0.290180	131.00
0.290200	128.00
0.290220	125.00
0.290240	124.00
0.290260	125.00
0.290280	127.00
0.290300	127.00
0.290320	127.00
0.290340	128.00
0.290360	128.00
0.290380	129.00
0.290400	129.00
0.290420	128.00
0.290440	127.00
0.290460	126.00
0.290480	124.00
0.290500	122.00
0.290520	120.00
0.290540	119.00
0.290560	119.00
0.290580	121.00
0.290600	122.00
0.290620	121.00
0.290640	120.00
0.290660	121.00
0.290680	124.00
0.290700	128.00
0.290720	132.00
0.290740	133.00
0.290760	131.00
0.290780	127.00
0.290800	123.00
0.290820	121.00
0.290840	122.00
0.290860	125.00
0.290880	127.00
0.290900	129.00
0.290920	129.00
0.290940	128.00
0.290960	129.00
0.290980	130.00
0.291000	131.00
0.291020	132.00
0.291040	133.00
0.291060	133.00
0.291080	134.00
0.291100	133.00
0.291120	130.00
0.291140	127.00
0.291160	125.00
0.291180	124.00
0.291200	123.00
0.291220	122.00
0.291240	120.00
0.291260	120.00
0.291280	122.00
0.291300	124.00
0.291320	125.00
0.291340	124.00
0.291360	123.00
0.291380	123.00
0.291400	124.00
0.291420	124.00
0.291440	122.00
0.291460	119.00
0.291480	118.00
0.291500	118.00
0.291520	120.00
0.291540	121.00
0.291560	120.00
0.291580	120.00
0.291600	122.00
0.291620	124.00
0.291640	125.00
0.291660	126.00
0.291680	126.00
0.291700	128.00
0.291720	129.00
0.291740	130.00
0.291760	127.00
0.291780	125.00
0.291800	124.00
0.291820	125.00
0.291840	128.00
0.291860	129.00
0.291880	128.00
0.291900	125.00
0.291920	123.00
0.291940	123.00
0.291960	124.00
0.291980	126.00
0.292000	127.00
0.292020	128.00
0.292040	129.00
0.292060	128.00
0.292080	128.00
0.292100	127.00
0.292120	127.00
0.292140	128.00
0.292160	128.00
0.292180	126.00
0.292200	125.00
0.292220	124.00
0.292240	124.00
0.292260	123.00
0.292280	122.00
0.292300	120.00
0.292320	119.00
0.292340	119.00
0.292360	121.00
0.292380	122.00
0.292400	123.00
0.292420	124.00
0.292440	125.00
0.292460	126.00
0.292480	124.00
0.292500	122.00
0.292520	121.00
0.292540	121.00
0.292560	123.00
0.292580	125.00
0.292600	125.00
0.292620	125.00
0.292640	125.00
0.292660	126.00
0.292680	127.00
0.292700	127.00
0.292720	126.00
0.292740	125.00
0.292760	126.00
0.292780	127.00
0.292800	127.00
0.292820	126.00
0.292840	125.00
0.292860	124.00
0.292880	125.00
0.292900	126.00
0.292920	127.00
0.292940	128.00
0.292960	128.00
0.292980	128.00
0.293000	126.00
0.293020	125.00
0.293040	124.00
0.293060	125.00
0.293080	126.00
0.293100	127.00
0.293120	128.00
0.293140	127.00
0.293160	126.00
0.293180	125.00
0.293200	125.00
0.293220	124.00
0.293240	123.00
0.293260	121.00
0.293280	120.00
0.293300	120.00
0.293320	121.00
0.293340	122.00
0.293360	123.00
0.293380	121.00
0.293400	119.00
0.293420	117.00
0.293440	117.00
0.293460	117.00
0.293480	118.00
0.293500	120.00
0.293520	122.00
0.293540	125.00
0.293560	126.00
0.293580	127.00
0.293600	128.00
0.293620	129.00
0.293640	130.00
0.293660	132.00
0.293680	133.00
0.293700	131.00
0.293720	129.00
0.293740	126.00
0.293760	124.00
0.293780	124.00
0.293800	127.00
0.293820	131.00
0.293840	134.00
0.293860	134.00
0.293880	132.00
0.293900	129.00
0.293920	129.00
0.293940	130.00
0.293960	131.00
0.293980	131.00
0.294000	130.00
0.294020	130.00
0.294040	130.00
0.294060	131.00
0.294080	131.00
0.294100	129.00
0.294120	127.00
0.294140	126.00
0.294160	126.00
0.294180	127.00
0.294200	125.00
0.294220	123.00
0.294240	119.00
0.294260	116.00
0.294280	115.00
0.294300	117.00
0.294320	120.00
0.294340	123.00
0.294360	126.00
0.294380	126.00
0.294400	124.00
0.294420	123.00
0.294440	122.00
0.294460	122.00
0.294480	123.00
0.294500	123.00
0.294520	123.00
0.294540	124.00
0.294560	125.00
0.294580	127.00
0.294600	126.00
0.294620	125.00
0.294640	124.00
0.294660	124.00
0.294680	125.00
0.294700	126.00
0.294720	127.00
0.294740	126.00
0.294760	125.00
0.294780	125.00
0.294800	126.00
0.294820	128.00
0.294840	130.00
0.294860	132.00
0.294880	132.00
0.294900	132.00
0.294920	131.00
0.294940	130.00
0.294960	129.00
0.294980	128.00
0.295000	126.00
0.295020	124.00
0.295040	122.00
0.295060	123.00
0.295080	126.00
0.295100	129.00
0.295120	131.00
0.295140	130.00
0.295160	128.00
0.295180	126.00
0.295200	126.00
0.295220	125.00
0.295240	122.00
0.295260	119.00
0.295280	115.00
0.295300	112.00
0.295320	111.00
0.295340	113.00
0.295360	117.00
0.295380	122.00
0.295400	127.00
0.295420	131.00
0.295440	131.00
0.295460	129.00
0.295480	126.00
0.295500	125.00
0.295520	125.00
0.295540	127.00
0.295560	127.00
0.295580	125.00
0.295600	123.00
0.295620	122.00
0.295640	124.00
0.295660	126.00
0.295680	128.00
0.295700	129.00
0.295720	129.00
0.295740	129.00
0.295760	130.00
0.295780	132.00
0.295800	134.00
0.295820	136.00
0.295840	136.00
0.295860	133.00
0.295880	129.00
0.295900	127.00
0.295920	127.00
0.295940	130.00
0.295960	132.00
0.295980	131.00
0.296000	128.00
0.296020	124.00
0.296040	122.00
0.296060	122.00
0.296080	123.00
0.296100	125.00
0.296120	127.00
0.296140	127.00
0.296160	127.00
0.296180	125.00
0.296200	122.00
0.296220	119.00
0.296240	117.00
0.296260	118.00
0.296280	120.00
0.296300	122.00
0.296320	122.00
0.296340	122.00
0.296360	121.00
0.296380	121.00
0.296400	123.00
0.296420	125.00
0.296440	127.00
0.296460	127.00
0.296480	127.00
0.296500	127.00
0.296520	128.00
0.296540	128.00
0.296560	126.00
0.296580	123.00
0.296600	120.00
0.296620	120.00
0.296640	122.00
0.296660	125.00
0.296680	127.00
0.296700	128.00
0.296720	131.00
0.296740	135.00
0.296760	139.00
0.296780	139.00
0.296800	135.00
0.296820	130.00
0.296840	126.00
0.296860	126.00
0.296880	126.00
0.296900	126.00
0.296920	124.00
0.296940	122.00
0.296960	122.00
0.296980	124.00
0.297000	125.00
0.297020	126.00
0.297040	125.00
0.297060	124.00
0.297080	123.00
0.297100	123.00
0.297120	124.00
0.297140	125.00
0.297160	126.00
0.297180	126.00
0.297200	124.00
0.297220	121.00
0.297240	119.00
0.297260	117.00
0.297280	117.00
0.297300	117.00
0.297320	117.00
0.297340	118.00
0.297360	119.00
0.297380	121.00
0.297400	123.00
0.297420	125.00
0.297440	126.00
0.297460	127.00
0.297480	128.00
0.297500	129.00
0.297520	129.00
0.297540	129.00
0.297560	129.00
0.297580	128.00
0.297600	128.00
0.297620	128.00
0.297640	128.00
0.297660	127.00
0.297680	126.00
0.297700	127.00
0.297720	129.00
0.297740	131.00
0.297760	132.00
0.297780	131.00
0.297800	130.00
0.297820	129.00
0.297840	129.00
0.297860	127.00
0.297880	126.00
0.297900	125.00
0.297920	127.00
0.297940	130.00
0.297960	132.00
0.297980	129.00
0.298000	123.00
0.298020	119.00
0.298040	118.00
0.298060	121.00
0.298080	122.00
0.298100	121.00
0.298120	119.00
0.298140	118.00
0.298160	119.00
0.298180	122.00
0.298200	123.00
0.298220	123.00
0.298240	122.00
0.298260	121.00
0.298280	120.00
0.298300	119.00
0.298320	121.00
0.298340	123.00
0.298360	126.00
0.298380	127.00
0.298400	126.00
0.298420	125.00
0.298440	127.00
0.298460	130.00
0.298480	130.00
0.298500	127.00
0.298520	122.00
0.298540	119.00
0.298560	120.00
0.298580	123.00
0.298600	125.00
0.298620	126.00
0.298640	127.00
0.298660	128.00
0.298680	129.00
0.298700	130.00
0.298720	130.00
0.298740	130.00
0.298760	130.00
0.298780	131.00
0.298800	130.00
0.298820	127.00
0.298840	125.00
0.298860	125.00
0.298880	126.00
0.298900	127.00
0.298920	126.00
0.298940	125.00
0.298960	124.00
0.298980	124.00
0.299000	125.00
0.299020	126.00
0.299040	127.00
0.299060	128.00
0.299080	127.00
0.299100	124.00
0.299120	121.00
0.299140	120.00
0.299160	123.00
0.299180	126.00
0.299200	126.00
0.299220	122.00
0.299240	118.00
0.299260	117.00
0.299280	120.00
0.299300	124.00
0.299320	127.00
0.299340	127.00
0.299360	126.00
0.299380	127.00
0.299400	130.00
0.299420	133.00
0.299440	134.00
0.299460	133.00
0.299480	131.00
0.299500	130.00
0.299520	130.00
0.299540	131.00
0.299560	130.00
0.299580	128.00
0.299600	125.00
0.299620	124.00
0.299640	125.00
0.299660	128.00
0.299680	131.00
0.299700	131.00
0.299720	129.00
0.299740	127.00
0.299760	126.00
0.299780	128.00
0.299800	130.00
0.299820	131.00
0.299840	130.00
0.299860	129.00
0.299880	126.00
0.299900	123.00
0.299920	121.00
0.299940	121.00
0.299960	122.00
0.299980	124.00
0.300000	124.00
0.300020	124.00
0.300040	123.00
0.300060	123.00
0.300080	124.00
0.300100	123.00
0.300120	122.00
0.300140	120.00
0.300160	120.00
0.300180	120.00
0.300200	121.00
0.300220	122.00
0.300240	122.00
0.300260	122.00
0.300280	122.00
0.300300	123.00
0.300320	125.00
0.300340	127.00
0.300360	129.00
0.300380	130.00
0.300400	129.00
0.300420	126.00
0.300440	123.00
0.300460	122.00
0.300480	123.00
0.300500	126.00
0.300520	128.00
0.300540	129.00
0.300560	129.00
0.300580	129.00
0.300600	130.00
0.300620	130.00
0.300640	130.00
0.300660	130.00
0.300680	129.00
0.300700	129.00
0.300720	129.00
0.300740	129.00
0.300760	129.00
0.300780	128.00
0.300800	127.00
0.300820	125.00
0.300840	125.00
0.300860	125.00
0.300880	127.00
0.300900	127.00
0.300920	126.00
0.300940	125.00
0.300960	124.00
0.300980	125.00
0.301000	123.00
0.301020	121.00
0.301040	119.00
0.301060	121.00
0.301080	124.00
0.301100	126.00
0.301120	124.00
0.301140	119.00
0.301160	115.00
0.301180	116.00
0.301200	118.00
0.301220	119.00
0.301240	118.00
0.301260	117.00
0.301280	118.00
0.301300	124.00
0.301320	129.00
0.301340	131.00
0.301360	129.00
0.301380	126.00
0.301400	125.00
0.301420	126.00
0.301440	126.00
0.301460	125.00
0.301480	124.00
0.301500	124.00
0.301520	126.00
0.301540	128.00
0.301560	129.00
0.301580	129.00
0.301600	130.00
0.301620	132.00
0.301640	133.00
0.301660	134.00
0.301680	133.00
0.301700	132.00
0.301720	132.00
0.301740	132.00
0.301760	132.00
0.301780	132.00
0.301800	131.00
0.301820	129.00
0.301840	127.00
0.301860	124.00
0.301880	123.00
0.301900	124.00
0.301920	125.00
0.301940	124.00
0.301960	122.00
0.301980	119.00
0.302000	119.00
0.302020	120.00
0.302040	121.00
0.302060	120.00
0.302080	119.00
0.302100	118.00
0.302120	119.00
0.302140	120.00
0.302160	120.00
0.302180	120.00
0.302200	119.00
0.302220	120.00
0.302240	122.00
0.302260	125.00
0.302280	126.00
0.302300	128.00
0.302320	129.00
0.302340	129.00
0.302360	128.00
0.302380	128.00
0.302400	129.00
0.302420	130.00
0.302440	132.00
0.302460	132.00
0.302480	132.00
0.302500	131.00
0.302520	131.00
0.302540	131.00
0.302560	129.00
0.302580	126.00
0.302600	124.00
0.302620	124.00
0.302640	126.00
0.302660	129.00
0.302680	130.00
0.302700	129.00
0.302720	128.00
0.302740	128.00
0.302760	128.00
0.302780	128.00
0.302800	126.00
0.302820	125.00
0.302840	127.00
0.302860	129.00
0.302880	130.00
0.302900	128.00
0.302920	123.00
0.302940	120.00
0.302960	120.00
0.302980	122.00
0.303000	123.00
0.303020	122.00
0.303040	121.00
0.303060	121.00
0.303080	122.00
0.303100	124.00
0.303120	124.00
0.303140	124.00
0.303160	123.00
0.303180	123.00
0.303200	124.00
0.303220	125.00
0.303240	126.00
0.303260	126.00
0.303280	128.00
0.303300	129.00
0.303320	129.00
0.303340	128.00
0.303360	126.00
0.303380	125.00
0.303400	126.00
0.303420	127.00
0.303440	127.00
0.303460	127.00
0.303480	127.00
0.303500	127.00
0.303520	128.00
0.303540	128.00
0.303560	129.00
0.303580	130.00
0.303600	133.00
0.303620	134.00
0.303640	134.00
0.303660	132.00
0.303680	130.00
0.303700	130.00
0.303720	131.00
0.303740	132.00
0.303760	131.00
0.303780	129.00
0.303800	126.00
0.303820	125.00
0.303840	126.00
0.303860	128.00
0.303880	128.00
0.303900	127.00
0.303920	126.00
0.303940	124.00
0.303960	124.00
0.303980	124.00
0.304000	123.00
0.304020	122.00
0.304040	120.00
0.304060	119.00
0.304080	119.00
0.304100	120.00
0.304120	122.00
0.304140	122.00
0.304160	120.00
0.304180	118.00
0.304200	119.00
0.304220	124.00
0.304240	129.00
0.304260	130.00
0.304280	128.00
0.304300	124.00
0.304320	121.00
0.304340	122.00
0.304360	124.00
0.304380	125.00
0.304400	126.00
0.304420	126.00
0.304440	126.00
0.304460	125.00
0.304480	122.00
0.304500	120.00
0.304520	121.00
0.304540	127.00
0.304560	133.00
0.304580	136.00
0.304600	135.00
0.304620	132.00
0.304640	129.00
0.304660	130.00
0.304680	131.00
0.304700	130.00
0.304720	128.00
0.304740	126.00
0.304760	124.00
0.304780	123.00
0.304800	122.00
0.304820	122.00
0.304840	121.00
0.304860	121.00
0.304880	121.00
0.304900	120.00
0.304920	119.00
0.304940	119.00
0.304960	121.00
0.304980	124.00
0.305000	125.00
0.305020	123.00
0.305040	120.00
0.305060	118.00
0.305080	120.00
0.305100	123.00
0.305120	126.00
0.305140	127.00
0.305160	126.00
0.305180	125.00
0.305200	126.00
0.305220	128.00
0.305240	129.00
0.305260	129.00
0.305280	127.00
0.305300	125.00
0.305320	125.00
0.305340	126.00
0.305360	129.00
0.305380	131.00
0.305400	131.00
0.305420	130.00
0.305440	129.00
0.305460	128.00
0.305480	127.00
0.305500	126.00
0.305520	125.00
0.305540	125.00
0.305560	125.00
0.305580	126.00
0.305600	126.00
0.305620	125.00
0.305640	124.00
0.305660	124.00
0.305680	124.00
0.305700	124.00
0.305720	123.00
0.305740	122.00
0.305760	121.00
0.305780	120.00
0.305800	122.00
0.305820	124.00
0.305840	126.00
0.305860	125.00
0.305880	122.00
0.305900	120.00
0.305920	120.00
0.305940	123.00
0.305960	126.00
0.305980	127.00
0.306000	124.00
0.306020	120.00
0.306040	118.00
0.306060	120.00
0.306080	125.00
0.306100	129.00
0.306120	130.00
0.306140	130.00
0.306160	129.00
0.306180	129.00
0.306200	128.00
0.306220	126.00
0.306240	124.00
0.306260	124.00
0.306280	125.00
0.306300	127.00
0.306320	129.00
0.306340	130.00
0.306360	130.00
0.306380	130.00
0.306400	130.00
0.306420	130.00
0.306440	131.00
0.306460	133.00
0.306480	134.00
0.306500	133.00
0.306520	130.00
0.306540	127.00
0.306560	127.00
0.306580	128.00
0.306600	129.00
0.306620	128.00
0.306640	126.00
0.306660	124.00
0.306680	125.00
0.306700	126.00
0.306720	125.00
0.306740	123.00
0.306760	121.00
0.306780	121.00
0.306800	123.00
0.306820	124.00
0.306840	123.00
0.306860	121.00
0.306880	120.00
0.306900	121.00
0.306920	121.00
0.306940	121.00
0.306960	120.00
0.306980	119.00
0.307000	119.00
0.307020	120.00
0.307040	122.00
0.307060	124.00
0.307080	127.00
0.307100	131.00
0.307120	134.00
0.307140	134.00
0.307160	132.00
0.307180	128.00
0.307200	126.00
0.307220	125.00
0.307240	125.00
0.307260	125.00
0.307280	125.00
0.307300	126.00
0.307320	127.00
0.307340	127.00
0.307360	126.00
0.307380	126.00
0.307400	127.00
0.307420	128.00
0.307440	130.00
0.307460	129.00
0.307480	128.00
0.307500	128.00
0.307520	128.00
0.307540	128.00
0.307560	127.00
0.307580	124.00
0.307600	121.00
0.307620	119.00
0.307640	120.00
0.307660	121.00
0.307680	122.00
0.307700	121.00
0.307720	120.00
0.307740	120.00
0.307760	121.00
0.307780	122.00
0.307800	123.00
0.307820	123.00
0.307840	123.00
0.307860	123.00
0.307880	124.00
0.307900	125.00
0.307920	125.00
0.307940	124.00
0.307960	123.00
0.307980	124.00
0.308000	125.00
0.308020	127.00
0.308040	128.00
0.308060	129.00
0.308080	129.00
0.308100	128.00
0.308120	128.00
0.308140	126.00
0.308160	125.00
0.308180	124.00
0.308200	125.00
0.308220	127.00
0.308240	129.00
0.308260	128.00
0.308280	126.00
0.308300	125.00
0.308320	126.00
0.308340	129.00
0.308360	131.00
0.308380	131.00
0.308400	130.00
0.308420	129.00
0.308440	129.00
0.308460	128.00
0.308480	126.00
0.308500	123.00
0.308520	122.00
0.308540	123.00
0.308560	124.00
0.308580	123.00
0.308600	122.00
0.308620	121.00
0.308640	123.00
0.308660	125.00
0.308680	127.00
0.308700	126.00
0.308720	125.00
0.308740	124.00
0.308760	123.00
0.308780	124.00
0.308800	124.00
0.308820	125.00
0.308840	125.00
0.308860	125.00
0.308880	123.00
0.308900	121.00
0.308920	119.00
0.308940	119.00
0.308960	121.00
0.308980	123.00
0.309000	125.00
0.309020	124.00
0.309040	124.00
0.309060	124.00
0.309080	127.00
0.309100	130.00
0.309120	131.00
0.309140	131.00
0.309160	129.00
0.309180	126.00
0.309200	123.00
0.309220	122.00
0.309240	123.00
0.309260	126.00
0.309280	130.00
0.309300	132.00
0.309320	132.00
0.309340	130.00
0.309360	128.00
0.309380	129.00
0.309400	131.00
0.309420	133.00
0.309440	132.00
0.309460	130.00
0.309480	128.00
0.309500	125.00
0.309520	123.00
0.309540	121.00
0.309560	120.00
0.309580	120.00
0.309600	121.00
0.309620	122.00
0.309640	122.00
0.309660	122.00
0.309680	123.00
0.309700	125.00
0.309720	127.00
0.309740	128.00
0.309760	127.00
0.309780	125.00
0.309800	124.00
0.309820	124.00
0.309840	125.00
0.309860	125.00
0.309880	124.00
0.309900	123.00
0.309920	122.00
0.309940	123.00
0.309960	123.00
0.309980	124.00
0.310000	126.00
0.310020	127.00
0.310040	128.00
0.310060	127.00
0.310080	126.00
0.310100	125.00
0.310120	126.00
0.310140	129.00
0.310160	131.00
0.310180	131.00
0.310200	129.00
0.310220	128.00
0.310240	127.00
0.310260	127.00
0.310280	128.00
0.310300	128.00
0.310320	129.00
0.310340	130.00
0.310360	130.00
0.310380	129.00
0.310400	127.00
0.310420	124.00
0.310440	122.00
0.310460	123.00
0.310480	125.00
0.310500	127.00
0.310520	128.00
0.310540	127.00
0.310560	125.00
0.310580	124.00
0.310600	123.00
0.310620	124.00
0.310640	125.00
0.310660	123.00
0.310680	119.00
0.310700	114.00
0.310720	114.00
0.310740	118.00
0.310760	124.00
0.310780	127.00
0.310800	124.00
0.310820	117.00
0.310840	113.00
0.310860	115.00
0.310880	120.00
0.310900	125.00
0.310920	128.00
0.310940	128.00
0.310960	128.00
0.310980	128.00
0.311000	128.00
0.311020	127.00
0.311040	126.00
0.311060	126.00
0.311080	129.00
0.311100	132.00
0.311120	133.00
0.311140	130.00
0.311160	126.00
0.311180	124.00
0.311200	126.00
0.311220	129.00
0.311240	130.00
0.311260	131.00
0.311280	131.00
0.311300	132.00
0.311320	133.00
0.311340	132.00
0.311360	130.00
0.311380	127.00
0.311400	125.00
0.311420	123.00
0.311440	121.00
0.311460	120.00
0.311480	120.00
0.311500	121.00
0.311520	124.00
0.311540	125.00
0.311560	123.00
0.311580	121.00
0.311600	120.00
0.311620	122.00
0.311640	125.00
0.311660	127.00
0.311680	125.00
0.311700	122.00
0.311720	121.00
0.311740	121.00
0.311760	122.00
0.311780	122.00
0.311800	122.00
0.311820	122.00
0.311840	124.00
0.311860	126.00
0.311880	127.00
0.311900	126.00
0.311920	126.00
0.311940	126.00
0.311960	128.00
0.311980	129.00
0.312000	129.00
0.312020	127.00
0.312040	125.00
0.312060	124.00
0.312080	124.00
0.312100	124.00
0.312120	126.00
0.312140	128.00
0.312160	131.00
0.312180	133.00
0.312200	133.00
0.312220	131.00
0.312240	129.00
0.312260	129.00
0.312280	130.00
0.312300	131.00
0.312320	130.00
0.312340	128.00
0.312360	126.00
0.312380	125.00
0.312400	127.00
0.312420	128.00
0.312440	128.00
0.312460	126.00
0.312480	124.00
0.312500	123.00
0.312520	123.00
0.312540	124.00
0.312560	123.00
0.312580	123.00
0.312600	122.00
0.312620	123.00
0.312640	125.00
0.312660	126.00
0.312680	125.00
0.312700	122.00
0.312720	120.00
0.312740	119.00
0.312760	120.00
0.312780	121.00
0.312800	123.00
0.312820	125.00
0.312840	127.00
0.312860	130.00
0.312880	132.00
0.312900	131.00
0.312920	127.00
0.312940	124.00
0.312960	123.00
0.312980	125.00
0.313000	129.00
0.313020	131.00
0.313040	131.00
0.313060	129.00
0.313080	127.00
0.313100	127.00
0.313120	128.00
0.313140	129.00
0.313160	129.00
0.313180	128.00
0.313200	128.00
0.313220	129.00
0.313240	130.00
0.313260	129.00
0.313280	126.00
0.313300	124.00
0.313320	124.00
0.313340	125.00
0.313360	126.00
0.313380	124.00
0.313400	122.00
0.313420	122.00
0.313440	124.00
0.313460	127.00
0.313480	128.00
0.313500	126.00
0.313520	123.00
0.313540	121.00
0.313560	120.00
0.313580	121.00
0.313600	121.00
0.313620	121.00
0.313640	121.00
0.313660	120.00
0.313680	118.00
0.313700	115.00
0.313720	115.00
0.313740	117.00
0.313760	122.00
0.313780	126.00
0.313800	128.00
0.313820	127.00
0.313840	127.00
0.313860	129.00
0.313880	132.00
0.313900	133.00
0.313920	131.00
0.313940	127.00
0.313960	124.00
0.313980	123.00
0.314000	125.00
0.314020	126.00
0.314040	127.00
0.314060	126.00
0.314080	124.00
0.314100	124.00
0.314120	124.00
0.314140	126.00
0.314160	128.00
0.314180	129.00
0.314200	129.00
0.314220	128.00
0.314240	127.00
0.314260	127.00
0.314280	129.00
0.314300	130.00
0.314320	129.00
0.314340	127.00
0.314360	125.00
0.314380	124.00
0.314400	124.00
0.314420	125.00
0.314440	125.00
0.314460	126.00
0.314480	126.00
0.314500	127.00
0.314520	127.00
0.314540	126.00
0.314560	124.00
0.314580	124.00
0.314600	124.00
0.314620	123.00
0.314640	119.00
0.314660	115.00
0.314680	112.00
0.314700	112.00
0.314720	115.00
0.314740	118.00
0.314760	121.00
0.314780	122.00
0.314800	124.00
0.314820	127.00
0.314840	129.00
0.314860	130.00
0.314880	128.00
0.314900	126.00
0.314920	125.00
0.314940	125.00
0.314960	127.00
0.314980	129.00
0.315000	129.00
0.315020	128.00
0.315040	127.00
0.315060	126.00
0.315080	127.00
0.315100	130.00
0.315120	133.00
0.315140	134.00
0.315160	132.00
0.315180	128.00
0.315200	125.00
0.315220	125.00
0.315240	127.00
0.315260	129.00
0.315280	130.00
0.315300	128.00
0.315320	125.00
0.315340	122.00
0.315360	122.00
0.315380	123.00
0.315400	124.00
0.315420	125.00
0.315440	126.00
0.315460	126.00
0.315480	126.00
0.315500	126.00
0.315520	126.00
0.315540	125.00
0.315560	123.00
0.315580	121.00
0.315600	120.00
0.315620	121.00
0.315640	122.00
0.315660	123.00
0.315680	122.00
0.315700	121.00
0.315720	120.00
0.315740	121.00
0.315760	123.00
0.315780	126.00
0.315800	128.00
0.315820	129.00
0.315840	127.00
0.315860	126.00
0.315880	125.00
0.315900	125.00
0.315920	126.00
0.315940	127.00
0.315960	128.00
0.315980	128.00
0.316000	129.00
0.316020	130.00
0.316040	131.00
0.316060	130.00
0.316080	128.00
0.316100	128.00
0.316120	129.00
0.316140	131.00
0.316160	133.00
0.316180	133.00
0.316200	130.00
0.316220	126.00
0.316240	124.00
0.316260	124.00
0.316280	125.00
0.316300	126.00
0.316320	126.00
0.316340	126.00
0.316360	126.00
0.316380	127.00
0.316400	127.00
0.316420	126.00
0.316440	124.00
0.316460	123.00
0.316480	123.00
0.316500	123.00
0.316520	122.00
0.316540	119.00
0.316560	118.00
0.316580	119.00
0.316600	122.00
0.316620	126.00
0.316640	128.00
0.316660	128.00
0.316680	126.00
0.316700	125.00
0.316720	127.00
0.316740	130.00
0.316760	132.00
0.316780	131.00
0.316800	128.00
0.316820	127.00
0.316840	128.00
0.316860	129.00
0.316880	129.00
0.316900	126.00
0.316920	123.00
0.316940	122.00
0.316960	123.00
0.316980	126.00
0.317000	127.00
0.317020	127.00
0.317040	126.00
0.317060	127.00
0.317080	129.00
0.317100	131.00
0.317120	131.00
0.317140	131.00
0.317160	129.00
0.317180	128.00
0.317200	127.00
0.317220	126.00
0.317240	125.00
0.317260	125.00
0.317280	124.00
0.317300	123.00
0.317320	122.00
0.317340	122.00
0.317360	124.00
0.317380	125.00
0.317400	126.00
0.317420	125.00
0.317440	123.00
0.317460	123.00
0.317480	123.00
0.317500	125.00
0.317520	126.00
0.317540	125.00
0.317560	123.00
0.317580	120.00
0.317600	118.00
0.317620	118.00
0.317640	119.00
0.317660	121.00
0.317680	124.00
0.317700	126.00
0.317720	128.00
0.317740	129.00
0.317760	129.00
0.317780	129.00
0.317800	129.00
0.317820	127.00
0.317840	126.00
0.317860	126.00
0.317880	127.00
0.317900	129.00
0.317920	129.00
0.317940	128.00
0.317960	126.00
0.317980	126.00
0.318000	128.00
0.318020	131.00
0.318040	131.00
0.318060	128.00
0.318080	124.00
0.318100	123.00
0.318120	124.00
0.318140	126.00
0.318160	126.00
0.318180	124.00
0.318200	122.00
0.318220	122.00
0.318240	126.00
0.318260	129.00
0.318280	130.00
0.318300	128.00
0.318320	126.00
0.318340	125.00
0.318360	124.00
0.318380	122.00
0.318400	119.00
0.318420	118.00
0.318440	118.00
0.318460	120.00
0.318480	121.00
0.318500	120.00
0.318520	118.00
0.318540	118.00
0.318560	121.00
0.318580	124.00
0.318600	125.00
0.318620	124.00
0.318640	125.00
0.318660	128.00
0.318680	133.00
0.318700	135.00
0.318720	133.00
0.318740	129.00
0.318760	126.00
0.318780	125.00
0.318800	126.00
0.318820	127.00
0.318840	126.00
0.318860	126.00
0.318880	127.00
0.318900	128.00
0.318920	129.00
0.318940	129.00
0.318960	128.00
0.318980	127.00
0.319000	126.00
0.319020	126.00
0.319040	126.00
0.319060	127.00
0.319080	127.00
0.319100	125.00
0.319120	124.00
0.319140	125.00
0.319160	127.00
0.319180	129.00
0.319200	129.00
0.319220	128.00
0.319240	125.00
0.319260	123.00
0.319280	123.00
0.319300	122.00
0.319320	122.00
0.319340	121.00
0.319360	121.00
0.319380	123.00
