0.279400	102.00
0.279420	52.00
0.279440	106.00
0.279460	148.00
0.279480	153.00
0.279500	134.00
0.279520	119.00
0.279540	121.00
0.279560	132.00
0.279580	135.00
0.279600	129.00
0.279620	123.00
0.279640	126.00
0.279660	132.00
0.279680	133.00
0.279700	126.00
0.279720	120.00
0.279740	119.00
0.279760	121.00
0.279780	119.00
0.279800	113.00
0.279820	110.00
0.279840	112.00
0.279860	117.00
0.279880	119.00
0.279900	118.00
0.279920	116.00
0.279940	119.00
0.279960	123.00
0.279980	125.00
0.280000	124.00
0.280020	124.00
0.280040	125.00
0.280060	126.00
0.280080	125.00
0.280100	123.00
0.280120	123.00
0.280140	126.00
0.280160	129.00
0.280180	127.00
0.280200	122.00
0.280220	120.00
0.280240	121.00
0.280260	124.00
0.280280	125.00
0.280300	122.00
0.280320	120.00
0.280340	122.00
0.280360	127.00
0.280380	129.00
0.280400	130.00
0.280420	130.00
0.280440	133.00
0.280460	135.00
0.280480	134.00
0.280500	128.00
0.280520	123.00
0.280540	122.00
0.280560	126.00
0.280580	128.00
0.280600	127.00
0.280620	126.00
0.280640	126.00
0.280660	129.00
0.280680	130.00
0.280700	127.00
0.280720	124.00
0.280740	122.00
0.280760	124.00
0.280780	125.00
0.280800	125.00
0.280820	123.00
0.280840	123.00
0.280860	124.00
0.280880	123.00
0.280900	121.00
0.280920	120.00
0.280940	122.00
0.280960	125.00
0.280980	128.00
0.281000	127.00
0.281020	125.00
0.281040	124.00
0.281060	127.00
0.281080	129.00
0.281100	129.00
0.281120	128.00
0.281140	127.00
0.281160	128.00
0.281180	130.00
0.281200	131.00
0.281220	131.00
0.281240	130.00
0.281260	131.00
0.281280	132.00
0.281300	130.00
0.281320	127.00
0.281340	125.00
0.281360	124.00
0.281380	124.00
0.281400	125.00
0.281420	124.00
0.281440	125.00
0.281460	126.00
0.281480	127.00
0.281500	126.00
0.281520	124.00
0.281540	121.00
0.281560	120.00
0.281580	121.00
0.281600	123.00
0.281620	124.00
0.281640	125.00
0.281660	125.00
0.281680	125.00
0.281700	125.00
0.281720	125.00
0.281740	125.00
0.281760	124.00
0.281780	123.00
0.281800	122.00
0.281820	121.00
0.281840	122.00
0.281860	123.00
0.281880	124.00
0.281900	124.00
0.281920	124.00
0.281940	124.00
0.281960	125.00
0.281980	125.00
0.282000	124.00
0.282020	125.00
0.282040	126.00
0.282060	127.00
0.282080	127.00
0.282100	125.00
0.282120	124.00
0.282140	123.00
0.282160	124.00
0.282180	126.00
0.282200	128.00
0.282220	128.00
0.282240	129.00
0.282260	129.00
0.282280	129.00
0.282300	129.00
0.282320	129.00
0.282340	130.00
0.282360	131.00
0.282380	131.00
0.282400	130.00
0.282420	129.00
0.282440	127.00
0.282460	126.00
0.282480	125.00
0.282500	126.00
0.282520	128.00
0.282540	131.00
0.282560	133.00
0.282580	133.00
0.282600	131.00
0.282620	128.00
0.282640	126.00
0.282660	125.00
0.282680	125.00
0.282700	125.00
0.282720	124.00
0.282740	123.00
0.282760	122.00
0.282780	121.00
0.282800	120.00
0.282820	120.00
0.282840	119.00
0.282860	119.00
0.282880	119.00
0.282900	120.00
0.282920	122.00
0.282940	123.00
0.282960	125.00
0.282980	126.00
0.283000	128.00
0.283020	129.00
0.283040	130.00
0.283060	130.00
0.283080	127.00
0.283100	125.00
0.283120	124.00
0.283140	125.00
0.283160	127.00
0.283180	127.00
0.283200	127.00
0.283220	127.00
0.283240	127.00
0.283260	128.00
0.283280	129.00
0.283300	130.00
0.283320	131.00
0.283340	131.00
0.283360	130.00
0.283380	128.00
0.283400	127.00
0.283420	127.00
0.283440	128.00
0.283460	128.00
0.283480	127.00
0.283500	125.00
0.283520	124.00
0.283540	125.00
0.283560	127.00
0.283580	127.00
0.283600	126.00
0.283620	125.00
0.283640	126.00
0.283660	126.00
0.283680	125.00
0.283700	121.00
0.283720	117.00
0.283740	116.00
0.283760	118.00
0.283780	120.00
0.283800	122.00
0.283820	122.00
0.283840	122.00
0.283860	123.00
0.283880	124.00
0.283900	125.00
0.283920	125.00
0.283940	125.00
0.283960	126.00
0.283980	127.00
0.284000	127.00
0.284020	126.00
0.284040	125.00
0.284060	125.00
0.284080	125.00
0.284100	124.00
0.284120	123.00
0.284140	121.00
0.284160	122.00
0.284180	125.00
0.284200	128.00
0.284220	131.00
0.284240	130.00
0.284260	128.00
0.284280	127.00
0.284300	127.00
0.284320	129.00
0.284340	129.00
0.284360	128.00
0.284380	127.00
0.284400	127.00
0.284420	129.00
0.284440	131.00
0.284460	131.00
0.284480	128.00
0.284500	124.00
0.284520	121.00
0.284540	121.00
0.284560	122.00
0.284580	123.00
0.284600	122.00
0.284620	119.00
0.284640	115.00
0.284660	114.00
0.284680	114.00
0.284700	117.00
0.284720	120.00
0.284740	121.00
0.284760	121.00
0.284780	120.00
0.284800	121.00
0.284820	122.00
0.284840	123.00
0.284860	122.00
0.284880	122.00
0.284900	122.00
0.284920	125.00
0.284940	129.00
0.284960	131.00
0.284980	131.00
0.285000	129.00
0.285020	128.00
0.285040	128.00
0.285060	127.00
0.285080	126.00
0.285100	125.00
0.285120	126.00
0.285140	128.00
0.285160	129.00
0.285180	130.00
0.285200	130.00
0.285220	131.00
0.285240	133.00
0.285260	134.00
0.285280	135.00
0.285300	133.00
0.285320	131.00
0.285340	129.00
0.285360	128.00
0.285380	127.00
0.285400	126.00
0.285420	125.00
0.285440	126.00
0.285460	127.00
0.285480	128.00
0.285500	127.00
0.285520	127.00
0.285540	127.00
0.285560	127.00
0.285580	127.00
0.285600	125.00
0.285620	121.00
0.285640	118.00
0.285660	116.00
0.285680	115.00
0.285700	117.00
0.285720	120.00
0.285740	122.00
0.285760	123.00
0.285780	121.00
0.285800	118.00
0.285820	116.00
0.285840	117.00
0.285860	122.00
0.285880	128.00
0.285900	133.00
0.285920	134.00
0.285940	133.00
0.285960	131.00
0.285980	130.00
0.286000	129.00
0.286020	129.00
0.286040	128.00
0.286060	126.00
0.286080	126.00
0.286100	127.00
0.286120	128.00
0.286140	129.00
0.286160	130.00
0.286180	130.00
0.286200	130.00
0.286220	131.00
0.286240	131.00
0.286260	130.00
0.286280	129.00
0.286300	130.00
0.286320	131.00
0.286340	131.00
0.286360	130.00
0.286380	128.00
0.286400	126.00
0.286420	124.00
0.286440	124.00
0.286460	122.00
0.286480	120.00
0.286500	120.00
0.286520	121.00
0.286540	124.00
0.286560	126.00
0.286580	127.00
0.286600	127.00
0.286620	128.00
0.286640	130.00
0.286660	129.00
0.286680	124.00
0.286700	119.00
0.286720	117.00
0.286740	120.00
0.286760	125.00
0.286780	127.00
0.286800	125.00
0.286820	121.00
0.286840	120.00
0.286860	124.00
0.286880	128.00
0.286900	130.00
0.286920	129.00
0.286940	127.00
0.286960	125.00
0.286980	125.00
0.287000	126.00
0.287020	127.00
0.287040	127.00
0.287060	126.00
0.287080	124.00
0.287100	122.00
0.287120	121.00
0.287140	122.00
0.287160	126.00
0.287180	129.00
0.287200	129.00
0.287220	127.00
0.287240	125.00
0.287260	126.00
0.287280	128.00
0.287300	130.00
0.287320	129.00
0.287340	127.00
0.287360	126.00
0.287380	126.00
0.287400	126.00
0.287420	126.00
0.287440	126.00
0.287460	125.00
0.287480	125.00
0.287500	124.00
0.287520	123.00
0.287540	122.00
0.287560	123.00
0.287580	125.00
0.287600	126.00
0.287620	126.00
0.287640	125.00
0.287660	122.00
0.287680	121.00
0.287700	121.00
0.287720	121.00
0.287740	121.00
0.287760	121.00
0.287780	123.00
0.287800	126.00
0.287820	128.00
0.287840	130.00
0.287860	129.00
0.287880	127.00
0.287900	126.00
0.287920	125.00
0.287940	124.00
0.287960	124.00
0.287980	125.00
0.288000	126.00
0.288020	127.00
0.288040	128.00
0.288060	128.00
0.288080	128.00
0.288100	128.00
0.288120	128.00
0.288140	127.00
0.288160	126.00
0.288180	127.00
0.288200	128.00
0.288220	130.00
0.288240	130.00
0.288260	128.00
0.288280	125.00
0.288300	124.00
0.288320	125.00
0.288340	127.00
0.288360	127.00
0.288380	125.00
0.288400	123.00
0.288420	123.00
0.288440	126.00
0.288460	128.00
0.288480	129.00
0.288500	127.00
0.288520	123.00
0.288540	119.00
0.288560	115.00
0.288580	115.00
0.288600	116.00
0.288620	119.00
0.288640	121.00
0.288660	121.00
0.288680	119.00
0.288700	119.00
0.288720	122.00
0.288740	126.00
0.288760	129.00
0.288780	129.00
0.288800	128.00
0.288820	128.00
0.288840	131.00
0.288860	133.00
0.288880	133.00
0.288900	131.00
0.288920	129.00
0.288940	128.00
0.288960	126.00
0.288980	124.00
0.289000	122.00
0.289020	122.00
0.289040	126.00
0.289060	131.00
0.289080	134.00
0.289100	133.00
0.289120	130.00
0.289140	128.00
0.289160	128.00
0.289180	129.00
0.289200	128.00
0.289220	126.00
0.289240	124.00
0.289260	123.00
0.289280	123.00
0.289300	124.00
0.289320	124.00
0.289340	123.00
0.289360	122.00
0.289380	121.00
0.289400	123.00
0.289420	125.00
0.289440	127.00
0.289460	126.00
0.289480	124.00
0.289500	122.00
0.289520	122.00
0.289540	123.00
0.289560	123.00
0.289580	122.00
0.289600	120.00
0.289620	119.00
0.289640	121.00
0.289660	124.00
0.289680	127.00
0.289700	127.00
0.289720	126.00
0.289740	126.00
0.289760	127.00
0.289780	130.00
0.289800	131.00
0.289820	130.00
0.289840	127.00
0.289860	126.00
0.289880	126.00
0.289900	128.00
0.289920	130.00
0.289940	131.00
0.289960	129.00
0.289980	127.00
0.290000	126.00
0.290020	127.00
0.290040	128.00
0.290060	129.00
0.290080	128.00
0.290100	128.00
0.290120	129.00
0.290140	130.00
0.290160	130.00
0.290180	128.00
0.290200	125.00
0.290220	125.00
0.290240	127.00
0.290260	130.00
0.290280	132.00
0.290300	131.00
0.290320	129.00
0.290340	128.00
0.290360	128.00
0.290380	126.00
0.290400	124.00
0.290420	121.00
0.290440	121.00
0.290460	123.00
0.290480	123.00
0.290500	121.00
0.290520	118.00
0.290540	116.00
0.290560	117.00
0.290580	119.00
0.290600	120.00
0.290620	120.00
0.290640	120.00
0.290660	121.00
0.290680	124.00
0.290700	126.00
0.290720	128.00
0.290740	128.00
0.290760	126.00
0.290780	125.00
0.290800	123.00
0.290820	123.00
0.290840	124.00
0.290860	127.00
0.290880	129.00
0.290900	128.00
0.290920	126.00
0.290940	125.00
0.290960	126.00
0.290980	129.00
0.291000	133.00
0.291020	135.00
0.291040	135.00
0.291060	133.00
0.291080	130.00
0.291100	128.00
0.291120	127.00
0.291140	127.00
0.291160	127.00
0.291180	126.00
0.291200	125.00
0.291220	123.00
0.291240	123.00
0.291260	125.00
0.291280	126.00
0.291300	126.00
0.291320	125.00
0.291340	124.00
0.291360	124.00
0.291380	125.00
0.291400	126.00
0.291420	125.00
0.291440	124.00
0.291460	123.00
0.291480	123.00
0.291500	124.00
0.291520	124.00
0.291540	123.00
0.291560	121.00
0.291580	119.00
0.291600	119.00
0.291620	119.00
0.291640	120.00
0.291660	123.00
0.291680	125.00
0.291700	128.00
0.291720	131.00
0.291740	131.00
0.291760	129.00
0.291780	126.00
0.291800	123.00
0.291820	122.00
0.291840	122.00
0.291860	124.00
0.291880	126.00
0.291900	127.00
0.291920	127.00
0.291940	128.00
0.291960	130.00
0.291980	133.00
0.292000	134.00
0.292020	133.00
0.292040	130.00
0.292060	126.00
0.292080	126.00
0.292100	128.00
0.292120	131.00
0.292140	132.00
0.292160	130.00
0.292180	126.00
0.292200	124.00
0.292220	124.00
0.292240	126.00
0.292260	127.00
0.292280	126.00
0.292300	125.00
0.292320	124.00
0.292340	124.00
0.292360	124.00
0.292380	123.00
0.292400	122.00
0.292420	123.00
0.292440	125.00
0.292460	126.00
0.292480	124.00
0.292500	122.00
0.292520	120.00
0.292540	121.00
0.292560	123.00
0.292580	125.00
0.292600	126.00
0.292620	126.00
0.292640	128.00
0.292660	129.00
0.292680	129.00
0.292700	127.00
0.292720	123.00
0.292740	121.00
0.292760	122.00
0.292780	124.00
0.292800	125.00
0.292820	126.00
0.292840	126.00
0.292860	128.00
0.292880	129.00
0.292900	130.00
0.292920	130.00
0.292940	130.00
0.292960	130.00
0.292980	130.00
0.293000	129.00
0.293020	129.00
0.293040	128.00
0.293060	128.00
0.293080	129.00
0.293100	128.00
0.293120	128.00
0.293140	128.00
0.293160	129.00
0.293180	130.00
0.293200	129.00
0.293220	127.00
0.293240	126.00
0.293260	126.00
0.293280	127.00
0.293300	128.00
0.293320	127.00
0.293340	124.00
0.293360	123.00
0.293380	124.00
0.293400	125.00
0.293420	124.00
0.293440	121.00
0.293460	119.00
0.293480	118.00
0.293500	121.00
0.293520	125.00
0.293540	127.00
0.293560	127.00
0.293580	126.00
0.293600	124.00
0.293620	124.00
0.293640	124.00
0.293660	124.00
0.293680	123.00
0.293700	121.00
0.293720	120.00
0.293740	121.00
0.293760	121.00
0.293780	122.00
0.293800	122.00
0.293820	123.00
0.293840	125.00
0.293860	128.00
0.293880	129.00
0.293900	129.00
0.293920	129.00
0.293940	130.00
0.293960	132.00
0.293980	133.00
0.294000	131.00
0.294020	127.00
0.294040	124.00
0.294060	124.00
0.294080	127.00
0.294100	130.00
0.294120	130.00
0.294140	129.00
0.294160	127.00
0.294180	126.00
0.294200	125.00
0.294220	125.00
0.294240	125.00
0.294260	124.00
0.294280	123.00
0.294300	121.00
0.294320	120.00
0.294340	120.00
0.294360	120.00
0.294380	119.00
0.294400	116.00
0.294420	115.00
0.294440	116.00
0.294460	119.00
0.294480	123.00
0.294500	125.00
0.294520	124.00
0.294540	123.00
0.294560	124.00
0.294580	128.00
0.294600	131.00
0.294620	130.00
0.294640	126.00
0.294660	122.00
0.294680	120.00
0.294700	122.00
0.294720	124.00
0.294740	125.00
0.294760	124.00
0.294780	124.00
0.294800	125.00
0.294820	126.00
0.294840	127.00
0.294860	127.00
0.294880	129.00
0.294900	131.00
0.294920	133.00
0.294940	133.00
0.294960	134.00
0.294980	134.00
0.295000	133.00
0.295020	131.00
0.295040	127.00
0.295060	124.00
0.295080	123.00
0.295100	125.00
0.295120	127.00
0.295140	128.00
0.295160	128.00
0.295180	127.00
0.295200	127.00
0.295220	127.00
0.295240	127.00
0.295260	124.00
0.295280	122.00
0.295300	122.00
0.295320	124.00
0.295340	126.00
0.295360	127.00
0.295380	124.00
0.295400	121.00
0.295420	119.00
0.295440	120.00
0.295460	121.00
0.295480	123.00
0.295500	123.00
0.295520	125.00
0.295540	128.00
0.295560	132.00
0.295580	135.00
0.295600	135.00
0.295620	132.00
0.295640	127.00
0.295660	123.00
0.295680	121.00
0.295700	123.00
0.295720	124.00
0.295740	125.00
0.295760	123.00
0.295780	122.00
0.295800	122.00
0.295820	125.00
0.295840	129.00
0.295860	132.00
0.295880	133.00
0.295900	132.00
0.295920	131.00
0.295940	132.00
0.295960	132.00
0.295980	131.00
0.296000	127.00
0.296020	122.00
0.296040	119.00
0.296060	119.00
0.296080	120.00
0.296100	120.00
0.296120	120.00
0.296140	119.00
0.296160	121.00
0.296180	123.00
0.296200	125.00
0.296220	126.00
0.296240	126.00
0.296260	125.00
0.296280	125.00
0.296300	125.00
0.296320	124.00
0.296340	123.00
0.296360	122.00
0.296380	122.00
0.296400	122.00
0.296420	121.00
0.296440	120.00
0.296460	121.00
0.296480	125.00
0.296500	132.00
0.296520	137.00
0.296540	137.00
0.296560	133.00
0.296580	128.00
0.296600	124.00
0.296620	123.00
0.296640	124.00
0.296660	125.00
0.296680	126.00
0.296700	126.00
0.296720	126.00
0.296740	126.00
0.296760	125.00
0.296780	126.00
0.296800	128.00
0.296820	131.00
0.296840	131.00
0.296860	130.00
0.296880	127.00
0.296900	126.00
0.296920	126.00
0.296940	128.00
0.296960	128.00
0.296980	127.00
0.297000	126.00
0.297020	126.00
0.297040	127.00
0.297060	128.00
0.297080	128.00
0.297100	126.00
0.297120	124.00
0.297140	122.00
0.297160	121.00
0.297180	122.00
0.297200	124.00
0.297220	126.00
0.297240	125.00
0.297260	123.00
0.297280	119.00
0.297300	116.00
0.297320	115.00
0.297340	116.00
0.297360	118.00
0.297380	120.00
0.297400	120.00
0.297420	120.00
0.297440	122.00
0.297460	126.00
0.297480	129.00
0.297500	130.00
0.297520	127.00
0.297540	122.00
0.297560	119.00
0.297580	120.00
0.297600	124.00
0.297620	128.00
0.297640	128.00
0.297660	125.00
0.297680	123.00
0.297700	124.00
0.297720	127.00
0.297740	131.00
0.297760	133.00
0.297780	132.00
0.297800	129.00
0.297820	127.00
0.297840	126.00
0.297860	127.00
0.297880	127.00
0.297900	128.00
0.297920	128.00
0.297940	127.00
0.297960	124.00
0.297980	122.00
0.298000	120.00
0.298020	122.00
0.298040	124.00
0.298060	126.00
0.298080	125.00
0.298100	124.00
0.298120	123.00
0.298140	124.00
0.298160	125.00
0.298180	127.00
0.298200	126.00
0.298220	125.00
0.298240	124.00
0.298260	123.00
0.298280	124.00
0.298300	125.00
0.298320	126.00
0.298340	126.00
0.298360	126.00
0.298380	126.00
0.298400	126.00
0.298420	126.00
0.298440	127.00
0.298460	128.00
0.298480	130.00
0.298500	129.00
0.298520	128.00
0.298540	125.00
0.298560	124.00
0.298580	123.00
0.298600	125.00
0.298620	126.00
0.298640	128.00
0.298660	128.00
0.298680	129.00
0.298700	130.00
0.298720	131.00
0.298740	131.00
0.298760	130.00
0.298780	129.00
0.298800	129.00
0.298820	130.00
0.298840	130.00
0.298860	129.00
0.298880	126.00
0.298900	124.00
0.298920	124.00
0.298940	126.00
0.298960	128.00
0.298980	129.00
0.299000	126.00
0.299020	123.00
0.299040	121.00
0.299060	122.00
0.299080	124.00
0.299100	125.00
0.299120	123.00
0.299140	121.00
0.299160	120.00
0.299180	121.00
0.299200	121.00
0.299220	121.00
0.299240	122.00
0.299260	123.00
0.299280	124.00
0.299300	124.00
0.299320	123.00
0.299340	121.00
0.299360	120.00
0.299380	121.00
0.299400	124.00
0.299420	127.00
0.299440	129.00
0.299460	129.00
0.299480	128.00
0.299500	127.00
0.299520	126.00
0.299540	124.00
0.299560	122.00
0.299580	122.00
0.299600	124.00
0.299620	127.00
0.299640	130.00
0.299660	131.00
0.299680	131.00
0.299700	131.00
0.299720	131.00
0.299740	130.00
0.299760	128.00
0.299780	126.00
0.299800	125.00
0.299820	125.00
0.299840	127.00
0.299860	129.00
0.299880	129.00
0.299900	128.00
0.299920	126.00
0.299940	124.00
0.299960	123.00
0.299980	124.00
0.300000	125.00
0.300020	124.00
0.300040	123.00
0.300060	120.00
0.300080	118.00
0.300100	118.00
0.300120	120.00
0.300140	122.00
0.300160	122.00
0.300180	121.00
0.300200	120.00
0.300220	123.00
0.300240	126.00
0.300260	129.00
0.300280	130.00
0.300300	130.00
0.300320	129.00
0.300340	129.00
0.300360	130.00
0.300380	130.00
0.300400	130.00
0.300420	130.00
0.300440	129.00
0.300460	129.00
0.300480	127.00
0.300500	126.00
0.300520	126.00
0.300540	127.00
0.300560	129.00
0.300580	130.00
0.300600	130.00
0.300620	131.00
0.300640	132.00
0.300660	132.00
0.300680	132.00
0.300700	130.00
0.300720	130.00
0.300740	130.00
0.300760	131.00
0.300780	130.00
0.300800	126.00
0.300820	123.00
0.300840	121.00
0.300860	121.00
0.300880	122.00
0.300900	122.00
0.300920	121.00
0.300940	120.00
0.300960	120.00
0.300980	122.00
0.301000	124.00
0.301020	126.00
0.301040	126.00
0.301060	124.00
0.301080	121.00
0.301100	119.00
0.301120	120.00
0.301140	123.00
0.301160	125.00
0.301180	124.00
0.301200	122.00
0.301220	119.00
0.301240	119.00
0.301260	122.00
0.301280	125.00
0.301300	128.00
0.301320	129.00
0.301340	128.00
0.301360	126.00
0.301380	124.00
0.301400	124.00
0.301420	125.00
0.301440	127.00
0.301460	128.00
0.301480	128.00
0.301500	127.00
0.301520	127.00
0.301540	128.00
0.301560	129.00
0.301580	129.00
0.301600	129.00
0.301620	129.00
0.301640	130.00
0.301660	130.00
0.301680	129.00
0.301700	126.00
0.301720	124.00
0.301740	124.00
0.301760	126.00
0.301780	128.00
0.301800	127.00
0.301820	124.00
0.301840	120.00
0.301860	119.00
0.301880	121.00
0.301900	123.00
0.301920	125.00
0.301940	125.00
0.301960	125.00
0.301980	126.00
0.302000	125.00
0.302020	124.00
0.302040	123.00
0.302060	122.00
0.302080	122.00
0.302100	122.00
0.302120	121.00
0.302140	120.00
0.302160	118.00
0.302180	117.00
0.302200	117.00
0.302220	117.00
0.302240	117.00
0.302260	119.00
0.302280	122.00
0.302300	126.00
0.302320	130.00
0.302340	134.00
0.302360	137.00
0.302380	139.00
0.302400	139.00
0.302420	138.00
0.302440	134.00
0.302460	128.00
0.302480	122.00
0.302500	120.00
0.302520	121.00
0.302540	125.00
0.302560	129.00
0.302580	130.00
0.302600	128.00
0.302620	127.00
0.302640	127.00
0.302660	128.00
0.302680	129.00
0.302700	129.00
0.302720	130.00
0.302740	132.00
0.302760	133.00
0.302780	132.00
0.302800	130.00
0.302820	127.00
0.302840	126.00
0.302860	126.00
0.302880	126.00
0.302900	123.00
0.302920	119.00
0.302940	118.00
0.302960	119.00
0.302980	122.00
0.303000	124.00
0.303020	124.00
0.303040	122.00
0.303060	120.00
0.303080	120.00
0.303100	121.00
0.303120	121.00
0.303140	121.00
0.303160	121.00
0.303180	120.00
0.303200	121.00
0.303220	123.00
0.303240	127.00
0.303260	129.00
0.303280	129.00
0.303300	127.00
0.303320	125.00
0.303340	124.00
0.303360	125.00
0.303380	125.00
0.303400	124.00
0.303420	123.00
0.303440	123.00
0.303460	126.00
0.303480	129.00
0.303500	130.00
0.303520	129.00
0.303540	127.00
0.303560	128.00
0.303580	131.00
0.303600	133.00
0.303620	133.00
0.303640	132.00
0.303660	131.00
0.303680	130.00
0.303700	129.00
0.303720	126.00
0.303740	122.00
0.303760	121.00
0.303780	122.00
0.303800	125.00
0.303820	128.00
0.303840	130.00
0.303860	130.00
0.303880	127.00
0.303900	124.00
0.303920	120.00
0.303940	118.00
0.303960	120.00
0.303980	124.00
0.304000	126.00
0.304020	126.00
0.304040	124.00
0.304060	123.00
0.304080	123.00
0.304100	125.00
0.304120	125.00
0.304140	125.00
0.304160	125.00
0.304180	126.00
0.304200	126.00
0.304220	125.00
0.304240	122.00
0.304260	120.00
0.304280	121.00
0.304300	124.00
0.304320	128.00
0.304340	129.00
0.304360	128.00
0.304380	128.00
0.304400	127.00
0.304420	128.00
0.304440	128.00
0.304460	128.00
0.304480	128.00
0.304500	128.00
0.304520	128.00
0.304540	128.00
0.304560	128.00
0.304580	128.00
0.304600	128.00
0.304620	128.00
0.304640	127.00
0.304660	126.00
0.304680	126.00
0.304700	126.00
0.304720	125.00
0.304740	124.00
0.304760	124.00
0.304780	124.00
0.304800	123.00
0.304820	122.00
0.304840	119.00
0.304860	119.00
0.304880	121.00
0.304900	124.00
0.304920	125.00
0.304940	122.00
0.304960	118.00
0.304980	117.00
0.305000	119.00
0.305020	122.00
0.305040	123.00
0.305060	122.00
0.305080	120.00
0.305100	120.00
0.305120	122.00
0.305140	124.00
0.305160	125.00
0.305180	126.00
0.305200	128.00
0.305220	130.00
0.305240	132.00
0.305260	131.00
0.305280	129.00
0.305300	127.00
0.305320	127.00
0.305340	127.00
0.305360	127.00
0.305380	127.00
0.305400	128.00
0.305420	129.00
0.305440	130.00
0.305460	130.00
0.305480	129.00
0.305500	128.00
0.305520	127.00
0.305540	128.00
0.305560	128.00
0.305580	127.00
0.305600	126.00
0.305620	124.00
0.305640	124.00
0.305660	124.00
0.305680	126.00
0.305700	127.00
0.305720	128.00
0.305740	128.00
0.305760	126.00
0.305780	123.00
0.305800	121.00
0.305820	121.00
0.305840	123.00
0.305860	124.00
0.305880	124.00
0.305900	123.00
0.305920	122.00
0.305940	121.00
0.305960	122.00
0.305980	123.00
0.306000	122.00
0.306020	121.00
0.306040	120.00
0.306060	120.00
0.306080	121.00
0.306100	123.00
0.306120	125.00
0.306140	128.00
0.306160	131.00
0.306180	131.00
0.306200	129.00
0.306220	127.00
0.306240	126.00
0.306260	128.00
0.306280	131.00
0.306300	131.00
0.306320	130.00
0.306340	128.00
0.306360	127.00
0.306380	128.00
0.306400	127.00
0.306420	125.00
0.306440	124.00
0.306460	125.00
0.306480	129.00
0.306500	131.00
0.306520	131.00
0.306540	129.00
0.306560	127.00
0.306580	128.00
0.306600	129.00
0.306620	129.00
0.306640	126.00
0.306660	122.00
0.306680	121.00
0.306700	122.00
0.306720	124.00
0.306740	126.00
0.306760	126.00
0.306780	127.00
0.306800	126.00
0.306820	124.00
0.306840	122.00
0.306860	122.00
0.306880	123.00
0.306900	125.00
0.306920	126.00
0.306940	123.00
0.306960	119.00
0.306980	116.00
0.307000	116.00
0.307020	119.00
0.307040	122.00
0.307060	123.00
0.307080	124.00
0.307100	126.00
0.307120	128.00
0.307140	129.00
0.307160	128.00
0.307180	126.00
0.307200	124.00
0.307220	124.00
0.307240	124.00
0.307260	126.00
0.307280	127.00
0.307300	127.00
0.307320	128.00
0.307340	128.00
0.307360	129.00
0.307380	131.00
0.307400	132.00
0.307420	131.00
0.307440	129.00
0.307460	127.00
0.307480	125.00
0.307500	126.00
0.307520	127.00
0.307540	130.00
0.307560	130.00
0.307580	130.00
0.307600	128.00
0.307620	126.00
0.307640	125.00
0.307660	126.00
0.307680	127.00
0.307700	127.00
0.307720	126.00
0.307740	123.00
0.307760	122.00
0.307780	123.00
0.307800	126.00
0.307820	128.00
0.307840	127.00
0.307860	122.00
0.307880	117.00
0.307900	115.00
0.307920	117.00
0.307940	121.00
0.307960	122.00
0.307980	122.00
0.308000	121.00
0.308020	122.00
0.308040	125.00
0.308060	129.00
0.308080	130.00
0.308100	130.00
0.308120	128.00
0.308140	126.00
0.308160	125.00
0.308180	125.00
0.308200	125.00
0.308220	126.00
0.308240	127.00
0.308260	127.00
0.308280	127.00
0.308300	128.00
0.308320	129.00
0.308340	130.00
0.308360	131.00
0.308380	131.00
0.308400	131.00
0.308420	129.00
0.308440	127.00
0.308460	125.00
0.308480	123.00
0.308500	124.00
0.308520	127.00
0.308540	130.00
0.308560	132.00
0.308580	130.00
0.308600	126.00
0.308620	122.00
0.308640	121.00
0.308660	123.00
0.308680	126.00
0.308700	127.00
0.308720	125.00
0.308740	122.00
0.308760	119.00
0.308780	118.00
0.308800	119.00
0.308820	121.00
0.308840	122.00
0.308860	123.00
0.308880	123.00
0.308900	122.00
0.308920	120.00
0.308940	117.00
0.308960	116.00
0.308980	117.00
0.309000	121.00
0.309020	125.00
0.309040	129.00
0.309060	129.00
0.309080	126.00
0.309100	123.00
0.309120	122.00
0.309140	122.00
0.309160	123.00
0.309180	125.00
0.309200	125.00
0.309220	125.00
0.309240	126.00
0.309260	128.00
0.309280	130.00
0.309300	133.00
0.309320	134.00
0.309340	134.00
0.309360	133.00
0.309380	133.00
0.309400	134.00
0.309420	133.00
0.309440	132.00
0.309460	128.00
0.309480	125.00
0.309500	124.00
0.309520	125.00
0.309540	127.00
0.309560	128.00
0.309580	128.00
0.309600	126.00
0.309620	124.00
0.309640	123.00
0.309660	122.00
0.309680	120.00
0.309700	119.00
0.309720	119.00
0.309740	120.00
0.309760	122.00
0.309780	125.00
0.309800	125.00
0.309820	124.00
0.309840	122.00
0.309860	121.00
0.309880	122.00
0.309900	124.00
0.309920	124.00
0.309940	123.00
0.309960	122.00
0.309980	123.00
0.310000	125.00
0.310020	128.00
0.310040	128.00
0.310060	125.00
0.310080	122.00
0.310100	121.00
0.310120	124.00
0.310140	128.00
0.310160	129.00
0.310180	129.00
0.310200	128.00
0.310220	127.00
0.310240	128.00
0.310260	128.00
0.310280	129.00
0.310300	129.00
0.310320	131.00
0.310340	132.00
0.310360	132.00
0.310380	130.00
0.310400	127.00
0.310420	126.00
0.310440	127.00
0.310460	129.00
0.310480	129.00
0.310500	127.00
0.310520	124.00
0.310540	123.00
0.310560	124.00
0.310580	125.00
0.310600	125.00
0.310620	125.00
0.310640	124.00
0.310660	125.00
0.310680	126.00
0.310700	126.00
0.310720	125.00
0.310740	124.00
0.310760	125.00
0.310780	126.00
0.310800	126.00
0.310820	124.00
0.310840	121.00
0.310860	120.00
0.310880	122.00
0.310900	126.00
0.310920	129.00
0.310940	129.00
0.310960	129.00
0.310980	129.00
0.311000	130.00
0.311020	131.00
0.311040	131.00
0.311060	130.00
0.311080	128.00
0.311100	128.00
0.311120	126.00
0.311140	124.00
0.311160	122.00
0.311180	123.00
0.311200	126.00
0.311220	128.00
0.311240	128.00
0.311260	126.00
0.311280	125.00
0.311300	126.00
0.311320	130.00
0.311340	133.00
0.311360	132.00
0.311380	127.00
0.311400	124.00
0.311420	123.00
0.311440	125.00
0.311460	128.00
0.311480	129.00
0.311500	128.00
0.311520	127.00
0.311540	126.00
0.311560	125.00
0.311580	123.00
0.311600	122.00
0.311620	121.00
0.311640	120.00
0.311660	119.00
0.311680	118.00
0.311700	118.00
0.311720	121.00
0.311740	124.00
0.311760	125.00
0.311780	124.00
0.311800	123.00
0.311820	122.00
0.311840	123.00
0.311860	124.00
0.311880	125.00
0.311900	125.00
0.311920	126.00
0.311940	128.00
0.311960	130.00
0.311980	132.00
0.312000	132.00
0.312020	131.00
0.312040	130.00
0.312060	130.00
0.312080	130.00
0.312100	129.00
0.312120	127.00
0.312140	126.00
0.312160	126.00
0.312180	127.00
0.312200	128.00
0.312220	128.00
0.312240	127.00
0.312260	125.00
0.312280	125.00
0.312300	126.00
0.312320	127.00
0.312340	129.00
0.312360	131.00
0.312380	131.00
0.312400	131.00
0.312420	129.00
0.312440	126.00
0.312460	124.00
0.312480	123.00
0.312500	122.00
0.312520	122.00
0.312540	122.00
0.312560	121.00
0.312580	122.00
0.312600	123.00
0.312620	126.00
0.312640	128.00
0.312660	128.00
0.312680	126.00
0.312700	124.00
0.312720	123.00
0.312740	122.00
0.312760	121.00
0.312780	120.00
0.312800	119.00
0.312820	119.00
0.312840	120.00
0.312860	122.00
0.312880	125.00
0.312900	128.00
0.312920	130.00
0.312940	130.00
0.312960	128.00
0.312980	125.00
0.313000	124.00
0.313020	124.00
0.313040	126.00
0.313060	127.00
0.313080	128.00
0.313100	129.00
0.313120	129.00
0.313140	129.00
0.313160	128.00
0.313180	125.00
0.313200	123.00
0.313220	122.00
0.313240	123.00
0.313260	125.00
0.313280	126.00
0.313300	125.00
0.313320	124.00
0.313340	124.00
0.313360	125.00
0.313380	126.00
0.313400	124.00
0.313420	121.00
0.313440	120.00
0.313460	120.00
0.313480	122.00
0.313500	123.00
0.313520	124.00
0.313540	125.00
0.313560	126.00
0.313580	126.00
0.313600	125.00
0.313620	125.00
0.313640	125.00
0.313660	125.00
0.313680	125.00
0.313700	123.00
0.313720	121.00
0.313740	120.00
0.313760	122.00
0.313780	124.00
0.313800	126.00
0.313820	127.00
0.313840	128.00
0.313860	131.00
0.313880	135.00
0.313900	135.00
0.313920	131.00
0.313940	124.00
0.313960	120.00
0.313980	121.00
0.314000	124.00
0.314020	126.00
0.314040	125.00
0.314060	123.00
0.314080	121.00
0.314100	122.00
0.314120	124.00
0.314140	126.00
0.314160	127.00
0.314180	129.00
0.314200	132.00
0.314220	133.00
0.314240	133.00
0.314260	130.00
0.314280	127.00
0.314300	127.00
0.314320	127.00
0.314340	127.00
0.314360	126.00
0.314380	124.00
0.314400	123.00
0.314420	124.00
0.314440	126.00
0.314460	127.00
0.314480	128.00
0.314500	126.00
0.314520	125.00
0.314540	122.00
0.314560	120.00
0.314580	118.00
0.314600	117.00
0.314620	117.00
0.314640	118.00
0.314660	118.00
0.314680	120.00
0.314700	121.00
0.314720	124.00
0.314740	125.00
0.314760	126.00
0.314780	126.00
0.314800	126.00
0.314820	127.00
0.314840	128.00
0.314860	129.00
0.314880	130.00
0.314900	130.00
0.314920	129.00
0.314940	127.00
0.314960	123.00
0.314980	121.00
0.315000	121.00
0.315020	123.00
0.315040	126.00
0.315060	129.00
0.315080	130.00
0.315100	130.00
0.315120	130.00
0.315140	130.00
0.315160	128.00
0.315180	127.00
0.315200	126.00
0.315220	126.00
0.315240	128.00
0.315260	129.00
0.315280	128.00
0.315300	125.00
0.315320	123.00
0.315340	123.00
0.315360	125.00
0.315380	127.00
0.315400	126.00
0.315420	123.00
0.315440	121.00
0.315460	120.00
0.315480	121.00
0.315500	123.00
0.315520	124.00
0.315540	124.00
0.315560	124.00
0.315580	123.00
0.315600	122.00
0.315620	120.00
0.315640	118.00
0.315660	118.00
0.315680	120.00
0.315700	123.00
0.315720	125.00
0.315740	125.00
0.315760	125.00
0.315780	127.00
0.315800	131.00
0.315820	133.00
0.315840	133.00
0.315860	130.00
0.315880	128.00
0.315900	127.00
0.315920	128.00
0.315940	128.00
0.315960	127.00
0.315980	124.00
0.316000	125.00
0.316020	127.00
0.316040	131.00
0.316060	132.00
0.316080	132.00
0.316100	130.00
0.316120	128.00
0.316140	127.00
0.316160	127.00
0.316180	128.00
0.316200	130.00
0.316220	131.00
0.316240	130.00
0.316260	128.00
0.316280	126.00
0.316300	124.00
0.316320	124.00
0.316340	124.00
0.316360	124.00
0.316380	124.00
0.316400	123.00
0.316420	124.00
0.316440	124.00
0.316460	123.00
0.316480	123.00
0.316500	125.00
0.316520	126.00
0.316540	125.00
0.316560	122.00
0.316580	118.00
0.316600	119.00
0.316620	123.00
0.316640	128.00
0.316660	129.00
0.316680	125.00
0.316700	120.00
0.316720	119.00
0.316740	123.00
0.316760	129.00
0.316780	132.00
0.316800	131.00
0.316820	128.00
0.316840	126.00
0.316860	124.00
0.316880	124.00
0.316900	123.00
0.316920	122.00
0.316940	122.00
0.316960	123.00
0.316980	126.00
0.317000	128.00
0.317020	130.00
0.317040	130.00
0.317060	129.00
0.317080	129.00
0.317100	131.00
0.317120	132.00
0.317140	133.00
0.317160	131.00
0.317180	128.00
0.317200	124.00
0.317220	122.00
0.317240	122.00
0.317260	123.00
0.317280	123.00
0.317300	124.00
0.317320	125.00
0.317340	125.00
0.317360	126.00
0.317380	125.00
0.317400	124.00
0.317420	122.00
0.317440	122.00
0.317460	122.00
0.317480	122.00
0.317500	122.00
0.317520	122.00
0.317540	122.00
0.317560	121.00
0.317580	120.00
0.317600	120.00
0.317620	122.00
0.317640	124.00
0.317660	126.00
0.317680	127.00
0.317700	128.00
0.317720	129.00
0.317740	129.00
0.317760	129.00
0.317780	126.00
0.317800	124.00
0.317820	123.00
0.317840	125.00
0.317860	127.00
0.317880	129.00
0.317900	129.00
0.317920	128.00
0.317940	128.00
0.317960	129.00
0.317980	129.00
0.318000	129.00
0.318020	130.00
0.318040	131.00
0.318060	132.00
0.318080	132.00
0.318100	132.00
0.318120	131.00
0.318140	129.00
0.318160	127.00
0.318180	125.00
0.318200	124.00
0.318220	125.00
0.318240	127.00
0.318260	129.00
0.318280	128.00
0.318300	125.00
0.318320	122.00
0.318340	120.00
0.318360	120.00
0.318380	120.00
0.318400	120.00
0.318420	120.00
0.318440	121.00
0.318460	121.00
0.318480	121.00
0.318500	120.00
0.318520	118.00
0.318540	117.00
0.318560	118.00
0.318580	121.00
0.318600	124.00
0.318620	125.00
0.318640	125.00
0.318660	126.00
0.318680	127.00
0.318700	129.00
0.318720	130.00
0.318740	129.00
0.318760	128.00
0.318780	127.00
0.318800	126.00
0.318820	126.00
0.318840	126.00
0.318860	126.00
0.318880	126.00
0.318900	128.00
0.318920	131.00
0.318940	132.00
0.318960	132.00
0.318980	130.00
0.319000	129.00
0.319020	129.00
0.319040	129.00
0.319060	127.00
0.319080	125.00
0.319100	123.00
0.319120	124.00
0.319140	126.00
0.319160	128.00
0.319180	128.00
0.319200	126.00
0.319220	124.00
0.319240	123.00
0.319260	123.00
0.319280	123.00
0.319300	122.00
0.319320	121.00
0.319340	122.00
0.319360	124.00
0.319380	127.00
